last-generated=2013-10-03
time=[0.00000000000000000000, 1.00000000000000000000]
yI2[2]=[4.00000000000000000000, 4.00000000000000000000]
yR1[1]=[1.23000001907348632812, 1.23000001907348632812]
yI2[1]=[2.00000000000000000000, 2.00000000000000000000]
yR2[1]=[0.60000002384185791016, 0.60000002384185791016]
yI1[1]=[6.00000000000000000000, 6.00000000000000000000]
yR2[2]=[4.00000000000000000000, 4.00000000000000000000]
