last-generated=2013-10-03
bod2.heatPort.T=[303.14999389648437500000, 303.14999389648437500000]
bod1.heatPort.T=[293.14999389648437500000, 293.14999389648437500000]
time=[0.00000000000000000000, 1.00000000000000000000]
bod1.heatPort.Q_flow=[-10.61139774322509765625, -10.61139774322509765625]
