last-generated=2013-10-03
latitude=[0.73268920183181762695, 0.73268920183181762695]
longitude=[-1.53449344635009765625, -1.53449344635009765625]
time=[0.00000000000000000000, 1.00000000000000000000]
timeZone=[-21600.00000000000000000000, -21600.00000000000000000000]
