last-generated=2013-10-03
senEnt1.h_out=[53417.26562500000000000000, 53417.26562500000000000000]
senEnt2.h_out=[53417.26562500000000000000, 53417.26562500000000000000]
time=[0.00000000000000000000, 1.00000000000000000000]
senMas1.X=[0.00999999977648258209, 0.00999999977648258209]
senMas2.X=[0.00999999977648258209, 0.00999999977648258209]
senTem2.T=[301.14999389648437500000, 301.14999389648437500000]
senTem1.T=[301.14999389648437500000, 301.14999389648437500000]
