simulateModel("Buildings.Utilities.Plotters.Examples.TimeSeries", stopTime=10, method="dassl", tolerance=1e-06, resultFile="TimeSeries");
createPlot(id=1, position={15, 10, 592, 673}, y={"timSer.y[1]", "timSer.y[2]", "timSer.y[3]"}, range={0.0, 0.00012000000000000002, -2.0, 2.0}, grid=true, colors={{28,108,200}, {238,46,47}, {0,140,72}});
createPlot(id=1, position={15, 10, 592, 334}, y={"timSer1.y[1]", "timSer1.y[2]"}, range={0.0, 0.00012000000000000002, -2.0, 2.0}, grid=true, subPlot=2, colors={{28,108,200}, {238,46,47}});
