last-generated=2015-02-06
TOut.T=[263.14999389648437500000, 263.14999389648437500000]
vol.T_start=[293.14999389648437500000, 293.14999389648437500000]
vol.T=[293.14999389648437500000, 291.71105957031250000000, 290.34820556640625000000, 289.05792236328125000000, 287.83648681640625000000, 286.68038940429687500000, 285.58633422851562500000, 284.55075073242187500000, 283.57040405273437500000, 282.64224243164062500000, 281.76361083984375000000, 280.93170166015625000000, 280.14413452148437500000, 279.39843750000000000000, 278.69241333007812500000, 278.02389526367187500000, 277.39093017578125000000, 276.79165649414062500000, 276.22439575195312500000, 275.68743896484375000000, 275.17901611328125000000, 274.69769287109375000000, 274.24209594726562500000, 273.81076049804687500000, 273.40240478515625000000, 273.01583862304687500000, 272.64990234375000000000, 272.30343627929687500000, 271.97546386718750000000, 271.66500854492187500000, 271.37103271484375000000, 271.09274291992187500000, 270.82931518554687500000, 270.57992553710937500000, 270.34381103515625000000, 270.12033081054687500000, 269.90875244140625000000, 269.70849609375000000000, 269.51892089843750000000, 269.33950805664062500000, 269.16967773437500000000, 269.00891113281250000000, 268.85675048828125000000, 268.71267700195312500000, 268.57626342773437500000, 268.44702148437500000000, 268.32482910156250000000, 268.20916748046875000000, 268.09970092773437500000, 267.99606323242187500000, 267.89788818359375000000, 267.80493164062500000000, 267.71691894531250000000, 267.63366699218750000000, 267.55487060546875000000, 267.48022460937500000000, 267.40954589843750000000, 267.34259033203125000000, 267.27911376953125000000, 267.21908569335937500000, 267.16226196289062500000, 267.10845947265625000000, 267.05749511718750000000, 267.00924682617187500000, 266.96350097656250000000, 266.92019653320312500000, 266.87924194335937500000, 266.84045410156250000000, 266.80374145507812500000, 266.76895141601562500000, 266.73602294921875000000, 266.70480346679687500000, 266.67529296875000000000, 266.64736938476562500000, 266.62091064453125000000, 266.59588623046875000000, 266.57217407226562500000, 266.54971313476562500000, 266.52844238281250000000, 266.50833129882812500000, 266.48931884765625000000, 266.47128295898437500000, 266.45422363281250000000, 266.43804931640625000000, 266.42272949218750000000, 266.40823364257812500000, 266.39453125000000000000, 266.38153076171875000000, 266.36923217773437500000, 266.35760498046875000000, 266.34655761718750000000, 266.33609008789062500000, 266.32620239257812500000, 266.31683349609375000000, 266.30795288085937500000, 266.29956054687500000000, 266.29159545898437500000, 266.28405761718750000000, 266.27691650390625000000, 266.27017211914062500000, 266.26376342773437500000]
time=[0.00000000000000000000, 10800.00000000000000000000]
