last-generated=2016-11-28
statistics-initialization=
{
  "numerical Jacobians": "0", 
  "nonlinear": "14"
}
statistics-simulation=
{
  "numerical Jacobians": "0", 
  "nonlinear": " ", 
  "linear": " "
}
err_V3[3]=[0.32848444581031799316, 0.32848444581031799316]
err_V4[1]=[0.33645048737525939941, 0.33645048737525939941]
err_V4[3]=[0.41181343793869018555, 0.41181343793869018555]
err_V4[2]=[-0.1808108985424041748, -0.1808108985424041748]
err_V2[3]=[-0.75227379798889160156, -0.75227379798889160156]
err_V2[1]=[-0.22314314544200897217, -0.22314314544200897217]
time=[0., 1.]
err_V3[2]=[-0.15490074455738067627, -0.15490074455738067627]
err_V2[2]=[-0.12615987658500671387, -0.12615987658500671387]
err_V3[1]=[-0.2689406275749206543, -0.2689406275749206543]
err_Theta4[1]=[0.00054839259246364236, 0.00054839259246364236]
err_Theta4[3]=[0.00003973107595811598, 0.00003973107595811598]
err_Theta3[2]=[0.00072194647509604692, 0.00072194647509604692]
err_Theta4[2]=[0.00049503479385748506, 0.00049503479385748506]
err_Theta3[3]=[0.00059094763128086925, 0.00059094763128086925]
err_Theta3[1]=[-0.00073767470894381404, -0.00073767470894381404]
err_Theta2[3]=[-0.00012534676352515817, -0.00012534676352515817]
err_Theta2[2]=[-0.00071155553450807929, -0.00071155553450807929]
err_Theta2[1]=[-0.000013855403267371, -0.000013855403267371]
