last-generated=2015-05-22
statistics-initialization={'numerical Jacobians': '0', 'nonlinear': '12', 'linear': '19'}
statistics-simulation={'numerical Jacobians': '0', 'nonlinear': '1, 12, 1, 1, 1, 1, 1', 'number of continuous time states': '49', 'linear': '0, 0, 0, 0, 0, 0, 0, 0, 0, 0, 0'}
staRes.minT.Max=[254.5500030517578125, 254.5500030517578125]
staRes.maxT.Max=[311.649993896484375, 311.649993896484375]
staRes.maxT.Min=[308.649993896484375, 308.649993896484375]
TRooHou.y=[0., 271.30643310546872726263, 273.65858154296876136868, 279.53479614257810226263, 285.69349975585936363132, 275.70745849609375, 276.37504272460938636868, 281.84417114257814773737, 269.42425537109375, 282.54879150390627273737, 268.958099365234375, 275.71663818359377273737, 292.49057617187497726263, 273.29198608398439773737, 275.86948852539063636868, 292.530059814453125, 282.79432983398436363132, 276.65031127929688636868, 283.73538818359372726263, 277.66273803710936363132, 279.520294189453125, 286.48148193359372726263, 274.385833740234375, 282.03640136718752273737, 293.66893310546873863132, 281.07470703125, 281.42305297851561363132, 290.77446289062498863132, 277.88636474609376136868, 288.28911132812498863132, 290.348907470703125, 286.3055419921875, 298.7513427734375, 285.444061279296875, 287.10979003906248863132, 293.452056884765625, 285.65154418945314773737, 289.933746337890625, 300.09251708984373863132, 284.91094360351564773737, 291.455657958984375, 295.30933837890626136868, 287.0130615234375, 296.07742919921872726263, 286.25752563476561363132, 295.8538818359375, 289.48838500976563636868, 295.43713989257810226263, 292.00263061523435226263, 299.20345458984377273737, 303.838592529296875, 288.70206909179688636868, 303.46413574218752273737, 297.544158935546875, 294.04664306640626136868, 305.377593994140625, 299.07796630859377273737, 298.87894287109372726263, 307.27564086914060226263, 294.92268066406251136868, 293.611328125, 305.89194946289063636868, 290.37662353515622726263, 297.78776245117188636868, 300.22054443359377273737, 290.32470703125, 301.48601074218748863132, 306.63977661132810226263, 291.27460327148435226263, 300.78084716796877273737, 297.92681884765625, 286.50017089843748863132, 296.61239013671877273737, 292.11184082031252273737, 284.52685546875, 290.85882568359375, 289.12940673828126136868, 279.64573364257813636868, 294.628021240234375, 285.37456665039064773737, 285.973602294921875, 299.08008422851560226263, 283.61041259765625, 277.69562377929685226263, 287.1710205078125, 278.772216796875, 283.26936645507811363132, 278.93720703125001136868, 276.114654541015625, 286.34339599609376136868, 291.127197265625, 284.68190307617186363132, 278.36680297851563636868, 278.36447753906247726263, 272.64325561523435226263, 282.07183837890625, 274.50772705078122726263, 277.51932983398438636868, 295.21378173828122726263, 271.53898925781248863132, 277.1673583984375]
time=[0., 31536000.]
staRes.minT.Min=[252.9499969482421875, 252.9499969482421875]
staRes.minT.Mean=[253.5500030517578125, 253.5500030517578125]
staRes.maxT.Mean=[309.649993896484375, 309.649993896484375]
staRes.meanT.Min=[287.149993896484375, 287.149993896484375]
TRooAnn.y=[0., 0., 0., 0., 0., 0., 0., 0., 0., 0., 0., 0., 0., 0., 0., 0., 0., 0., 0., 0., 0., 0., 0., 0., 0., 0., 0., 0., 0., 0., 0., 0., 0., 0., 0., 0., 0., 0., 0., 0., 0., 0., 0., 0., 0., 0., 0., 0., 0., 0., 0., 0., 0., 0., 0., 0., 0., 0., 0., 0., 0., 0., 0., 0., 0., 0., 0., 0., 0., 0., 0., 0., 0., 0., 0., 0., 0., 0., 0., 0., 0., 0., 0., 0., 0., 0., 0., 0., 0., 0., 0., 0., 0., 0., 0., 0., 0., 0., 0., 0., 0.]
staRes.meanT.Mean=[287.54998779296875, 287.54998779296875]
staRes.meanT.Max=[288.149993896484375, 288.149993896484375]
