last-generated=2026-08-06
statistics-simulation=
{
  "linear": "0, 0, 0, 0, 0, 0, 0, 0, 0, 0, 0, 0, 0, 0, 0, 0, 0, 0, 0, 0",
  "nonlinear": " ",
  "number of continuous time states": "43",
  "numerical Jacobians": "0"
}
time=[0e+00, 2.6784e+06]
hea.sta_a.T=[2.806499938964844e+02, 2.922152404785156e+02, 2.923296508789062e+02, 2.923691101074219e+02, 2.923921203613281e+02, 2.9240869140625e+02, 2.924215393066406e+02, 2.924320373535156e+02, 2.924407348632812e+02, 2.924484252929688e+02, 2.924551696777344e+02, 2.924610900878906e+02, 2.924664611816406e+02, 2.924713439941406e+02, 2.924757690429688e+02, 2.924797668457031e+02, 2.924834289550781e+02, 2.92487060546875e+02, 2.924903564453125e+02, 2.924933776855469e+02, 2.924963989257812e+02, 2.924990844726562e+02, 2.925016174316406e+02, 2.92504150390625e+02, 2.925064392089844e+02, 2.925086669921875e+02, 2.925108642578125e+02, 2.925128173828125e+02, 2.925147705078125e+02, 2.925166931152344e+02, 2.925183410644531e+02, 2.925199890136719e+02, 2.925216369628906e+02, 2.925232849121094e+02, 2.925249328613281e+02, 2.925264892578125e+02, 2.925278930664062e+02, 2.925292663574219e+02, 2.925306701660156e+02, 2.925320434570312e+02, 2.92533447265625e+02, 2.925346984863281e+02, 2.92535888671875e+02, 2.925370788574219e+02, 2.925382690429688e+02, 2.925394592285156e+02, 2.925406494140625e+02, 2.925417175292969e+02, 2.925427856445312e+02, 2.925438537597656e+02, 2.92544921875e+02, 2.925460205078125e+02, 2.925470581054688e+02, 2.925480346679688e+02, 2.925489807128906e+02, 2.925499572753906e+02, 2.925509033203125e+02, 2.925518798828125e+02, 2.925527954101562e+02, 2.925536499023438e+02, 2.925545043945312e+02, 2.925553588867188e+02, 2.925562133789062e+02, 2.925570678710938e+02, 2.925579528808594e+02, 2.925588073730469e+02, 2.925596923828125e+02, 2.92560546875e+02, 2.925614318847656e+02, 2.925622863769531e+02, 2.925630798339844e+02, 2.925638427734375e+02, 2.925646057128906e+02, 2.925653991699219e+02, 2.925661926269531e+02, 2.925669555664062e+02, 2.925677490234375e+02, 2.925685424804688e+02, 2.925693054199219e+02, 2.925700988769531e+02, 2.925708923339844e+02, 2.925716247558594e+02, 2.925723571777344e+02, 2.925730590820312e+02, 2.925737609863281e+02, 2.925744934082031e+02, 2.925751953125e+02, 2.92575927734375e+02, 2.925766296386719e+02, 2.925773620605469e+02, 2.925780944824219e+02, 2.925787963867188e+02, 2.925795288085938e+02, 2.925802001953125e+02, 2.925809020996094e+02, 2.925815734863281e+02, 2.92582275390625e+02, 2.925829467773438e+02, 2.925836486816406e+02, 2.925843200683594e+02, 2.925850219726562e+02]
borFie.groTemRes.delTBor=[0e+00, 1.583951830863953e+00, 2.268702507019043e+00, 2.633755683898926e+00, 2.876929521560669e+00, 3.061619281768799e+00, 3.205975294113159e+00, 3.327361345291138e+00, 3.42768669128418e+00, 3.517528772354126e+00, 3.598207950592041e+00, 3.666903495788574e+00, 3.730127334594727e+00, 3.788619756698608e+00, 3.841415405273438e+00, 3.88812780380249e+00, 3.932652473449707e+00, 3.977139234542847e+00, 4.01506519317627e+00, 4.052065849304199e+00, 4.089128971099854e+00, 4.120118618011475e+00, 4.151254177093506e+00, 4.181949615478516e+00, 4.208971977233887e+00, 4.236164569854736e+00, 4.262506484985352e+00, 4.286284923553467e+00, 4.310210704803467e+00, 4.332567691802979e+00, 4.352530956268311e+00, 4.372660636901855e+00, 4.392923831939697e+00, 4.413287162780762e+00, 4.433722019195557e+00, 4.451718807220459e+00, 4.468572616577148e+00, 4.48555326461792e+00, 4.502638339996338e+00, 4.519803524017334e+00, 4.537030220031738e+00, 4.551531314849854e+00, 4.565932750701904e+00, 4.580439567565918e+00, 4.595031261444092e+00, 4.609688758850098e+00, 4.624060153961182e+00, 4.637052536010742e+00, 4.650131225585938e+00, 4.66327953338623e+00, 4.67648458480835e+00, 4.689733982086182e+00, 4.702258110046387e+00, 4.713945865631104e+00, 4.725701808929443e+00, 4.737513542175293e+00, 4.74937105178833e+00, 4.761265277862549e+00, 4.772047996520996e+00, 4.782455444335938e+00, 4.792923927307129e+00, 4.803443908691406e+00, 4.814004898071289e+00, 4.824598789215088e+00, 4.835220813751221e+00, 4.845865726470947e+00, 4.856528282165527e+00, 4.867206573486328e+00, 4.8778977394104e+00, 4.888276100158691e+00, 4.897725105285645e+00, 4.907217979431152e+00, 4.916746616363525e+00, 4.926303863525391e+00, 4.935883522033691e+00, 4.945481300354004e+00, 4.955094337463379e+00, 4.964717388153076e+00, 4.974350452423096e+00, 4.983991146087646e+00, 4.993636131286621e+00, 5.002535343170166e+00, 5.011255741119385e+00, 5.020002365112305e+00, 5.028769969940186e+00, 5.037554264068604e+00, 5.046352386474609e+00, 5.055160045623779e+00, 5.063974380493164e+00, 5.072795867919922e+00, 5.081621170043945e+00, 5.09044885635376e+00, 5.099138736724854e+00, 5.107531547546387e+00, 5.115936756134033e+00, 5.124350547790527e+00, 5.132772922515869e+00, 5.141200065612793e+00, 5.149629592895508e+00, 5.158061027526855e+00, 5.166493892669678e+00]
