last-generated=2016-11-28
statistics-initialization=
{
  "linear": "3, 2, 4, 2, 4, 2, 6, 3"
}
statistics-simulation=
{
  "numerical Jacobians": "0", 
  "nonlinear": " ", 
  "linear": " "
}
R3.v[2]=[-769.4833984375, -769.4833984375]
R2.v[2]=[-769.248046875, -769.248046875]
R2.v[1]=[13466.7421875, 13466.7421875]
R1.v[1]=[13466.7431640625, 13466.7431640625]
R3.v[1]=[13466.8525390625, 13466.8525390625]
R1.v[2]=[-769.24884033203125, -769.24884033203125]
time=[0., 1.]
R3.i[1]=[1346.685302734375, 1346.685302734375]
R1.i[1]=[1346.67431640625, 1346.67431640625]
load_sc.i[1]=[10223.9697265625, 10223.9697265625]
R2.i[2]=[-76.9248046875, -76.9248046875]
R3.i[2]=[-76.94834136962890625, -76.94834136962890625]
R2.i[1]=[1346.6741943359375, 1346.6741943359375]
R1.i[2]=[-76.9248809814453125, -76.9248809814453125]
load_sc.i[2]=[-5881.322265625, -5881.322265625]
