last-generated=2015-05-08
statistics-simulation={'numerical Jacobians': '0', 'nonlinear': '1', 'linear': ' '}
zen.zen=[2.24822664260864257812, 2.14016318321228027344, 2.03257274627685546875, 1.92632651329040527344, 1.82223725318908691406, 1.72113323211669921875, 1.62391245365142822266, 1.53158581256866455078, 1.44531106948852539062, 1.36641407012939453125, 1.29638838768005371094, 1.23685932159423828125, 1.18949556350708007812, 1.15586185455322265625, 1.13722264766693115234, 1.13434171676635742188, 1.14734113216400146484, 1.17567837238311767578, 1.21824824810028076172, 1.27357029914855957031, 1.33999311923980712891, 1.41586232185363769531, 1.49962985515594482422, 1.58990728855133056641, 1.68547701835632324219, 1.78527772426605224609, 1.88837409019470214844, 1.99391674995422363281, 2.10109233856201171875, 2.20905804634094238281, 2.31684470176696777344, 2.42319798469543457031, 2.52628970146179199219, 2.62317109107971191406, 2.70874810218811035156, 2.77427124977111816406, 2.80720734596252441406, 2.79783606529235839844, 2.749225616455078125, 2.67368602752685546875, 2.5823974609375, 2.48234915733337402344, 2.37754535675048828125, 2.27035880088806152344, 2.16232228279113769531, 2.05454111099243164062, 1.94791424274444580078, 1.84326159954071044922, 1.74140453338623046875, 1.64322316646575927734, 1.54970216751098632812, 1.46196699142456054688, 1.38130867481231689453, 1.30918920040130615234, 1.24721455574035644531, 1.19705927371978759766, 1.16033041477203369141, 1.13837909698486328125, 1.13209402561187744141, 1.14174199104309082031, 1.16691577434539794922, 1.20661258697509765625, 1.25940966606140136719, 1.32367110252380371094, 1.39772748947143554688, 1.47999858856201171875, 1.56905722618103027344, 1.66364824771881103516, 1.76267778873443603516, 1.86518549919128417969, 1.97030627727508544922, 2.07722234725952148438, 2.18510198593139648438, 2.29300999641418457031, 2.39976644515991210938, 2.50369310379028320312, 2.60213732719421386719, 2.69057226181030273438, 2.76115751266479492188, 2.801990509033203125, 2.80188083648681640625, 2.76086187362670898438, 2.690151214599609375, 2.601634979248046875, 2.50313234329223632812, 2.39915800094604492188, 2.29235744476318359375, 2.18440508842468261719, 2.07647871971130371094, 1.96951162815093994141, 1.86433482170104980469, 1.76176536083221435547, 1.66266787052154541016, 1.56800258159637451172, 1.47886383533477783203, 1.39650762081146240234, 1.32236337661743164062, 1.25801420211791992188, 1.20513415336608886719, 1.16536438465118408203, 1.14013361930847167969]
time=[100000., 300000.]
