last-generated=2014-10-09
probe_Y.V[1]=[277.12814331054687500000, 277.12814331054687500000]
probeD.V[2]=[480.00000000000000000000, 480.00000000000000000000]
probeD.V[3]=[480.00000000000000000000, 480.00000000000000000000]
time=[0.00000000000000000000, 1.00000000000000000000]
probeD.V[1]=[480.00000000000000000000, 480.00000000000000000000]
probe_Y.V[3]=[277.12814331054687500000, 277.12814331054687500000]
probe_Y.V[2]=[277.12814331054687500000, 277.12814331054687500000]
