last-generated=2019-09-13
statistics-simulation=
{
  "linear": " ",
  "nonlinear": " ",
  "numerical Jacobians": "0"
}
bouMoiAir.p=[1.01325e+05, 1.01325e+05]
bouMoiAirCO2.p=[1.01325e+05, 1.01325e+05]
bouNatGasFix.p=[1.01325e+05, 1.01325e+05]
bouNatGas.p=[1.01325e+05, 1.01325e+05]
time=[0e+00, 1e+00]
bouProFluGas.p=[1.01325e+05, 1.01325e+05]
bouWat.p=[3e+05, 3e+05]
bouProGly.p=[3e+05, 3e+05]
bouMoiAir.T=[2.931499938964844e+02, 2.931499938964844e+02]
bouMoiAirCO2.T=[2.931499938964844e+02, 2.931499938964844e+02]
bouNatGas.T=[2.931499938964844e+02, 2.931499938964844e+02]
bouNatGasFix.T=[2.931499938964844e+02, 2.931499938964844e+02]
bouWat.T=[2.931499938964844e+02, 2.931499938964844e+02]
bouProGly.T=[2.931499938964844e+02, 2.931499938964844e+02]
bouProFluGas.T=[2.931499938964844e+02, 2.931499938964844e+02]
bouProGly.Xi[1]=[1e+00, 1e+00]
bouMoiAir.Xi[1]=[9.999999776482582e-03, 9.999999776482582e-03]
bouMoiAirCO2.Xi[1]=[9.999999776482582e-03, 9.999999776482582e-03]
bouProFluGas.Xi[1]=[7.680000066757202e-01, 7.680000066757202e-01]
bouProFluGas.Xi[2]=[0e+00, 0e+00]
bouProFluGas.Xi[3]=[0e+00, 0e+00]
bouProFluGas.Xi[5]=[0e+00, 0e+00]
bouProFluGas.Xi[4]=[2.319999933242798e-01, 2.319999933242798e-01]
bouNatGas.Xi[1]=[9.200000166893005e-01, 9.200000166893005e-01]
bouNatGas.Xi[3]=[4.999999888241291e-03, 4.999999888241291e-03]
bouNatGas.Xi[2]=[4.800000041723251e-02, 4.800000041723251e-02]
bouNatGas.Xi[4]=[2.000000094994903e-03, 2.000000094994903e-03]
bouNatGas.Xi[5]=[1.499999966472387e-02, 1.499999966472387e-02]
bouNatGasFix.Xi[1]=[9.200000166893005e-01, 9.200000166893005e-01]
bouNatGasFix.Xi[4]=[2.000000094994903e-03, 2.000000094994903e-03]
bouNatGasFix.Xi[5]=[1.499999966472387e-02, 1.499999966472387e-02]
bouNatGasFix.Xi[3]=[4.999999888241291e-03, 4.999999888241291e-03]
bouNatGasFix.Xi[2]=[4.800000041723251e-02, 4.800000041723251e-02]
