last-generated=2026-09-28
statistics-initialization=
{
  "nonlinear": "1, 0",
  "numerical Jacobians": "0"
}
statistics-simulation=
{
  "linear": " ",
  "nonlinear": "1",
  "number of continuous time states": "8",
  "numerical Jacobians": "0"
}
time=[0e+00, 3.6e+03]
senTAirIn.T=[2.931499938964844e+02, 3.131499633789062e+02, 3.131499938964844e+02, 3.131499938964844e+02, 3.131499938964844e+02, 3.131499938964844e+02, 3.131499938964844e+02, 3.131499938964844e+02, 3.131499938964844e+02, 3.131499938964844e+02, 3.131499938964844e+02, 3.131499938964844e+02, 3.131499938964844e+02, 3.131499938964844e+02, 3.131499938964844e+02, 3.131499938964844e+02, 3.131499938964844e+02, 3.131499938964844e+02, 3.131499938964844e+02, 3.131499938964844e+02, 3.131499938964844e+02, 3.131499938964844e+02, 3.131499938964844e+02, 3.131499938964844e+02, 3.131499938964844e+02, 3.131499938964844e+02, 3.131499938964844e+02, 3.131499938964844e+02, 3.131499938964844e+02, 3.131499938964844e+02, 3.131499938964844e+02, 3.131499938964844e+02, 3.131499938964844e+02, 3.131499938964844e+02, 3.131499938964844e+02, 3.131499938964844e+02, 3.131499938964844e+02, 3.131499938964844e+02, 3.131499938964844e+02, 3.131499938964844e+02, 3.131499938964844e+02, 3.131499938964844e+02, 3.131499938964844e+02, 3.131499938964844e+02, 3.131499938964844e+02, 3.131499938964844e+02, 3.131499938964844e+02, 3.131499938964844e+02, 3.131499938964844e+02, 3.131499938964844e+02, 3.131499938964844e+02, 3.131499938964844e+02, 3.131499938964844e+02, 3.131499938964844e+02, 3.131499938964844e+02, 3.131499938964844e+02, 3.131499938964844e+02, 3.131499938964844e+02, 3.131499938964844e+02, 3.131499938964844e+02, 3.131499938964844e+02, 3.131499938964844e+02, 3.131499938964844e+02, 3.131499938964844e+02, 3.131499938964844e+02, 3.131499938964844e+02, 3.131499938964844e+02, 3.131499938964844e+02, 3.131499938964844e+02, 3.131499938964844e+02, 3.131499938964844e+02, 3.131499938964844e+02, 3.131499938964844e+02, 3.131499938964844e+02, 3.131499938964844e+02, 3.131499938964844e+02, 3.131499938964844e+02, 3.131499938964844e+02, 3.131499938964844e+02, 3.131499938964844e+02, 3.131499938964844e+02, 3.131499938964844e+02, 3.131499938964844e+02, 3.131499938964844e+02, 3.131499938964844e+02, 3.131499938964844e+02, 3.131499938964844e+02, 3.131499938964844e+02, 3.131499938964844e+02, 3.131499938964844e+02, 3.131499938964844e+02, 3.131499938964844e+02, 3.131499938964844e+02, 3.131499938964844e+02, 3.131499938964844e+02, 3.131499938964844e+02, 3.131499938964844e+02, 3.131499938964844e+02, 3.131499938964844e+02, 3.131499938964844e+02, 3.131499938964844e+02]
senTAirOut.T=[2.931499938964844e+02, 3.033792419433594e+02, 3.033829345703125e+02, 3.033829345703125e+02, 3.033829345703125e+02, 3.033829345703125e+02, 3.033829345703125e+02, 3.033829345703125e+02, 3.033829345703125e+02, 3.033829345703125e+02, 3.033829345703125e+02, 3.033829345703125e+02, 3.033829345703125e+02, 3.033829345703125e+02, 3.033829345703125e+02, 3.033829345703125e+02, 3.033829345703125e+02, 3.033829345703125e+02, 3.033829345703125e+02, 3.033829345703125e+02, 3.033829345703125e+02, 3.033829345703125e+02, 3.033829345703125e+02, 3.033829345703125e+02, 3.033829345703125e+02, 3.033829345703125e+02, 3.033829345703125e+02, 3.033829345703125e+02, 3.033829345703125e+02, 3.033829345703125e+02, 3.033829345703125e+02, 3.033829345703125e+02, 3.033829345703125e+02, 3.033829345703125e+02, 3.033829345703125e+02, 3.033829345703125e+02, 3.033829345703125e+02, 3.033829345703125e+02, 3.033829345703125e+02, 3.033829345703125e+02, 3.033829345703125e+02, 3.033829345703125e+02, 3.033829345703125e+02, 3.033829345703125e+02, 3.033829345703125e+02, 3.033829345703125e+02, 3.033829345703125e+02, 3.033829345703125e+02, 3.033829345703125e+02, 3.033829345703125e+02, 3.033829345703125e+02, 3.033829345703125e+02, 3.033829345703125e+02, 3.033829345703125e+02, 3.033829345703125e+02, 3.033829345703125e+02, 3.033829345703125e+02, 3.033829345703125e+02, 3.033829345703125e+02, 3.033829345703125e+02, 3.033829345703125e+02, 3.033829345703125e+02, 3.033829345703125e+02, 3.033829345703125e+02, 3.033829345703125e+02, 3.033829345703125e+02, 3.033829345703125e+02, 3.033829345703125e+02, 3.033829345703125e+02, 3.033829345703125e+02, 3.033829345703125e+02, 3.033829345703125e+02, 3.033829345703125e+02, 3.033829345703125e+02, 3.033829345703125e+02, 3.033829345703125e+02, 3.033829345703125e+02, 3.033829345703125e+02, 3.033829345703125e+02, 3.033829345703125e+02, 3.033829345703125e+02, 3.033829345703125e+02, 3.033829345703125e+02, 3.033829345703125e+02, 3.033829345703125e+02, 3.033829345703125e+02, 3.033829345703125e+02, 3.033829345703125e+02, 3.033829345703125e+02, 3.033829345703125e+02, 3.033829345703125e+02, 3.033829345703125e+02, 3.033829345703125e+02, 3.033829345703125e+02, 3.033829345703125e+02, 3.033829345703125e+02, 3.033829345703125e+02, 3.033829345703125e+02, 3.033829345703125e+02, 3.033829345703125e+02, 3.033829345703125e+02]
senTCooIn.T=[2.931499938964844e+02, 2.931499938964844e+02, 2.931499938964844e+02, 2.931499938964844e+02, 2.931499938964844e+02, 2.931499938964844e+02, 2.931499938964844e+02, 2.931499938964844e+02, 2.931499938964844e+02, 2.931499938964844e+02, 2.931499938964844e+02, 2.931499938964844e+02, 2.931499938964844e+02, 2.931499938964844e+02, 2.931499938964844e+02, 2.931499938964844e+02, 2.931499938964844e+02, 2.931499938964844e+02, 2.931499938964844e+02, 2.931499938964844e+02, 2.931499938964844e+02, 2.931499938964844e+02, 2.931499938964844e+02, 2.931499938964844e+02, 2.931499938964844e+02, 2.931499938964844e+02, 2.931499938964844e+02, 2.931499938964844e+02, 2.931499938964844e+02, 2.931499938964844e+02, 2.931499938964844e+02, 2.931499938964844e+02, 2.931499938964844e+02, 2.931499938964844e+02, 2.931499938964844e+02, 2.931499938964844e+02, 2.931499938964844e+02, 2.931499938964844e+02, 2.931499938964844e+02, 2.931499938964844e+02, 2.931499938964844e+02, 2.931499938964844e+02, 2.931499938964844e+02, 2.931499938964844e+02, 2.931499938964844e+02, 2.931499938964844e+02, 2.931499938964844e+02, 2.931499938964844e+02, 2.931499938964844e+02, 2.931499938964844e+02, 2.931499938964844e+02, 2.931499938964844e+02, 2.931499938964844e+02, 2.931499938964844e+02, 2.931499938964844e+02, 2.931499938964844e+02, 2.931499938964844e+02, 2.931499938964844e+02, 2.931499938964844e+02, 2.931499938964844e+02, 2.931499938964844e+02, 2.931499938964844e+02, 2.931499938964844e+02, 2.931499938964844e+02, 2.931499938964844e+02, 2.931499938964844e+02, 2.931499938964844e+02, 2.931499938964844e+02, 2.931499938964844e+02, 2.931499938964844e+02, 2.931499938964844e+02, 2.931499938964844e+02, 2.931499938964844e+02, 2.931499938964844e+02, 2.931499938964844e+02, 2.931499938964844e+02, 2.931499938964844e+02, 2.931499938964844e+02, 2.931499938964844e+02, 2.931499938964844e+02, 2.931499938964844e+02, 2.931499938964844e+02, 2.931499938964844e+02, 2.931499938964844e+02, 2.931499938964844e+02, 2.931499938964844e+02, 2.931499938964844e+02, 2.931499938964844e+02, 2.931499938964844e+02, 2.931499938964844e+02, 2.931499938964844e+02, 2.931499938964844e+02, 2.931499938964844e+02, 2.931499938964844e+02, 2.931499938964844e+02, 2.931499938964844e+02, 2.931499938964844e+02, 2.931499938964844e+02, 2.931499938964844e+02, 2.931499938964844e+02, 2.931499938964844e+02]
senTCooOut.T=[2.931499938964844e+02, 3.031456298828125e+02, 3.031482238769531e+02, 3.031482238769531e+02, 3.031482238769531e+02, 3.031482238769531e+02, 3.031482238769531e+02, 3.031482238769531e+02, 3.031482238769531e+02, 3.031482238769531e+02, 3.031482238769531e+02, 3.031482238769531e+02, 3.031482238769531e+02, 3.031482238769531e+02, 3.031482238769531e+02, 3.031482238769531e+02, 3.031482238769531e+02, 3.031482238769531e+02, 3.031482238769531e+02, 3.031482238769531e+02, 3.031482238769531e+02, 3.031482238769531e+02, 3.031482238769531e+02, 3.031482238769531e+02, 3.031482238769531e+02, 3.031482238769531e+02, 3.031482238769531e+02, 3.031482238769531e+02, 3.031482238769531e+02, 3.031482238769531e+02, 3.031482238769531e+02, 3.031482238769531e+02, 3.031482238769531e+02, 3.031482238769531e+02, 3.031482238769531e+02, 3.031482238769531e+02, 3.031482238769531e+02, 3.031482238769531e+02, 3.031482238769531e+02, 3.031482238769531e+02, 3.031482238769531e+02, 3.031482238769531e+02, 3.031482238769531e+02, 3.031482238769531e+02, 3.031482238769531e+02, 3.031482238769531e+02, 3.031482238769531e+02, 3.031482238769531e+02, 3.031482238769531e+02, 3.031482238769531e+02, 3.031482238769531e+02, 3.031482238769531e+02, 3.031482238769531e+02, 3.031482238769531e+02, 3.031482238769531e+02, 3.031482238769531e+02, 3.031482238769531e+02, 3.031482238769531e+02, 3.031482238769531e+02, 3.031482238769531e+02, 3.031482238769531e+02, 3.031482238769531e+02, 3.031482238769531e+02, 3.031482238769531e+02, 3.031482238769531e+02, 3.031482238769531e+02, 3.031482238769531e+02, 3.031482238769531e+02, 3.031482238769531e+02, 3.031482238769531e+02, 3.031482238769531e+02, 3.031482238769531e+02, 3.031482238769531e+02, 3.031482238769531e+02, 3.031482238769531e+02, 3.031482238769531e+02, 3.031482238769531e+02, 3.031482238769531e+02, 3.031482238769531e+02, 3.031482238769531e+02, 3.031482238769531e+02, 3.031482238769531e+02, 3.031482238769531e+02, 3.031482238769531e+02, 3.031482238769531e+02, 3.031482238769531e+02, 3.031482238769531e+02, 3.031482238769531e+02, 3.031482238769531e+02, 3.031482238769531e+02, 3.031482238769531e+02, 3.031482238769531e+02, 3.031482238769531e+02, 3.031482238769531e+02, 3.031482238769531e+02, 3.031482238769531e+02, 3.031482238769531e+02, 3.031482238769531e+02, 3.031482238769531e+02, 3.031482238769531e+02, 3.031482238769531e+02]
hex.PFan=[0e+00, 2.344271697998047e+02, 2.349927520751953e+02, 2.349927520751953e+02, 2.349927520751953e+02, 2.349927520751953e+02, 2.349927520751953e+02, 2.349927520751953e+02, 2.349927520751953e+02, 2.349927520751953e+02, 2.349927520751953e+02, 2.349927520751953e+02, 2.349927520751953e+02, 2.349927520751953e+02, 2.349927520751953e+02, 2.349927520751953e+02, 2.349927520751953e+02, 2.349927520751953e+02, 2.349927520751953e+02, 2.349927520751953e+02, 2.349927520751953e+02, 2.349927520751953e+02, 2.349927520751953e+02, 2.349927520751953e+02, 2.349927520751953e+02, 2.349927520751953e+02, 2.349927520751953e+02, 2.349927520751953e+02, 2.349927520751953e+02, 2.349927520751953e+02, 2.349927520751953e+02, 2.349927520751953e+02, 2.349927520751953e+02, 2.349927520751953e+02, 2.349927520751953e+02, 2.349927520751953e+02, 2.349927520751953e+02, 2.349927520751953e+02, 2.349927520751953e+02, 2.349927520751953e+02, 2.349927520751953e+02, 2.349927520751953e+02, 2.349927520751953e+02, 2.349927520751953e+02, 2.349927520751953e+02, 2.349927520751953e+02, 2.349927520751953e+02, 2.349927520751953e+02, 2.349927520751953e+02, 2.349927520751953e+02, 2.349927520751953e+02, 2.349927520751953e+02, 2.349927520751953e+02, 2.349927520751953e+02, 2.349927520751953e+02, 2.349927520751953e+02, 2.349927520751953e+02, 2.349927520751953e+02, 2.349927520751953e+02, 2.349927520751953e+02, 2.349927520751953e+02, 2.349927520751953e+02, 2.349927520751953e+02, 2.349927520751953e+02, 2.349927520751953e+02, 2.349927520751953e+02, 2.349927520751953e+02, 2.349927520751953e+02, 2.349927520751953e+02, 2.349927520751953e+02, 2.349927520751953e+02, 2.349927520751953e+02, 2.349927520751953e+02, 2.349927520751953e+02, 2.349927520751953e+02, 2.349927520751953e+02, 2.349927520751953e+02, 2.349927520751953e+02, 2.349927520751953e+02, 2.349927520751953e+02, 2.349927520751953e+02, 2.349927520751953e+02, 2.349927520751953e+02, 2.349927520751953e+02, 2.349927520751953e+02, 2.349927520751953e+02, 2.349927520751953e+02, 2.349927520751953e+02, 2.349927520751953e+02, 2.349927520751953e+02, 2.349927520751953e+02, 2.349927520751953e+02, 2.349927520751953e+02, 2.349927520751953e+02, 2.349927520751953e+02, 2.349927520751953e+02, 2.349927520751953e+02, 2.349927520751953e+02, 2.349927520751953e+02, 2.349927520751953e+02, 2.349927520751953e+02]
hex.dat.PFan_nominal=[2.346829528808594e+02, 2.346829528808594e+02]
hex.reaDooHex.Q2_flow=[-8.388603515625e+03, -9.9960625e+03, -9.9982158203125e+03, -9.9982158203125e+03, -9.9982158203125e+03, -9.9982158203125e+03, -9.9982158203125e+03, -9.9982158203125e+03, -9.9982158203125e+03, -9.9982158203125e+03, -9.9982158203125e+03, -9.9982158203125e+03, -9.9982158203125e+03, -9.9982158203125e+03, -9.9982158203125e+03, -9.9982158203125e+03, -9.9982158203125e+03, -9.9982158203125e+03, -9.9982158203125e+03, -9.9982158203125e+03, -9.9982158203125e+03, -9.9982158203125e+03, -9.9982158203125e+03, -9.9982158203125e+03, -9.9982158203125e+03, -9.9982158203125e+03, -9.9982158203125e+03, -9.9982158203125e+03, -9.9982158203125e+03, -9.9982158203125e+03, -9.9982158203125e+03, -9.9982158203125e+03, -9.9982158203125e+03, -9.9982158203125e+03, -9.9982158203125e+03, -9.9982158203125e+03, -9.9982158203125e+03, -9.9982158203125e+03, -9.9982158203125e+03, -9.9982158203125e+03, -9.9982158203125e+03, -9.9982158203125e+03, -9.9982158203125e+03, -9.9982158203125e+03, -9.9982158203125e+03, -9.9982158203125e+03, -9.9982158203125e+03, -9.9982158203125e+03, -9.9982158203125e+03, -9.9982158203125e+03, -9.9982158203125e+03, -9.9982158203125e+03, -9.9982158203125e+03, -9.9982158203125e+03, -9.9982158203125e+03, -9.9982158203125e+03, -9.9982158203125e+03, -9.9982158203125e+03, -9.9982158203125e+03, -9.9982158203125e+03, -9.9982158203125e+03, -9.9982158203125e+03, -9.9982158203125e+03, -9.9982158203125e+03, -9.9982158203125e+03, -9.9982158203125e+03, -9.9982158203125e+03, -9.9982158203125e+03, -9.9982158203125e+03, -9.9982158203125e+03, -9.9982158203125e+03, -9.9982158203125e+03, -9.9982158203125e+03, -9.9982158203125e+03, -9.9982158203125e+03, -9.9982158203125e+03, -9.9982158203125e+03, -9.9982158203125e+03, -9.9982158203125e+03, -9.9982158203125e+03, -9.9982158203125e+03, -9.9982158203125e+03, -9.9982158203125e+03, -9.9982158203125e+03, -9.9982158203125e+03, -9.9982158203125e+03, -9.9982158203125e+03, -9.9982158203125e+03, -9.9982158203125e+03, -9.9982158203125e+03, -9.9982158203125e+03, -9.9982158203125e+03, -9.9982158203125e+03, -9.9982158203125e+03, -9.9982158203125e+03, -9.9982158203125e+03, -9.9982158203125e+03, -9.9982158203125e+03, -9.9982158203125e+03, -9.9982158203125e+03, -9.9982158203125e+03]
