last-generated=2014-10-28
TOut.T=[263.14999389648437500000, 263.14999389648437500000]
vol.T_start=[293.14999389648437500000, 293.14999389648437500000]
vol.T=[293.14999389648437500000, 292.88830566406250000000, 293.14355468750000000000, 293.13775634765625000000, 293.13653564453125000000, 293.13635253906250000000, 293.13619995117187500000, 293.13616943359375000000, 293.13616943359375000000, 293.13616943359375000000, 293.13613891601562500000, 293.13613891601562500000, 293.13613891601562500000, 293.13613891601562500000, 293.13616943359375000000, 293.13616943359375000000, 293.13616943359375000000, 293.39862060546875000000, 291.93621826171875000000, 294.05297851562500000000, 293.08935546875000000000, 292.17858886718750000000, 294.23626708984375000000, 292.74206542968750000000, 292.45376586914062500000, 294.30749511718750000000, 292.38381958007812500000, 292.74490356445312500000, 294.25006103515625000000, 292.00415039062500000000, 293.04901123046875000000, 294.11215209960937500000, 291.77154541015625000000, 293.30032348632812500000, 293.93658447265619315658, 291.69873046875000000000, 293.56307983398437500000, 293.70404052734375000000, 293.22256469726562500000, 293.14498901367187500000, 293.13763427734375000000, 293.13684082031250000000, 293.13635253906250000000, 293.13629150390625000000, 293.13623046875000000000, 293.13616943359375000000, 293.13616943359375000000, 293.13616943359375000000, 293.13616943359375000000, 293.13613891601562500000, 293.13613891601562500000, 293.13613891601562500000, 293.13613891601562500000, 293.13613891601562500000, 293.13613891601562500000, 293.13613891601562500000, 293.13613891601562500000, 293.13613891601562500000, 293.13613891601562500000, 293.13613891601562500000, 293.13613891601562500000, 293.13613891601562500000, 293.13613891601562500000, 293.13613891601562500000, 293.13613891601562500000, 293.13613891601562500000, 293.13613891601562500000, 293.39862060546875000000, 291.93621826171880684342, 294.05297851562494315658, 293.08935546875005684342, 292.17858886718750000000, 294.23626708984375000000, 292.74206542968750000000, 292.45373535156250000000, 294.30749511718750000000, 292.38381958007812500000, 292.74490356445312500000, 294.25006103515625000000, 292.00415039062500000000, 293.04904174804687500000, 294.11215209960937500000, 291.77154541015625000000, 293.30035400390625000000, 293.93658447265625000000, 291.69873046875000000000, 293.56307983398437500000, 293.70404052734375000000, 293.22256469726562500000, 293.14498901367187500000, 293.13763427734375000000, 293.13684082031250000000, 293.13635253906250000000, 293.13629150390625000000, 293.13623046875000000000, 293.13616943359375000000, 293.13616943359375000000, 293.13616943359375000000, 293.13619995117187500000, 293.13619995117187500000, 293.13619995117187500000]
time=[0.00000000000000000000, 172800.00000000000000000000]
