last-generated=2014-05-20
client.PPre=[0.00000000000000000000, 0.00000000000000000000, 0.00000000000000000000, 0.00000000000000000000, 0.00000000000000000000, 0.00000000000000000000, 0.00000000000000000000, 0.00000000000000000000, 0.00000000000000000000, 0.00000000000000000000, 0.00000000000000000000, 0.00000000000000000000, 0.00000000000000000000, 0.00000000000000000000, 0.00000000000000000000, 0.00000000000000000000, 0.00000000000000000000, 0.00000000000000000000, 0.00000000000000000000, 0.00000000000000000000, 0.00000000000000000000, 0.00000000000000000000, 0.00000000000000000000, 0.00000000000000000000, 0.00000000000000000000, 0.00000000000000000000, 0.00000000000000000000, 0.00000000000000000000, 0.00000000000000000000, 0.00000000000000000000, 0.00000000000000000000, 0.00000000000000000000, 0.00000000000000000000, 0.00000000000000000000, 0.00000000000000000000, 0.00000000000000000000, 0.00000000000000000000, 0.00000000000000000000, 0.00000000000000000000, 0.00000000000000000000, 0.00000000000000000000, 0.00000000000000000000, 0.00000000000000000000, 0.00000000000000000000, 0.00000000000000000000, 0.00000000000000000000, 0.00000000000000000000, 0.00000000000000000000, 0.00000000000000000000, 0.00000000000000000000, 0.00000000000000000000, 1.00000000000000000000, 1.00000000000000000000, 1.00000000000000000000, 1.00000000000000000000, 1.00000000000000000000, 1.00000000000000000000, 1.00000000000000000000, 1.00000000000000000000, 1.00000000000000000000, 1.00000000000000000000, 1.00000000000000000000, 1.00000000000000000000, 1.00000000000000000000, 1.00000000000000000000, 1.00000000000000000000, 1.00000000000000000000, 1.00000000000000000000, 1.00000000000000000000, 1.00000000000000000000, 1.00000000000000000000, 1.00000000000000000000, 1.00000000000000000000, 1.00000000000000000000, 1.00000000000000000000, 1.00000000000000000000, 0.50000000000000000000, 0.50000000000000000000, 0.50000000000000000000, 0.50000000000000000000, 0.50000000000000000000, 0.50000000000000000000, 0.50000000000000000000, 0.50000000000000000000, 1.00000000000000000000, 1.00000000000000000000, 1.00000000000000000000, 1.00000000000000000000, 1.00000000000000000000, 1.00000000000000000000, 1.00000000000000000000, 1.00000000000000000000, 1.00000000000000000000, 1.00000000000000000000, 1.00000000000000000000, 1.00000000000000000000, 1.00000000000000000000, 1.00000000000000000000, 1.00000000000000000000, 1.00000000000000000000, 1.00000000000000000000]
client.PCon=[1.00000000000000000000, 1.00000000000000000000]
time=[0.00000000000000000000, 172800.00000000000000000000]
