last-generated=2015-05-08
statistics-simulation={'numerical Jacobians': '0', 'nonlinear': '1', 'linear': ' '}
TBlaSky.TBlaSky=[249.155670166015625, 248.9548187255859375, 248.8697052001953125, 248.914459228515625, 249.1075439453125, 249.5235443115234375, 250.181732177734375, 250.89892578125, 251.4248199462890625, 251.6193695068359375, 251.8007965087890625, 251.985626220703125, 252.158599853515625, 252.2882843017578125, 252.2978363037109375, 252.2458038330078125, 252.210845947265625, 252.269805908203125, 252.4337615966796875, 252.635528564453125, 252.8040008544921875, 252.8699951171875, 252.871490478515625, 252.8618927001953125, 252.8557586669921875, 252.867645263671875, 252.8946990966796875, 252.9239959716796875, 252.9550018310546875, 252.9871673583984375, 252.8537445068359375, 252.33660888671875, 251.6140289306640625, 250.856689453125, 249.826507568359375, 248.54638671875, 247.4205780029296875, 246.0095977783203125, 246.171905517578125, 246.6681671142578125, 247.2144012451171875, 247.7295379638671875, 248.149383544921875, 248.6208648681640625, 249.156829833984375, 249.70477294921875, 250.2139129638671875, 250.8261871337890625, 251.8548736572265625, 252.9691009521484375, 254.032989501953125, 255.1843109130859375, 256.366302490234375, 257.7374267578125, 259.129730224609375, 260.00738525390625, 260.805755615234375, 261.43548583984375, 261.805328369140625, 261.892303466796875, 261.87542724609375, 261.854156494140625, 261.915435791015625, 262.169891357421875, 262.730133056640625, 263.421661376953125, 263.976470947265625, 264.111236572265625, 264.111236572265625, 264.111236572265625, 264.111236572265625, 264.109375, 264.03118896484375, 263.87469482421875, 263.69036865234375, 263.52874755859375, 263.398681640625, 263.2762451171875, 263.162750244140625, 263.059478759765625, 263.107757568359375, 263.448760986328125, 263.8800048828125, 264.1922607421875, 264.2308349609375, 264.107696533203125, 263.932830810546875, 263.808441162109375, 263.832122802734375, 264.0003662109375, 264.212615966796875, 264.36431884765625, 264.248748779296875, 262.8402099609375, 260.960662841796875, 259.50982666015625, 258.693359375, 258.1749267578125, 257.743682861328125, 257.350860595703125, 256.965423583984375]
time=[0., 86400.]
