last-generated=2013-10-03
irRadExc.conPar_a[1].T=[293.14761352539062500000, 293.14761352539062500000]
irRadExc.conBou[1].T=[293.14761352539062500000, 293.14761352539062500000]
irRadExc.conExtWin[1].T=[293.14877319335937500000, 293.14877319335937500000]
time=[0.00000000000000000000, 1.00000000000000000000]
irRadExc.conSurBou[1].T=[293.14776611328125000000, 293.14776611328125000000]
irRadExc.conExt[1].T=[293.14761352539062500000, 293.14761352539062500000]
irRadExc.conPar_b[1].T=[293.14761352539062500000, 293.14761352539062500000]
irRadExc.conExtWinFra[1].T=[293.14990234375000000000, 293.14990234375000000000]
