last-generated=2015-05-08
statistics-simulation={'numerical Jacobians': '0', 'nonlinear': ' ', 'linear': ' '}
polynominal.y=[1., 1.01999998137355607497, 1.0399999627471119279, 1.0599999441206666706, 1.08000004470348698327, 1.09999996274709421762, 1.12000000745054562046, 1.14000004470348148544, 1.15999997019768419371, 1.17999994039546174385, 1.20000004470347798602, 1.22000002980230459748, 1.24000001490108124891, 1.26000004470346360641, 1.27999997019767319806, 1.2999999403955329047, 1.32000005960453825615, 1.33999997019767769224, 1.35999999999978671283, 1.37999999999992906119, 1.39999997019767752349, 1.4199999701978729405, 1.44000005960460919496, 1.45999998509886319553, 1.48000002980216249782, 1.5, 1.52000000000000001776, 1.54000000000000003553, 1.55999994039539080504, 1.58000005960439615649, 1.59999999999964481745, 1.62000000000007116085, 1.64000000000000012434, 1.66000002980234917516, 1.67999994039546196589, 1.69999999999999995559, 1.71999999999957364771, 1.73999999999985788257, 1.76000000000014211743, 1.78000002980231353256, 1.7999999403955329047, 1.81999999999999984013, 1.84000005960425405682, 1.85999999999978671283, 1.87999999999992906119, 1.90000002980227788996, 1.91999994039535515356, 1.93999999999999994671, 1.96000005960432499563, 1.97999999999971576514, 2., 2.01999999999943158357, 2.04000000000056846972, 2.05999994039539080504, 2.07999988079135000874, 2.10000005960517777126, 2.11999988079078161007, 2.13999994039468033336, 2.16000011920829493306, 2.18000011920772651663, 2.20000000000142081902, 2.22000000000085240259, 2.24000000000028398617, 2.25999999999971601383, 2.28000000000042613024, 2.29999994039553268266, 2.31999988079149188636, 2.34000005960503543179, 2.35999988079092393178, 2.38000000000014200197, 2.4000001192089341906, 2.4200001192080105028, 2.44000000000170524928, 2.46000000000113683285, 2.48000000000056841643, 2.5, 2.51999999999943158357, 2.53999994039567500437, 2.56000000000085270457, 2.5800000596048935364, 2.5999998807910658094, 2.61999999999985799803, 2.64000011920907651231, 2.65999994039496456821, 2.68000011920772651663, 2.70000000000142081902, 2.72000000000085240259, 2.74000000000028398617, 2.75999999999971601383, 2.77999999999914759741, 2.8000000000007103651, 2.81999994039524892742, 2.83999988079120768703, 2.86000005960531966664, 2.88000011920921838993, 2.89999994039482222874, 2.9200001192080105028, 2.94000000000170524928, 2.96000000000113683285, 2.98000000000056841643, 3.]
time=[0., 1.]
