last-generated=2016-11-28
statistics-initialization=
{
  "numerical Jacobians": "0", 
  "nonlinear": "14"
}
statistics-simulation=
{
  "numerical Jacobians": "0", 
  "nonlinear": " ", 
  "linear": " "
}
err_V3[3]=[0.03418730571866035461, 0.03418730571866035461]
err_V4[1]=[0.3842061161994934082, 0.3842061161994934082]
err_V4[3]=[-0.3924465477466583252, -0.3924465477466583252]
err_V4[2]=[0.25135761499404907227, 0.25135761499404907227]
err_V2[3]=[-0.91753607988357543945, -0.91753607988357543945]
err_V2[1]=[-0.48310476541519165039, -0.48310476541519165039]
time=[0., 1.]
err_V3[2]=[0.07868297398090362549, 0.07868297398090362549]
err_V2[2]=[-0.72321540117263793945, -0.72321540117263793945]
err_V3[1]=[0.27854707837104797363, 0.27854707837104797363]
err_Theta4[1]=[0.00066647038329392672, 0.00066647038329392672]
err_Theta4[3]=[-0.00031413094257004559, -0.00031413094257004559]
err_Theta3[2]=[-0.00045708668767474592, -0.00045708668767474592]
err_Theta4[2]=[0.00039559940341860056, 0.00039559940341860056]
err_Theta3[3]=[-0.00001648126817599405, -0.00001648126817599405]
err_Theta3[1]=[-0.0004302354936953634, -0.0004302354936953634]
err_Theta2[3]=[0.00051896082004532218, 0.00051896082004532218]
err_Theta2[2]=[-0.00030694564338773489, -0.00030694564338773489]
err_Theta2[1]=[-0.0001330401428276673, -0.0001330401428276673]
