last-generated=2026-10-10
statistics-initialization=
{
  "linear": "0, 0, 0, 0, 0, 0, 0",
  "nonlinear": "1, 0, 0, 0, 0, 0, 0, 0, 0, 0, 0, 0, 0, 0, 0, 0, 0, 0, 0, 0, 0, 0, 0, 0, 0, 1, 1,   2, 0, 0, 0, 1, 3, 0, 0, 1",
  "numerical Jacobians": "0"
}
statistics-simulation=
{
  "linear": "0, 0, 0, 0, 0, 0, 0, 0, 0, 0, 0, 4, 0",
  "nonlinear": "0, 2, 0, 5, 0, 0, 0, 0, 1, 0, 0, 1, 1, 1",
  "number of continuous time states": "78",
  "numerical Jacobians": "0"
}
time=[1.6848e+07, 1.728e+07]
flo.sou.TAir=[2.931499938964844e+02, 2.973399658203125e+02, 2.974220275878906e+02, 2.974153137207031e+02, 2.973896484375e+02, 2.978293762207031e+02, 2.968868103027344e+02, 2.970271911621094e+02, 2.972079162597656e+02, 2.971778259277344e+02, 2.972371826171875e+02, 2.972091369628906e+02, 2.971261901855469e+02, 2.971504821777344e+02, 2.971882934570312e+02, 2.970440979003906e+02, 2.982647705078125e+02, 2.982390747070312e+02, 2.983786315917969e+02, 2.985188293457031e+02, 2.986072998046875e+02, 2.985230407714844e+02, 2.985023193359375e+02, 2.984842529296875e+02, 2.984773864746094e+02, 2.98759521484375e+02, 2.968795776367188e+02, 2.970791015625e+02, 2.971619873046875e+02, 2.971600952148438e+02, 2.971484680175781e+02, 2.971457824707031e+02, 2.971357727050781e+02, 2.97144287109375e+02, 2.971415100097656e+02, 2.971290283203125e+02, 2.986745300292969e+02, 2.989502868652344e+02, 2.99070068359375e+02, 2.990881042480469e+02, 2.992165832519531e+02, 2.992196044921875e+02, 2.991914672851562e+02, 2.991600646972656e+02, 2.99177490234375e+02, 2.994053039550781e+02, 2.981406860351562e+02, 2.968805847167969e+02, 2.972555236816406e+02, 2.969286804199219e+02, 2.973184814453125e+02, 2.972301330566406e+02, 2.974099731445312e+02, 2.97480224609375e+02, 2.974944763183594e+02, 2.974898986816406e+02, 2.993394775390625e+02, 2.997068786621094e+02, 2.998049621582031e+02, 2.9975390625e+02, 2.997359313964844e+02, 2.996820068359375e+02, 2.996339416503906e+02, 2.996119384765625e+02, 2.995627136230469e+02, 2.998302001953125e+02, 2.978926391601562e+02, 2.970396118164062e+02, 2.973114929199219e+02, 2.972780151367188e+02, 2.974854125976562e+02, 2.974570922851562e+02, 2.975389404296875e+02, 2.974959716796875e+02, 2.969744873046875e+02, 2.973268127441406e+02, 2.9950927734375e+02, 2.997711181640625e+02, 2.998584289550781e+02, 2.998563842773438e+02, 2.998227233886719e+02, 2.997967834472656e+02, 2.997127990722656e+02, 2.996636047363281e+02, 2.996664733886719e+02, 2.998415222167969e+02, 2.976953735351562e+02, 2.971100463867188e+02, 2.970851745605469e+02, 2.973903198242188e+02, 2.969238891601562e+02, 2.975029602050781e+02, 2.975479736328125e+02, 2.975848999023438e+02, 2.96707763671875e+02, 2.9651220703125e+02, 2.993000183105469e+02, 2.996014709472656e+02, 2.996990051269531e+02, 2.997060241699219e+02, 2.996902770996094e+02]
flo.eas.TAir=[2.931499938964844e+02, 2.973565979003906e+02, 2.973162536621094e+02, 2.972899169921875e+02, 2.976182861328125e+02, 2.984952392578125e+02, 2.972874755859375e+02, 2.971717529296875e+02, 2.97140625e+02, 2.971264953613281e+02, 2.971726989746094e+02, 2.971635131835938e+02, 2.971474609375e+02, 2.971466979980469e+02, 2.970749816894531e+02, 2.9686279296875e+02, 2.982770385742188e+02, 2.983309631347656e+02, 2.985395202636719e+02, 2.986495056152344e+02, 2.987306213378906e+02, 2.986684875488281e+02, 2.986382446289062e+02, 2.986332092285156e+02, 2.987499389648438e+02, 2.994979553222656e+02, 2.977630920410156e+02, 2.972220458984375e+02, 2.971009216308594e+02, 2.971134338378906e+02, 2.97145751953125e+02, 2.971517028808594e+02, 2.971488647460938e+02, 2.971448059082031e+02, 2.97140380859375e+02, 2.971381530761719e+02, 2.987588500976562e+02, 2.990193786621094e+02, 2.9916357421875e+02, 2.992343139648438e+02, 2.993881225585938e+02, 2.994075622558594e+02, 2.993993835449219e+02, 2.993720397949219e+02, 2.994458312988281e+02, 2.998577880859375e+02, 2.984533081054688e+02, 2.970863952636719e+02, 2.972679748535156e+02, 2.972973937988281e+02, 2.969786987304688e+02, 2.971604919433594e+02, 2.971664733886719e+02, 2.971159362792969e+02, 2.972251892089844e+02, 2.973683776855469e+02, 2.9944970703125e+02, 2.997799987792969e+02, 2.999109497070312e+02, 2.999007568359375e+02, 2.998865661621094e+02, 2.998587036132812e+02, 2.998172912597656e+02, 2.997708740234375e+02, 2.998157348632812e+02, 3.002799682617188e+02, 2.980514526367188e+02, 2.973948364257812e+02, 2.969676818847656e+02, 2.970858764648438e+02, 2.973392944335938e+02, 2.971475524902344e+02, 2.971329040527344e+02, 2.971722412109375e+02, 2.969035949707031e+02, 2.9734326171875e+02, 2.995047607421875e+02, 2.99833740234375e+02, 2.99973388671875e+02, 2.999892578125e+02, 2.999674377441406e+02, 2.999434509277344e+02, 2.998843078613281e+02, 2.998308715820312e+02, 2.998912963867188e+02, 3.00392333984375e+02, 2.972998352050781e+02, 2.970765991210938e+02, 2.972334899902344e+02, 2.971336975097656e+02, 2.971458435058594e+02, 2.9707373046875e+02, 2.97177734375e+02, 2.971443481445312e+02, 2.970102233886719e+02, 2.971347045898438e+02, 2.994267272949219e+02, 2.997011108398438e+02, 2.998203735351562e+02, 2.998300476074219e+02, 2.998153381347656e+02]
flo.nor.TAir=[2.931499938964844e+02, 2.973004760742188e+02, 2.9728564453125e+02, 2.97394775390625e+02, 2.974892578125e+02, 2.980609436035156e+02, 2.968802185058594e+02, 2.969632873535156e+02, 2.971203308105469e+02, 2.9715576171875e+02, 2.970548706054688e+02, 2.971069641113281e+02, 2.971526489257812e+02, 2.971504211425781e+02, 2.970287170410156e+02, 2.968218078613281e+02, 2.979967346191406e+02, 2.982158813476562e+02, 2.983482666015625e+02, 2.984569702148438e+02, 2.985451965332031e+02, 2.984770812988281e+02, 2.984470825195312e+02, 2.984616088867188e+02, 2.985372619628906e+02, 2.989220581054688e+02, 2.968556823730469e+02, 2.970338439941406e+02, 2.970951843261719e+02, 2.971087646484375e+02, 2.971365966796875e+02, 2.971553039550781e+02, 2.97153076171875e+02, 2.971465454101562e+02, 2.971432189941406e+02, 2.971296997070312e+02, 2.985218200683594e+02, 2.987804565429688e+02, 2.989208068847656e+02, 2.990013732910156e+02, 2.991645812988281e+02, 2.991982116699219e+02, 2.991976928710938e+02, 2.991774291992188e+02, 2.992311401367188e+02, 2.995044555664062e+02, 2.981135864257812e+02, 2.968933410644531e+02, 2.971778259277344e+02, 2.971937255859375e+02, 2.971177062988281e+02, 2.972033996582031e+02, 2.971953430175781e+02, 2.973226013183594e+02, 2.975300598144531e+02, 2.974613647460938e+02, 2.992088928222656e+02, 2.995801086425781e+02, 2.99705078125e+02, 2.996999206542969e+02, 2.996935119628906e+02, 2.996779174804688e+02, 2.996417846679688e+02, 2.995990600585938e+02, 2.996233520507812e+02, 2.998932495117188e+02, 2.978630065917969e+02, 2.9696533203125e+02, 2.972347717285156e+02, 2.971207275390625e+02, 2.973138427734375e+02, 2.971307067871094e+02, 2.973240356445312e+02, 2.973283996582031e+02, 2.971932373046875e+02, 2.973567504882812e+02, 2.993131103515625e+02, 2.996361694335938e+02, 2.997669372558594e+02, 2.997831420898438e+02, 2.997757263183594e+02, 2.9975537109375e+02, 2.9970361328125e+02, 2.9965771484375e+02, 2.9969189453125e+02, 2.999811096191406e+02, 2.976765441894531e+02, 2.970354614257812e+02, 2.972054443359375e+02, 2.972277526855469e+02, 2.97233154296875e+02, 2.972729187011719e+02, 2.97359130859375e+02, 2.974546813964844e+02, 2.969577331542969e+02, 2.967011108398438e+02, 2.992105407714844e+02, 2.994902648925781e+02, 2.996403198242188e+02, 2.996019897460938e+02, 2.99591064453125e+02]
flo.wes.TAir=[2.931499938964844e+02, 2.974428405761719e+02, 2.975328979492188e+02, 2.975447998046875e+02, 2.975643920898438e+02, 2.980069885253906e+02, 2.966863403320312e+02, 2.967531433105469e+02, 2.969417114257812e+02, 2.970734558105469e+02, 2.969456176757812e+02, 2.97071044921875e+02, 2.97177734375e+02, 2.971160888671875e+02, 2.971435852050781e+02, 2.968611450195312e+02, 2.983370666503906e+02, 2.98392578125e+02, 2.985298767089844e+02, 2.986266174316406e+02, 2.98714111328125e+02, 2.986367492675781e+02, 2.986201171875e+02, 2.985745544433594e+02, 2.985701599121094e+02, 2.988381958007812e+02, 2.966878662109375e+02, 2.970704345703125e+02, 2.971392211914062e+02, 2.971374816894531e+02, 2.971407165527344e+02, 2.972008666992188e+02, 2.971944274902344e+02, 2.971822814941406e+02, 2.970581970214844e+02, 2.970796813964844e+02, 2.991233520507812e+02, 2.991128845214844e+02, 2.992914123535156e+02, 2.993543395996094e+02, 2.994712219238281e+02, 2.994820861816406e+02, 2.994648132324219e+02, 2.994170227050781e+02, 2.994323120117188e+02, 2.996508178710938e+02, 2.980157165527344e+02, 2.973466186523438e+02, 2.970217895507812e+02, 2.971262512207031e+02, 2.969621887207031e+02, 2.972198181152344e+02, 2.972689819335938e+02, 2.975119018554688e+02, 2.979291076660156e+02, 2.973492126464844e+02, 2.997328491210938e+02, 2.99898193359375e+02, 3.000050964355469e+02, 2.999640197753906e+02, 2.999422302246094e+02, 2.99894775390625e+02, 2.99838623046875e+02, 2.997660827636719e+02, 2.99728759765625e+02, 2.999664916992188e+02, 2.977540283203125e+02, 2.972312622070312e+02, 2.971838073730469e+02, 2.971459655761719e+02, 2.973478088378906e+02, 2.972314453125e+02, 2.973267822265625e+02, 2.976413269042969e+02, 2.966802368164062e+02, 2.970039978027344e+02, 2.998507385253906e+02, 2.999872741699219e+02, 3.000996704101562e+02, 3.000902404785156e+02, 3.00051025390625e+02, 3.000125122070312e+02, 2.999375915527344e+02, 2.998679504394531e+02, 2.998125e+02, 3.000225219726562e+02, 2.977076721191406e+02, 2.972019348144531e+02, 2.971410217285156e+02, 2.971632690429688e+02, 2.971454162597656e+02, 2.971362609863281e+02, 2.973144836425781e+02, 2.975841369628906e+02, 2.965340270996094e+02, 2.968469848632812e+02, 2.996231994628906e+02, 2.997675170898438e+02, 2.998590087890625e+02, 2.99829833984375e+02, 2.998309326171875e+02]
flo.cor.TAir=[2.931499938964844e+02, 2.97200927734375e+02, 2.972945251464844e+02, 2.973352966308594e+02, 2.973798828125e+02, 2.979116516113281e+02, 2.96744140625e+02, 2.967330322265625e+02, 2.968379516601562e+02, 2.968562316894531e+02, 2.967624816894531e+02, 2.967737121582031e+02, 2.967909545898438e+02, 2.968080444335938e+02, 2.967351989746094e+02, 2.965654602050781e+02, 2.978917846679688e+02, 2.980572814941406e+02, 2.982091979980469e+02, 2.9832177734375e+02, 2.984107360839844e+02, 2.983840637207031e+02, 2.983756103515625e+02, 2.983727722167969e+02, 2.983991394042969e+02, 2.9875927734375e+02, 2.967270202636719e+02, 2.967646484375e+02, 2.967848510742188e+02, 2.967831420898438e+02, 2.967893981933594e+02, 2.968039855957031e+02, 2.968084106445312e+02, 2.968087768554688e+02, 2.968000793457031e+02, 2.967939758300781e+02, 2.983980102539062e+02, 2.986320495605469e+02, 2.987901916503906e+02, 2.988672485351562e+02, 2.990342407226562e+02, 2.990753173828125e+02, 2.990859375e+02, 2.990770568847656e+02, 2.991160888671875e+02, 2.993452758789062e+02, 2.979168090820312e+02, 2.972004699707031e+02, 2.970643310546875e+02, 2.971313781738281e+02, 2.97021484375e+02, 2.97161376953125e+02, 2.9717236328125e+02, 2.97136474609375e+02, 2.973074645996094e+02, 2.973041687011719e+02, 2.990791015625e+02, 2.994467468261719e+02, 2.995791625976562e+02, 2.995761413574219e+02, 2.995716552734375e+02, 2.995570983886719e+02, 2.995292663574219e+02, 2.994971008300781e+02, 2.994978332519531e+02, 2.997350158691406e+02, 2.976732788085938e+02, 2.970968627929688e+02, 2.971585998535156e+02, 2.971462097167969e+02, 2.973204650878906e+02, 2.971077575683594e+02, 2.971651000976562e+02, 2.971672668457031e+02, 2.970295715332031e+02, 2.970397033691406e+02, 2.991889343261719e+02, 2.995123291015625e+02, 2.996463928222656e+02, 2.996661376953125e+02, 2.996563415527344e+02, 2.996472778320312e+02, 2.996045227050781e+02, 2.995656433105469e+02, 2.995712890625e+02, 2.99814453125e+02, 2.975354309082031e+02, 2.970532531738281e+02, 2.9711962890625e+02, 2.971754760742188e+02, 2.971726379394531e+02, 2.971106567382812e+02, 2.971924743652344e+02, 2.971624450683594e+02, 2.97020751953125e+02, 2.967740478515625e+02, 2.990419921875e+02, 2.993846435546875e+02, 2.99505126953125e+02, 2.995165405273438e+02, 2.995136413574219e+02]
hvac.TSetRoo.setPoiHea.y=[2.851499938964844e+02, 2.851499938964844e+02, 2.851499938964844e+02, 2.851499938964844e+02, 2.851499938964844e+02, 2.851499938964844e+02, 2.931499938964844e+02, 2.931499938964844e+02, 2.931499938964844e+02, 2.931499938964844e+02, 2.931499938964844e+02, 2.931499938964844e+02, 2.931499938964844e+02, 2.931499938964844e+02, 2.931499938964844e+02, 2.931499938964844e+02, 2.851499938964844e+02, 2.851499938964844e+02, 2.851499938964844e+02, 2.851499938964844e+02, 2.851499938964844e+02, 2.851499938964844e+02, 2.851499938964844e+02, 2.851499938964844e+02, 2.851499938964844e+02, 2.851499938964844e+02, 2.931499938964844e+02, 2.931499938964844e+02, 2.931499938964844e+02, 2.931499938964844e+02, 2.931499938964844e+02, 2.931499938964844e+02, 2.931499938964844e+02, 2.931499938964844e+02, 2.931499938964844e+02, 2.931499938964844e+02, 2.851499938964844e+02, 2.851499938964844e+02, 2.851499938964844e+02, 2.851499938964844e+02, 2.851499938964844e+02, 2.851499938964844e+02, 2.851499938964844e+02, 2.851499938964844e+02, 2.851499938964844e+02, 2.851499938964844e+02, 2.931499938964844e+02, 2.931499938964844e+02, 2.931499938964844e+02, 2.931499938964844e+02, 2.931499938964844e+02, 2.931499938964844e+02, 2.931499938964844e+02, 2.931499938964844e+02, 2.931499938964844e+02, 2.931499938964844e+02, 2.851499938964844e+02, 2.851499938964844e+02, 2.851499938964844e+02, 2.851499938964844e+02, 2.851499938964844e+02, 2.851499938964844e+02, 2.851499938964844e+02, 2.851499938964844e+02, 2.851499938964844e+02, 2.851499938964844e+02, 2.931499938964844e+02, 2.931499938964844e+02, 2.931499938964844e+02, 2.931499938964844e+02, 2.931499938964844e+02, 2.931499938964844e+02, 2.931499938964844e+02, 2.931499938964844e+02, 2.931499938964844e+02, 2.931499938964844e+02, 2.851499938964844e+02, 2.851499938964844e+02, 2.851499938964844e+02, 2.851499938964844e+02, 2.851499938964844e+02, 2.851499938964844e+02, 2.851499938964844e+02, 2.851499938964844e+02, 2.851499938964844e+02, 2.851499938964844e+02, 2.931499938964844e+02, 2.931499938964844e+02, 2.931499938964844e+02, 2.931499938964844e+02, 2.931499938964844e+02, 2.931499938964844e+02, 2.931499938964844e+02, 2.931499938964844e+02, 2.931499938964844e+02, 2.931499938964844e+02, 2.851499938964844e+02, 2.851499938964844e+02, 2.851499938964844e+02, 2.851499938964844e+02, 2.851499938964844e+02]
hvac.TSetRoo.setPoiCoo.y=[3.031499938964844e+02, 3.031499938964844e+02, 3.031499938964844e+02, 3.031499938964844e+02, 3.031499938964844e+02, 3.031499938964844e+02, 2.971499938964844e+02, 2.971499938964844e+02, 2.971499938964844e+02, 2.971499938964844e+02, 2.971499938964844e+02, 2.971499938964844e+02, 2.971499938964844e+02, 2.971499938964844e+02, 2.971499938964844e+02, 2.971499938964844e+02, 3.031499938964844e+02, 3.031499938964844e+02, 3.031499938964844e+02, 3.031499938964844e+02, 3.031499938964844e+02, 3.031499938964844e+02, 3.031499938964844e+02, 3.031499938964844e+02, 3.031499938964844e+02, 3.031499938964844e+02, 2.971499938964844e+02, 2.971499938964844e+02, 2.971499938964844e+02, 2.971499938964844e+02, 2.971499938964844e+02, 2.971499938964844e+02, 2.971499938964844e+02, 2.971499938964844e+02, 2.971499938964844e+02, 2.971499938964844e+02, 3.031499938964844e+02, 3.031499938964844e+02, 3.031499938964844e+02, 3.031499938964844e+02, 3.031499938964844e+02, 3.031499938964844e+02, 3.031499938964844e+02, 3.031499938964844e+02, 3.031499938964844e+02, 3.031499938964844e+02, 2.971499938964844e+02, 2.971499938964844e+02, 2.971499938964844e+02, 2.971499938964844e+02, 2.971499938964844e+02, 2.971499938964844e+02, 2.971499938964844e+02, 2.971499938964844e+02, 2.971499938964844e+02, 2.971499938964844e+02, 3.031499938964844e+02, 3.031499938964844e+02, 3.031499938964844e+02, 3.031499938964844e+02, 3.031499938964844e+02, 3.031499938964844e+02, 3.031499938964844e+02, 3.031499938964844e+02, 3.031499938964844e+02, 3.031499938964844e+02, 2.971499938964844e+02, 2.971499938964844e+02, 2.971499938964844e+02, 2.971499938964844e+02, 2.971499938964844e+02, 2.971499938964844e+02, 2.971499938964844e+02, 2.971499938964844e+02, 2.971499938964844e+02, 2.971499938964844e+02, 3.031499938964844e+02, 3.031499938964844e+02, 3.031499938964844e+02, 3.031499938964844e+02, 3.031499938964844e+02, 3.031499938964844e+02, 3.031499938964844e+02, 3.031499938964844e+02, 3.031499938964844e+02, 3.031499938964844e+02, 2.971499938964844e+02, 2.971499938964844e+02, 2.971499938964844e+02, 2.971499938964844e+02, 2.971499938964844e+02, 2.971499938964844e+02, 2.971499938964844e+02, 2.971499938964844e+02, 2.971499938964844e+02, 2.971499938964844e+02, 3.031499938964844e+02, 3.031499938964844e+02, 3.031499938964844e+02, 3.031499938964844e+02, 3.031499938964844e+02]
hvac.fanSup.y=[0e+00, 0e+00, 0e+00, 0e+00, 0e+00, 0e+00, 2.944426238536835e-01, 3.172924220561981e-01, 3.276341557502747e-01, 3.328149914741516e-01, 3.222423791885376e-01, 3.270745873451233e-01, 3.531500995159149e-01, 3.704113960266113e-01, 3.341509699821472e-01, 3.166311383247375e-01, 0e+00, 0e+00, 0e+00, 0e+00, 0e+00, 0e+00, 0e+00, 0e+00, 0e+00, 0e+00, 3.086192607879639e-01, 3.44118744134903e-01, 3.45281183719635e-01, 3.318548500537872e-01, 3.388682901859283e-01, 3.480747044086456e-01, 3.683869540691376e-01, 3.791689276695251e-01, 3.79899650812149e-01, 3.600626587867737e-01, 0e+00, 0e+00, 0e+00, 0e+00, 0e+00, 0e+00, 0e+00, 0e+00, 0e+00, 0e+00, 4.842403829097748e-01, 1e+00, 9.64880108833313e-01, 1e+00, 8.912220001220703e-01, 1e+00, 1e+00, 1e+00, 6.168386936187744e-01, 4.14277583360672e-01, 0e+00, 0e+00, 0e+00, 0e+00, 0e+00, 0e+00, 0e+00, 0e+00, 0e+00, 0e+00, 6.930611729621887e-01, 1e+00, 1e+00, 1e+00, 8.111476898193359e-01, 1e+00, 1e+00, 1e+00, 8.842565417289734e-01, 4.719492197036743e-01, 0e+00, 0e+00, 0e+00, 0e+00, 0e+00, 0e+00, 0e+00, 0e+00, 0e+00, 0e+00, 8.260374069213867e-01, 1e+00, 1e+00, 1e+00, 1e+00, 1e+00, 1e+00, 1e+00, 1e+00, 5.440995097160339e-01, 0e+00, 0e+00, 0e+00, 0e+00, 0e+00]
hvac.VAVBox[5].vav.y_actual=[1e+00, 6.041709184646606e-01, 1e+00, 1e+00, 1e+00, 1e+00, 4.259642660617828e-01, 4.645003378391266e-01, 4.6917724609375e-01, 4.697111248970032e-01, 4.688666164875031e-01, 4.697228968143463e-01, 4.722228050231934e-01, 4.742168486118317e-01, 4.71022754907608e-01, 4.686101078987122e-01, 5.817558169364929e-01, 1e+00, 1e+00, 1e+00, 1e+00, 1e+00, 1e+00, 1e+00, 1e+00, 1e+00, 4.327327907085419e-01, 4.683302640914917e-01, 4.711832404136658e-01, 4.697863757610321e-01, 4.696783721446991e-01, 4.704491496086121e-01, 4.726478457450867e-01, 4.742831885814667e-01, 4.746643304824829e-01, 4.729011952877045e-01, 5.839589238166809e-01, 1e+00, 1e+00, 1e+00, 1e+00, 1e+00, 1e+00, 1e+00, 1e+00, 1e+00, 4.6198770403862e-01, 5.796812772750854e-01, 7.234088778495789e-01, 6.04156494140625e-01, 6.753084063529968e-01, 6.295837163925171e-01, 6.871356964111328e-01, 7.685494422912598e-01, 3.621544539928436e-01, 5.171787738800049e-01, 6.040036082267761e-01, 1e+00, 1e+00, 1e+00, 1e+00, 1e+00, 1e+00, 1e+00, 1e+00, 1e+00, 4.356160461902618e-01, 6.832724213600159e-01, 6.448522210121155e-01, 6.686760187149048e-01, 5.152286887168884e-01, 7.147293090820312e-01, 7.658595442771912e-01, 7.733584642410278e-01, 3.723288178443909e-01, 4.617918133735657e-01, 6.342898011207581e-01, 1e+00, 1e+00, 1e+00, 1e+00, 1e+00, 1e+00, 1e+00, 1e+00, 1e+00, 4.380851984024048e-01, 7.055352330207825e-01, 6.69194757938385e-01, 6.954185962677002e-01, 5.693771839141846e-01, 7.517567873001099e-01, 7.424298524856567e-01, 8.574756979942322e-01, 4.059438109397888e-01, 5.198501348495483e-01, 6.149988770484924e-01, 1e+00, 1e+00, 1e+00, 1e+00]
hvac.VAVBox[1].vav.y_actual=[1e+00, 6.041716933250427e-01, 1e+00, 1e+00, 1e+00, 1e+00, 4.270337224006653e-01, 4.645701348781586e-01, 4.89067405462265e-01, 5.529735684394836e-01, 5.454629063606262e-01, 5.691916942596436e-01, 6.374731063842773e-01, 6.331946849822998e-01, 5.905171036720276e-01, 4.982241988182068e-01, 5.847840905189514e-01, 1e+00, 1e+00, 1e+00, 1e+00, 1e+00, 1e+00, 1e+00, 1e+00, 1e+00, 4.36440646648407e-01, 4.724753797054291e-01, 4.862888753414154e-01, 5.386203527450562e-01, 5.761492848396301e-01, 5.917552709579468e-01, 5.788288116455078e-01, 5.510526299476624e-01, 5.436000227928162e-01, 5.145825743675232e-01, 5.906691551208496e-01, 1e+00, 1e+00, 1e+00, 1e+00, 1e+00, 1e+00, 1e+00, 1e+00, 1e+00, 4.94418740272522e-01, 9.426126480102539e-01, 9.928826093673706e-01, 1e+00, 1e+00, 1e+00, 1e+00, 1e+00, 4.891970753669739e-01, 6.268319487571716e-01, 7.515497803688049e-01, 1e+00, 1e+00, 1e+00, 1e+00, 1e+00, 1e+00, 1e+00, 1e+00, 1e+00, 4.81681615114212e-01, 1e+00, 7.856218218803406e-01, 1e+00, 6.716837882995605e-01, 1e+00, 1e+00, 1e+00, 5.387941598892212e-01, 5.695226192474365e-01, 7.925600409507751e-01, 1e+00, 1e+00, 1e+00, 1e+00, 1e+00, 1e+00, 1e+00, 1e+00, 1e+00, 5.015977025032043e-01, 1e+00, 1e+00, 1e+00, 9.303368330001831e-01, 1e+00, 1e+00, 1e+00, 6.482388377189636e-01, 7.471228241920471e-01, 7.9212486743927e-01, 1e+00, 1e+00, 1e+00, 1e+00]
hvac.VAVBox[2].vav.y_actual=[1e+00, 5.549840927124023e-01, 1e+00, 1e+00, 1e+00, 1e+00, 4.5553919672966e-01, 5.162866115570068e-01, 5.725460648536682e-01, 5.171471238136292e-01, 4.603793621063232e-01, 4.73400741815567e-01, 4.913468658924103e-01, 4.93125706911087e-01, 4.599977135658264e-01, 4.529260694980621e-01, 5.565124154090881e-01, 1e+00, 1e+00, 1e+00, 1e+00, 1e+00, 1e+00, 1e+00, 1e+00, 1e+00, 4.666977822780609e-01, 6.961172223091125e-01, 6.601966023445129e-01, 5.359663367271423e-01, 5.128201842308044e-01, 5.227537751197815e-01, 5.323647260665894e-01, 5.182135701179504e-01, 5.054556727409363e-01, 4.777085185050964e-01, 5.611862540245056e-01, 1e+00, 1e+00, 1e+00, 1e+00, 1e+00, 1e+00, 1e+00, 1e+00, 1e+00, 5.34982442855835e-01, 1e+00, 1e+00, 6.541332602500916e-01, 7.673145532608032e-01, 6.99184238910675e-01, 7.656131982803345e-01, 8.130239844322205e-01, 4.412080645561218e-01, 5.698474645614624e-01, 6.625134348869324e-01, 1e+00, 1e+00, 1e+00, 1e+00, 1e+00, 1e+00, 1e+00, 1e+00, 1e+00, 5.307127833366394e-01, 1e+00, 1e+00, 7.680622935295105e-01, 5.777623057365417e-01, 7.619068026542664e-01, 8.302658200263977e-01, 7.931572794914246e-01, 4.679625332355499e-01, 4.772118628025055e-01, 6.737436652183533e-01, 1e+00, 1e+00, 1e+00, 1e+00, 1e+00, 1e+00, 1e+00, 1e+00, 1e+00, 5.606715083122253e-01, 1e+00, 7.608247995376587e-01, 7.878860235214233e-01, 6.415725946426392e-01, 8.112090229988098e-01, 8.016193509101868e-01, 8.465558290481567e-01, 5.13943612575531e-01, 5.438167452812195e-01, 6.814237833023071e-01, 1e+00, 1e+00, 1e+00, 1e+00]
hvac.VAVBox[3].vav.y_actual=[1e+00, 6.041716933250427e-01, 1e+00, 1e+00, 1e+00, 1e+00, 4.322640597820282e-01, 4.649082124233246e-01, 4.692025184631348e-01, 4.87987607717514e-01, 4.712218344211578e-01, 4.698667228221893e-01, 4.786219894886017e-01, 4.926801919937134e-01, 4.735331237316132e-01, 4.687621891498566e-01, 5.817720890045166e-01, 1e+00, 1e+00, 1e+00, 1e+00, 1e+00, 1e+00, 1e+00, 1e+00, 1e+00, 4.379578232765198e-01, 4.710759222507477e-01, 4.713519513607025e-01, 4.697968661785126e-01, 4.696792662143707e-01, 4.857193231582642e-01, 5.05596399307251e-01, 5.019767880439758e-01, 4.990548491477966e-01, 5.13891875743866e-01, 5.952399373054504e-01, 1e+00, 1e+00, 1e+00, 1e+00, 1e+00, 1e+00, 1e+00, 1e+00, 1e+00, 4.924832880496979e-01, 8.656913638114929e-01, 9.366019368171692e-01, 7.297395467758179e-01, 8.788459300994873e-01, 7.969792485237122e-01, 9.879490733146667e-01, 1e+00, 4.49576735496521e-01, 6.128903031349182e-01, 7.275964021682739e-01, 1e+00, 1e+00, 1e+00, 1e+00, 1e+00, 1e+00, 1e+00, 1e+00, 1e+00, 4.798265993595123e-01, 1e+00, 7.697020173072815e-01, 8.760480284690857e-01, 6.249218583106995e-01, 1e+00, 1e+00, 1e+00, 4.860414862632751e-01, 5.468538999557495e-01, 7.756057381629944e-01, 1e+00, 1e+00, 1e+00, 1e+00, 1e+00, 1e+00, 1e+00, 1e+00, 1e+00, 4.969015419483185e-01, 1e+00, 8.26246440410614e-01, 9.638749957084656e-01, 7.044271230697632e-01, 1e+00, 1e+00, 1e+00, 5.768541693687439e-01, 6.689435839653015e-01, 7.640052437782288e-01, 1e+00, 1e+00, 1e+00, 1e+00]
hvac.VAVBox[4].vav.y_actual=[1e+00, 5.549840927124023e-01, 1e+00, 1e+00, 1e+00, 1e+00, 4.100652933120728e-01, 4.482003748416901e-01, 4.530726671218872e-01, 4.536556601524353e-01, 4.528237879276276e-01, 4.536648392677307e-01, 5.477903485298157e-01, 6.467867493629456e-01, 4.88557904958725e-01, 4.54816073179245e-01, 5.567244291305542e-01, 1e+00, 1e+00, 1e+00, 1e+00, 1e+00, 1e+00, 1e+00, 1e+00, 1e+00, 4.1634202003479e-01, 4.528551995754242e-01, 4.828983247280121e-01, 4.628216922283173e-01, 4.99303013086319e-01, 5.228824615478516e-01, 6.417469382286072e-01, 7.647519707679749e-01, 8.009931445121765e-01, 6.92935585975647e-01, 6.548996567726135e-01, 1e+00, 1e+00, 1e+00, 1e+00, 1e+00, 1e+00, 1e+00, 1e+00, 1e+00, 4.576386511325836e-01, 6.137611865997314e-01, 7.403906583786011e-01, 6.358947157859802e-01, 7.231171131134033e-01, 6.745312809944153e-01, 8.751536011695862e-01, 1e+00, 5.041037201881409e-01, 6.801521778106689e-01, 7.21503734588623e-01, 1e+00, 1e+00, 1e+00, 1e+00, 1e+00, 1e+00, 1e+00, 1e+00, 1e+00, 4.288420081138611e-01, 6.584274172782898e-01, 6.488471031188965e-01, 6.841292381286621e-01, 5.466292500495911e-01, 7.186132669448853e-01, 1e+00, 1e+00, 6.055750846862793e-01, 6.640213131904602e-01, 7.442731261253357e-01, 1e+00, 1e+00, 1e+00, 1e+00, 1e+00, 1e+00, 1e+00, 1e+00, 1e+00, 4.417312443256378e-01, 6.791750192642212e-01, 6.864572763442993e-01, 7.315828204154968e-01, 6.213680505752563e-01, 7.744534611701965e-01, 9.438686966896057e-01, 1e+00, 6.675587892532349e-01, 6.255971789360046e-01, 6.961055994033813e-01, 1e+00, 1e+00, 1e+00, 1e+00]
hvac.damOut.y=[0e+00, 0e+00, 0e+00, 0e+00, 0e+00, 0e+00, 1e+00, 6.284483075141907e-01, 6.200763583183289e-01, 6.062566637992859e-01, 6.303848028182983e-01, 6.172823309898376e-01, 5.831232666969299e-01, 5.641338229179382e-01, 5.998261570930481e-01, 6.33158266544342e-01, 0e+00, 0e+00, 0e+00, 0e+00, 0e+00, 0e+00, 0e+00, 0e+00, 0e+00, 0e+00, 5.437082648277283e-01, 5.865877866744995e-01, 5.863716006278992e-01, 6.042264103889465e-01, 5.979797840118408e-01, 5.85503101348877e-01, 5.644944906234741e-01, 5.534840822219849e-01, 5.513720512390137e-01, 5.691071748733521e-01, 0e+00, 0e+00, 0e+00, 0e+00, 0e+00, 0e+00, 0e+00, 0e+00, 0e+00, 0e+00, 4.788495302200317e-01, 3.523176312446594e-01, 3.668596148490906e-01, 3.54564756155014e-01, 3.819712400436401e-01, 3.533464074134827e-01, 3.503721952438354e-01, 3.488264083862305e-01, 4.485819637775421e-01, 5.162575244903564e-01, 0e+00, 0e+00, 0e+00, 0e+00, 0e+00, 0e+00, 0e+00, 0e+00, 0e+00, 0e+00, 4.246078133583069e-01, 3.504845798015594e-01, 3.528455495834351e-01, 3.515297472476959e-01, 3.93399178981781e-01, 3.505849242210388e-01, 3.492451012134552e-01, 3.492594063282013e-01, 3.854239881038666e-01, 4.611908495426178e-01, 0e+00, 0e+00, 0e+00, 0e+00, 0e+00, 0e+00, 0e+00, 0e+00, 0e+00, 0e+00, 3.946290612220764e-01, 3.504787683486938e-01, 3.519960641860962e-01, 3.513267040252686e-01, 3.561183214187622e-01, 3.499502539634705e-01, 3.497408628463745e-01, 3.488620221614838e-01, 3.641070127487183e-01, 4.357587695121765e-01, 0e+00, 0e+00, 0e+00, 0e+00, 0e+00]
hvac.VAVBox[1].TSup=[2.931499938964844e+02, 2.931499938964844e+02, 2.931492004394531e+02, 2.931482238769531e+02, 2.931478576660156e+02, 2.931476745605469e+02, 2.846118469238281e+02, 2.854300231933594e+02, 2.852866516113281e+02, 2.851546936035156e+02, 2.853629455566406e+02, 2.856008605957031e+02, 2.85875e+02, 2.860361328125e+02, 2.858010864257812e+02, 2.852541809082031e+02, 2.853139953613281e+02, 2.853140563964844e+02, 2.853135986328125e+02, 2.85312744140625e+02, 2.853131103515625e+02, 2.85312744140625e+02, 2.853132934570312e+02, 2.853123779296875e+02, 2.853116455078125e+02, 2.853121643066406e+02, 2.846918029785156e+02, 2.853814697265625e+02, 2.855984191894531e+02, 2.856541442871094e+02, 2.857775268554688e+02, 2.859801940917969e+02, 2.861024475097656e+02, 2.860507202148438e+02, 2.861073913574219e+02, 2.857641906738281e+02, 2.855177001953125e+02, 2.85517578125e+02, 2.855176391601562e+02, 2.855181579589844e+02, 2.855175170898438e+02, 2.855180969238281e+02, 2.855174865722656e+02, 2.855169982910156e+02, 2.855168762207031e+02, 2.855166931152344e+02, 2.857965393066406e+02, 2.893313903808594e+02, 2.892164306640625e+02, 2.893507385253906e+02, 2.888798522949219e+02, 2.893961791992188e+02, 2.894375610351562e+02, 2.895114135742188e+02, 2.862670593261719e+02, 2.857994689941406e+02, 2.858764343261719e+02, 2.858781433105469e+02, 2.858788452148438e+02, 2.858778381347656e+02, 2.858781127929688e+02, 2.858787536621094e+02, 2.858774108886719e+02, 2.8587841796875e+02, 2.858775329589844e+02, 2.858783874511719e+02, 2.867576904296875e+02, 2.891607360839844e+02, 2.892459411621094e+02, 2.893939208984375e+02, 2.881860961914062e+02, 2.8951025390625e+02, 2.895826416015625e+02, 2.894995727539062e+02, 2.88099365234375e+02, 2.85948974609375e+02, 2.860932006835938e+02, 2.860935363769531e+02, 2.86095703125e+02, 2.860960693359375e+02, 2.860948791503906e+02, 2.860946655273438e+02, 2.860944213867188e+02, 2.860940856933594e+02, 2.860941772460938e+02, 2.860944519042969e+02, 2.876704711914062e+02, 2.892077331542969e+02, 2.89281982421875e+02, 2.894930725097656e+02, 2.894505920410156e+02, 2.894738464355469e+02, 2.895204162597656e+02, 2.896687927246094e+02, 2.892601013183594e+02, 2.867360229492188e+02, 2.864151611328125e+02, 2.8641650390625e+02, 2.864157409667969e+02, 2.864142150878906e+02, 2.864129028320312e+02]
hvac.VAVBox[2].TSup=[2.931499938964844e+02, 2.931499938964844e+02, 2.931495056152344e+02, 2.931485290527344e+02, 2.931481628417969e+02, 2.931479797363281e+02, 2.84613037109375e+02, 2.854298706054688e+02, 2.852866821289062e+02, 2.851546936035156e+02, 2.853625793457031e+02, 2.856007690429688e+02, 2.85875e+02, 2.860360412597656e+02, 2.858010864257812e+02, 2.852543640136719e+02, 2.853091125488281e+02, 2.853092041015625e+02, 2.853087463378906e+02, 2.85307861328125e+02, 2.853082580566406e+02, 2.85307861328125e+02, 2.853084411621094e+02, 2.853075256347656e+02, 2.853067626953125e+02, 2.853073120117188e+02, 2.846897888183594e+02, 2.853816528320312e+02, 2.85598388671875e+02, 2.856541442871094e+02, 2.857774963378906e+02, 2.859801330566406e+02, 2.861024475097656e+02, 2.860507202148438e+02, 2.86107421875e+02, 2.857643127441406e+02, 2.855120544433594e+02, 2.85511962890625e+02, 2.855120239257812e+02, 2.855125427246094e+02, 2.855118713378906e+02, 2.855124816894531e+02, 2.855118713378906e+02, 2.855113525390625e+02, 2.855112609863281e+02, 2.855110778808594e+02, 2.857963256835938e+02, 2.893313903808594e+02, 2.892164306640625e+02, 2.893507385253906e+02, 2.888794860839844e+02, 2.893961791992188e+02, 2.894375305175781e+02, 2.895114440917969e+02, 2.8626806640625e+02, 2.857988891601562e+02, 2.858464050292969e+02, 2.858478393554688e+02, 2.858485107421875e+02, 2.858475341796875e+02, 2.858477783203125e+02, 2.858484191894531e+02, 2.858470764160156e+02, 2.858481140136719e+02, 2.858471984863281e+02, 2.858480529785156e+02, 2.867569274902344e+02, 2.891607360839844e+02, 2.892459411621094e+02, 2.893939208984375e+02, 2.88186279296875e+02, 2.8951025390625e+02, 2.895826416015625e+02, 2.894995727539062e+02, 2.881017456054688e+02, 2.859526062011719e+02, 2.860535278320312e+02, 2.860537109375e+02, 2.86055908203125e+02, 2.860562744140625e+02, 2.860550842285156e+02, 2.860548706054688e+02, 2.860545959472656e+02, 2.860542602539062e+02, 2.860543518066406e+02, 2.860546264648438e+02, 2.876691589355469e+02, 2.892077331542969e+02, 2.89281982421875e+02, 2.894930419921875e+02, 2.894506225585938e+02, 2.894738464355469e+02, 2.895203857421875e+02, 2.896687927246094e+02, 2.892605895996094e+02, 2.867407531738281e+02, 2.863788452148438e+02, 2.863799743652344e+02, 2.863791809082031e+02, 2.863776550292969e+02, 2.863763122558594e+02]
hvac.VAVBox[3].TSup=[2.931499938964844e+02, 2.931499938964844e+02, 2.931492309570312e+02, 2.931482543945312e+02, 2.931478576660156e+02, 2.93147705078125e+02, 2.846120910644531e+02, 2.854300231933594e+02, 2.852866516113281e+02, 2.851546936035156e+02, 2.853626403808594e+02, 2.856007690429688e+02, 2.858749694824219e+02, 2.860360412597656e+02, 2.858010864257812e+02, 2.852543029785156e+02, 2.853132629394531e+02, 2.853132934570312e+02, 2.853128662109375e+02, 2.8531201171875e+02, 2.853123779296875e+02, 2.8531201171875e+02, 2.853125610351562e+02, 2.853116455078125e+02, 2.853109130859375e+02, 2.853114318847656e+02, 2.846916809082031e+02, 2.853814392089844e+02, 2.855984191894531e+02, 2.856541137695312e+02, 2.857774658203125e+02, 2.859801025390625e+02, 2.861024475097656e+02, 2.860507202148438e+02, 2.86107421875e+02, 2.857641906738281e+02, 2.855189208984375e+02, 2.855188293457031e+02, 2.855188598632812e+02, 2.855193786621094e+02, 2.855187377929688e+02, 2.855193176269531e+02, 2.855187072753906e+02, 2.855182189941406e+02, 2.855181274414062e+02, 2.855179443359375e+02, 2.857965393066406e+02, 2.893314208984375e+02, 2.892163696289062e+02, 2.893507385253906e+02, 2.888797302246094e+02, 2.893961791992188e+02, 2.894375610351562e+02, 2.895114135742188e+02, 2.862678833007812e+02, 2.857993469238281e+02, 2.858680419921875e+02, 2.858696594238281e+02, 2.858703308105469e+02, 2.858693542480469e+02, 2.8586962890625e+02, 2.858702392578125e+02, 2.858689270019531e+02, 2.858699340820312e+02, 2.858690185546875e+02, 2.85869873046875e+02, 2.867577209472656e+02, 2.891607360839844e+02, 2.892459411621094e+02, 2.893939208984375e+02, 2.881861572265625e+02, 2.8951025390625e+02, 2.895826416015625e+02, 2.894995727539062e+02, 2.881010437011719e+02, 2.8594970703125e+02, 2.860879211425781e+02, 2.860882568359375e+02, 2.860903930664062e+02, 2.860907592773438e+02, 2.86089599609375e+02, 2.860893859863281e+02, 2.86089111328125e+02, 2.860887756347656e+02, 2.860888977050781e+02, 2.860891418457031e+02, 2.876705932617188e+02, 2.892077331542969e+02, 2.89281982421875e+02, 2.894930725097656e+02, 2.894506225585938e+02, 2.894738464355469e+02, 2.895204162597656e+02, 2.896687927246094e+02, 2.892603149414062e+02, 2.867371215820312e+02, 2.864063415527344e+02, 2.864076538085938e+02, 2.864068603515625e+02, 2.864053649902344e+02, 2.86404052734375e+02]
hvac.VAVBox[4].TSup=[2.931499938964844e+02, 2.931499938964844e+02, 2.931494750976562e+02, 2.931484680175781e+02, 2.931480712890625e+02, 2.931478881835938e+02, 2.846109924316406e+02, 2.854300842285156e+02, 2.852866516113281e+02, 2.851547241210938e+02, 2.853625183105469e+02, 2.856007385253906e+02, 2.85875e+02, 2.860361633300781e+02, 2.858010864257812e+02, 2.852543334960938e+02, 2.853091430664062e+02, 2.853092346191406e+02, 2.853088073730469e+02, 2.853079223632812e+02, 2.853083190917969e+02, 2.853079223632812e+02, 2.853084716796875e+02, 2.853075561523438e+02, 2.853068237304688e+02, 2.853073425292969e+02, 2.846935119628906e+02, 2.853814086914062e+02, 2.855984191894531e+02, 2.856541137695312e+02, 2.857774963378906e+02, 2.859801330566406e+02, 2.861024169921875e+02, 2.860507202148438e+02, 2.861072998046875e+02, 2.857639465332031e+02, 2.855382995605469e+02, 2.855381164550781e+02, 2.855381774902344e+02, 2.855386962890625e+02, 2.855380554199219e+02, 2.855386352539062e+02, 2.855380249023438e+02, 2.855375061035156e+02, 2.855374145507812e+02, 2.855372314453125e+02, 2.857967834472656e+02, 2.893314208984375e+02, 2.892159118652344e+02, 2.893507385253906e+02, 2.888793334960938e+02, 2.893961791992188e+02, 2.894375610351562e+02, 2.895114135742188e+02, 2.862668151855469e+02, 2.857998657226562e+02, 2.858686828613281e+02, 2.858703002929688e+02, 2.858710021972656e+02, 2.858699951171875e+02, 2.858702697753906e+02, 2.858709106445312e+02, 2.858695678710938e+02, 2.858705749511719e+02, 2.858696594238281e+02, 2.858705139160156e+02, 2.867587280273438e+02, 2.891607360839844e+02, 2.892459106445312e+02, 2.893939208984375e+02, 2.881863403320312e+02, 2.8951025390625e+02, 2.895826416015625e+02, 2.894995727539062e+02, 2.880978088378906e+02, 2.859468383789062e+02, 2.860801086425781e+02, 2.860803833007812e+02, 2.860825805664062e+02, 2.860829772949219e+02, 2.860817565917969e+02, 2.8608154296875e+02, 2.86081298828125e+02, 2.860809326171875e+02, 2.860810546875e+02, 2.860813293457031e+02, 2.876722717285156e+02, 2.892077026367188e+02, 2.89281982421875e+02, 2.894930419921875e+02, 2.894506225585938e+02, 2.894738464355469e+02, 2.895204162597656e+02, 2.896687927246094e+02, 2.892600402832031e+02, 2.867380676269531e+02, 2.863845520019531e+02, 2.863857421875e+02, 2.863849487304688e+02, 2.863834228515625e+02, 2.86382080078125e+02]
hvac.VAVBox[5].TSup=[2.931499938964844e+02, 2.931499938964844e+02, 2.931492309570312e+02, 2.931482543945312e+02, 2.931478881835938e+02, 2.931477355957031e+02, 2.8461181640625e+02, 2.854300231933594e+02, 2.852866516113281e+02, 2.851546936035156e+02, 2.853626098632812e+02, 2.856007690429688e+02, 2.858749694824219e+02, 2.860360107421875e+02, 2.858010864257812e+02, 2.852543029785156e+02, 2.853132629394531e+02, 2.853132934570312e+02, 2.853128662109375e+02, 2.8531201171875e+02, 2.853123779296875e+02, 2.8531201171875e+02, 2.853125610351562e+02, 2.853116760253906e+02, 2.853109130859375e+02, 2.853114624023438e+02, 2.846921081542969e+02, 2.853814392089844e+02, 2.855984191894531e+02, 2.856541137695312e+02, 2.857774658203125e+02, 2.859801025390625e+02, 2.861024475097656e+02, 2.860507202148438e+02, 2.861074523925781e+02, 2.857643127441406e+02, 2.855158996582031e+02, 2.855158081054688e+02, 2.855158386230469e+02, 2.85516357421875e+02, 2.855157165527344e+02, 2.855162963867188e+02, 2.855157165527344e+02, 2.855151977539062e+02, 2.855151062011719e+02, 2.855149230957031e+02, 2.857967529296875e+02, 2.893314208984375e+02, 2.892158203125e+02, 2.893507385253906e+02, 2.888790588378906e+02, 2.893962097167969e+02, 2.894375305175781e+02, 2.895114440917969e+02, 2.862703857421875e+02, 2.857980651855469e+02, 2.858212890625e+02, 2.858225402832031e+02, 2.858232116699219e+02, 2.858222351074219e+02, 2.85822509765625e+02, 2.858231201171875e+02, 2.858218078613281e+02, 2.858228149414062e+02, 2.858219299316406e+02, 2.858227844238281e+02, 2.867585754394531e+02, 2.891607360839844e+02, 2.892459106445312e+02, 2.893939208984375e+02, 2.881864318847656e+02, 2.8951025390625e+02, 2.895826416015625e+02, 2.894995422363281e+02, 2.881067199707031e+02, 2.859534606933594e+02, 2.860350036621094e+02, 2.8603515625e+02, 2.860372924804688e+02, 2.860376586914062e+02, 2.860364685058594e+02, 2.860362854003906e+02, 2.860360107421875e+02, 2.860356750488281e+02, 2.860357666015625e+02, 2.860360412597656e+02, 2.876723937988281e+02, 2.892077026367188e+02, 2.89281982421875e+02, 2.894930419921875e+02, 2.894506225585938e+02, 2.894738464355469e+02, 2.895203857421875e+02, 2.896687927246094e+02, 2.892613525390625e+02, 2.867418212890625e+02, 2.863497619628906e+02, 2.863507080078125e+02, 2.863499450683594e+02, 2.863484497070312e+02, 2.863471069335938e+02]
hvac.res.EFan=[0e+00, -1.557008921793113e-08, -1.492216661347356e-08, -1.364632051803483e-08, -1.313807196368089e-08, -1.29151951355766e-08, 1.242850390625e+04, 1.628825390625e+04, 2.014269921875e+04, 2.3995689453125e+04, 2.7849802734375e+04, 3.1703140625e+04, 3.55577578125e+04, 3.942306640625e+04, 4.328536328125e+04, 4.71391640625e+04, 5.03580703125e+04, 5.03580703125e+04, 5.03580703125e+04, 5.03580703125e+04, 5.03580703125e+04, 5.03580703125e+04, 5.03580703125e+04, 5.03580703125e+04, 5.03580703125e+04, 5.03580703125e+04, 6.61550625e+04, 7.00118203125e+04, 7.38670625e+04, 7.772059375e+04, 8.1573640625e+04, 8.54278984375e+04, 8.9291125e+04, 9.317159375e+04, 9.70631015625e+04, 1.009348203125e+05, 1.041525859375e+05, 1.041525859375e+05, 1.041525859375e+05, 1.041525859375e+05, 1.041525859375e+05, 1.041525859375e+05, 1.041525859375e+05, 1.041525859375e+05, 1.041525859375e+05, 1.041525859375e+05, 1.208492890625e+05, 1.34851640625e+05, 1.49951e+05, 1.69219828125e+05, 1.83016578125e+05, 2.01934625e+05, 2.21227421875e+05, 2.4060846875e+05, 2.58274984375e+05, 2.6411796875e+05, 2.6752728125e+05, 2.6752728125e+05, 2.6752728125e+05, 2.6752728125e+05, 2.6752728125e+05, 2.6752728125e+05, 2.6752728125e+05, 2.6752728125e+05, 2.6752728125e+05, 2.6752728125e+05, 2.8558378125e+05, 2.994026875e+05, 3.1869465625e+05, 3.3798078125e+05, 3.5593246875e+05, 3.7245803125e+05, 3.918115625e+05, 4.112059375e+05, 4.3026378125e+05, 4.37021125e+05, 4.405175e+05, 4.405175e+05, 4.405175e+05, 4.405175e+05, 4.405175e+05, 4.405175e+05, 4.405175e+05, 4.405175e+05, 4.405175e+05, 4.405175e+05, 4.5931715625e+05, 4.7273590625e+05, 4.9206009375e+05, 5.113404375e+05, 5.306111875e+05, 5.49841125e+05, 5.692056875e+05, 5.886048125e+05, 6.07901375e+05, 6.145125625e+05, 6.178765625e+05, 6.178765625e+05, 6.178765625e+05, 6.178765625e+05, 6.178765625e+05]
hvac.res.EHea=[0e+00, 0e+00, 0e+00, 0e+00, 0e+00, 0e+00, 0e+00, 0e+00, 0e+00, 0e+00, 0e+00, 0e+00, 0e+00, 0e+00, 0e+00, 0e+00, 0e+00, 0e+00, 0e+00, 0e+00, 0e+00, 0e+00, 0e+00, 0e+00, 0e+00, 0e+00, 0e+00, 0e+00, 0e+00, 0e+00, 0e+00, 0e+00, 0e+00, 0e+00, 0e+00, 0e+00, 0e+00, 0e+00, 0e+00, 0e+00, 0e+00, 0e+00, 0e+00, 0e+00, 0e+00, 0e+00, 0e+00, 0e+00, 0e+00, 0e+00, 0e+00, 0e+00, 0e+00, 0e+00, 0e+00, 0e+00, 0e+00, 0e+00, 0e+00, 0e+00, 0e+00, 0e+00, 0e+00, 0e+00, 0e+00, 0e+00, 0e+00, 0e+00, 0e+00, 0e+00, 0e+00, 0e+00, 0e+00, 0e+00, 0e+00, 0e+00, 0e+00, 0e+00, 0e+00, 0e+00, 0e+00, 0e+00, 0e+00, 0e+00, 0e+00, 0e+00, 0e+00, 0e+00, 0e+00, 0e+00, 0e+00, 0e+00, 0e+00, 0e+00, 0e+00, 0e+00, 0e+00, 0e+00, 0e+00, 0e+00, 0e+00]
hvac.res.ECoo=[0e+00, 0e+00, 0e+00, 0e+00, 0e+00, 0e+00, -8.039415625e+04, -1.57713453125e+05, -2.6390890625e+05, -3.8592271875e+05, -5.04756125e+05, -6.33116875e+05, -7.7010075e+05, -9.138484375e+05, -1.056560125e+06, -1.1872235e+06, -1.288452125e+06, -1.288452125e+06, -1.288452125e+06, -1.288452125e+06, -1.288452125e+06, -1.288452125e+06, -1.288452125e+06, -1.288452125e+06, -1.288452125e+06, -1.288452125e+06, -1.439915375e+06, -1.564609125e+06, -1.69647775e+06, -1.828726875e+06, -1.962736125e+06, -2.10178225e+06, -2.246864e+06, -2.39184175e+06, -2.53821325e+06, -2.6799305e+06, -2.78948275e+06, -2.78948275e+06, -2.78948275e+06, -2.78948275e+06, -2.78948275e+06, -2.78948275e+06, -2.78948275e+06, -2.78948275e+06, -2.78948275e+06, -2.78948275e+06, -2.9570915e+06, -3.1615745e+06, -3.36769575e+06, -3.5831685e+06, -3.7851995e+06, -4.00022925e+06, -4.214392e+06, -4.433415e+06, -4.636648e+06, -4.795823e+06, -4.917114e+06, -4.917114e+06, -4.917114e+06, -4.917114e+06, -4.917114e+06, -4.917114e+06, -4.917114e+06, -4.917114e+06, -4.917114e+06, -4.917114e+06, -5.08879e+06, -5.286347e+06, -5.4971265e+06, -5.7108785e+06, -5.921085e+06, -6.1339855e+06, -6.3552325e+06, -6.572613e+06, -6.78597e+06, -6.9582335e+06, -7.084607e+06, -7.084607e+06, -7.084607e+06, -7.084607e+06, -7.084607e+06, -7.084607e+06, -7.084607e+06, -7.084607e+06, -7.084607e+06, -7.084607e+06, -7.257698e+06, -7.45587e+06, -7.6695505e+06, -7.884213e+06, -8.1039335e+06, -8.322967e+06, -8.539479e+06, -8.758567e+06, -8.981185e+06, -9.162697e+06, -9.293443e+06, -9.293443e+06, -9.293443e+06, -9.293443e+06, -9.293443e+06]
