last-generated=2015-05-08
statistics-initialization={'numerical Jacobians': '0', 'nonlinear': '5'}
statistics-simulation={'numerical Jacobians': '0', 'nonlinear': ' ', 'number of continuous time states': '12', 'linear': '0, 0, 0, 0, 0, 0'}
TOut.T=[263.149993896484375, 263.149993896484375]
vol.T_start=[293.149993896484375, 293.149993896484375]
vol.T=[293.149993896484375, 292.882965087890625, 293.129913330078125, 293.135894775390625, 293.136077880859375, 293.136138916015625, 293.136138916015625, 293.136138916015625, 293.136138916015625, 293.136138916015625, 293.136138916015625, 293.136138916015625, 293.136138916015625, 293.136138916015625, 293.136138916015625, 293.136138916015625, 293.136138916015625, 293.425628662109375, 291.963836669921875, 294.076629638671875, 293.014495849609375, 292.275115966796875, 294.282012939453125, 292.5618896484375, 292.636260986328125, 294.300323486328125, 292.08349609375, 293.00140380859375, 294.1695556640625, 291.7623291015625, 293.35186767578125, 293.9222412109375, 291.71051025390625, 293.67767333984375, 293.58532714843744315658, 291.860321044921875, 293.970306396484375, 293.193756103515625, 293.285491943359375, 293.137725830078125, 293.136566162109375, 293.136260986328125, 293.13616943359375, 293.13616943359375, 293.136138916015625, 293.136138916015625, 293.136138916015625, 293.136138916015625, 293.136138916015625, 293.136138916015625, 293.136138916015625, 293.136138916015625, 293.136138916015625, 293.136138916015625, 293.136138916015625, 293.136138916015625, 293.136138916015625, 293.136138916015625, 293.136138916015625, 293.136138916015625, 293.136138916015625, 293.136138916015625, 293.136138916015625, 293.136138916015625, 293.136138916015625, 293.136138916015625, 293.136138916015625, 293.425628662109375, 291.96383666992193184342, 294.07662963867181815658, 293.01449584960943184342, 292.275115966796875, 294.282012939453125, 292.5618896484375, 292.636260986328125, 294.300323486328125, 292.08349609375, 293.00140380859375, 294.1695556640625, 291.7623291015625, 293.35186767578125, 293.9222412109375, 291.71051025390625, 293.67767333984375, 293.5853271484375, 291.860321044921875, 293.970306396484375, 293.193756103515625, 293.285491943359375, 293.137725830078125, 293.136566162109375, 293.136260986328125, 293.13616943359375, 293.13616943359375, 293.136138916015625, 293.136138916015625, 293.136138916015625, 293.136138916015625, 293.136138916015625, 293.136138916015625, 293.136138916015625]
time=[0., 172800.]
