last-generated=2015-05-08
statistics-initialization={'linear': '6, 6, 6, 14'}
statistics-simulation={'numerical Jacobians': '0', 'nonlinear': ' ', 'linear': ' '}
E.vPhase[1].terminal.v[1]=[277.128143310546875, 277.128143310546875]
L3.terminal.phase[1].v[1]=[138.5640716552734375, 138.5640716552734375]
L2.terminal.phase[1].v[1]=[138.5640716552734375, 138.5640716552734375]
L1.terminal.phase[1].v[1]=[138.5640716552734375, 138.5640716552734375]
time=[0., 1.]
L3.load1.i[2]=[-13.85640621185302734375, -13.85640621185302734375]
L2.load1.i[2]=[-13.85640621185302734375, -13.85640621185302734375]
sc_load.load1.i[2]=[-13.85640621185302734375, -13.85640621185302734375]
L1.load1.i[2]=[-13.85640621185302734375, -13.85640621185302734375]
