last-generated=2015-05-08
statistics-simulation={'numerical Jacobians': '0', 'nonlinear': ' ', 'linear': ' '}
bicubic.y=[93., 95.97262579974464813404, 99.01103224209813902235, 102.11598226656712995464, 105.28825407205518160936, 108.53000235001228190868, 111.83786818620278324943, 115.21815480548235655078, 118.66604676825353692493, 122.18653742701447129093, 125.77899879005892103123, 129.44419882948250233312, 133.18290811922020111524, 136.99741260248339358441, 140.88397193487168124193, 144.84786749222195112452, 148.88838342234134870523, 153.00783464488463891939, 157.20232851921423389285, 161.47731121126500397622, 165.83199942745878274764, 170.26716907749454321674, 174.78358513898527348829, 179.38369903079350820008, 184.06329599508930527918, 188.828125, 193.67731181013874675045, 198.61332168651634333401, 203.63180481838330138089, 208.73868228370011479456, 213.93299242319869790663, 219.21554438637286921221, 224.58707053727206925942, 230.05018714185996486776, 235.60021773130799260798, 241.24521976055933691896, 246.9786141792741318568, 252.80672938089830381614, 258.7284879580635106322, 264.74655115224584278621, 270.85598388911984102378, 277.06524881916539015947, 283.36734843097781322285, 289.76888577409613390046, 296.26873935678713678499, 302.86962692476862457625, 309.56633959988948845421, 316.36769185660904213364, 323.26636489124877016366, 330.26921935663170870612, 337.375, 344.58447959128437787513, 351.89845159044546107907, 359.31976229285464796703, 366.84284877439512229103, 374.47703400674566864836, 382.21447568607999301094, 390.06455729665668741291, 398.01945308672907231085, 406.08641659358090691967, 414.2639879658061659029, 422.5530276294720124497, 430.95431115808145250412, 439.46857098682431796988, 448.09660059168913903704, 456.8414254188352856545, 465.69696764508989872411, 474.67327539373911804432, 483.76171222260620652378, 492.97252113047147759062, 502.29700828808830692651, 511.74303189762201782287, 521.30899348994705633231, 530.9956479359767627102, 540.80388464288171235239, 550.734375, 560.787912490264943699, 570.96773193424860437517, 581.26724163876292550412, 591.6970607556945651595, 602.24797321390008164599, 612.93093615906013837957, 623.73645799013922896847, 634.67558371895586333267, 645.73885979088663589209, 656.93460453038562718575, 668.26121419110768329119, 679.71935486281847715873, 691.3098810529849060913, 703.03352518610131483001, 714.89101970571255151299, 726.88586857066400170879, 739.01072187954309811175, 751.27731064682473061112, 763.67535698344113370695, 776.21662174305504322547, 788.89095755663799991453, 801.7072995984175349804, 814.66373250489220936288, 827.7610348191606135515, 841.]
time=[0., 1.]
