last-generated=2015-05-08
statistics-simulation={'numerical Jacobians': '0', 'nonlinear': '1', 'linear': ' '}
ove.fraSun=[-0.00000000000000002776, -0.00000000000000002776, -0.00000000000000002776, -0.00000000000000002776, -0.00000000000000002776, -0.00000000000000002776, -0.00000000000000002776, -0.00000000000000002776, -0.00000000000000002776, -0.00000000000000002776, -0.00000000000000002776, -0.00000000000000002776, -0.00000000000000002776, -0.00000000000000002776, -0.00000000000000002776, -0.00000000000000002776, -0.00000000000000002776, -0.00000000000000002776, -0.00000000000000002776, -0.00000000000000002776, -0.00000000000000002776, -0.00000000000000002776, -0.00000000000000002776, -0.00000000000000002776, -0.00000000000000002776, -0.00000000000000002776, -0.00000000000000002776, -0.00000000000000002776, -0.00000000000000002776, -0.00000000000000002776, -0.00000000000000002776, 0.69046026468276977539, 1., 1., 1., 0.99318397045135498047, 0.98345094919204711914, 0.97510319948196411133, 0.96783226728439331055, 0.96150416135787963867, 0.95600998401641845703, 0.95126080513000488281, 0.94718366861343383789, 0.94371908903121948242, 0.94081848859786987305, 0.93844276666641235352, 0.93656080961227416992, 0.93514865636825561523, 0.93418872356414794922, 0.93366920948028564453, 0.93830347061157226562, 0.95372194051742553711, 0.96933549642562866211, 0.98473662137985229492, 0.99456286430358886719, 0.99907886981964111328, 0.9999815821647644043, 1., 1., 1., 1., 1., 1., 1., 1., 1.00000035762786865234, 1., 1., 1., -0.00000000000000002776, -0.00000000000000002776, -0.00000000000000002776, -0.00000000000000002776, -0.00000000000000002776, -0.00000000000000002776, -0.00000000000000002776, -0.00000000000000002776, -0.00000000000000002776, -0.00000000000000002776, -0.00000000000000002776, -0.00000000000000002776, -0.00000000000000002776, -0.00000000000000002776, -0.00000000000000002776, -0.00000000000000002776, -0.00000000000000002776, -0.00000000000000002776, -0.00000000000000002776, -0.00000000000000002776, -0.00000000000000002776, -0.00000000000000002776, -0.00000000000000002776, -0.00000000000000002776, -0.00000000000000002776, -0.00000000000000002776, -0.00000000000000002776, -0.00000000000000002776, -0.00000000000000002776, -0.00000000000000002776, -0.00000000000000002776, -0.00000000000000002776]
time=[0., 86400.]
