last-generated=2015-05-22
statistics-initialization={'numerical Jacobians': '0', 'nonlinear': '12', 'linear': '19'}
statistics-simulation={'numerical Jacobians': '0', 'nonlinear': '1, 12, 1, 1, 1, 1, 1', 'number of continuous time states': '41', 'linear': '0, 0, 0, 0, 0, 0, 0, 0, 0, 0, 0'}
staRes.minT.Max=[257.54998779296875, 257.54998779296875]
staRes.maxT.Max=[342.649993896484375, 342.649993896484375]
staRes.maxT.Min=[338.04998779296875, 338.04998779296875]
TRooHou.y=[0., 303.246246337890625, 276.291900634765625, 294.67587890624997726263, 312.403656005859375, 280.040252685546875, 299.23028564453125, 278.11924438476563636868, 275.07595214843752273737, 309.7962646484375, 284.92364501953125, 283.25438842773439773737, 313.32338867187502273737, 272.87080688476561363132, 284.71055297851563636868, 327.15374755859375, 283.12916870117186363132, 288.58464355468748863132, 316.17945556640626136868, 278.86494140625001136868, 290.065460205078125, 304.82623901367185226263, 278.420440673828125, 293.38796386718752273737, 317.22759399414064773737, 284.304443359375, 299.30053100585939773737, 299.54027709960939773737, 282.484649658203125, 306.328216552734375, 295.83856201171875, 293.11564941406248863132, 313.28639526367186363132, 288.47288208007813636868, 294.81160888671877273737, 310.196929931640625, 287.60604248046877273737, 299.30227050781252273737, 312.79001464843747726263, 286.21702880859373863132, 300.3758544921875, 308.47983398437497726263, 291.42905273437497726263, 305.67737426757810226263, 287.17213745117186363132, 299.2718505859375, 297.64309082031252273737, 301.785919189453125, 297.30765991210938636868, 312.71447143554689773737, 310.243438720703125, 291.84317626953122726263, 317.46998901367186363132, 300.35135498046872726263, 300.06062622070311363132, 320.9580078125, 299.519683837890625, 306.08903198242188636868, 323.82191772460936363132, 296.46409301757813636868, 302.447265625, 325.91942749023439773737, 292.53404541015623863132, 308.30185546874997726263, 318.02058105468751136868, 294.3564453125, 314.87303466796873863132, 321.38283081054686363132, 296.48521118164063636868, 315.22704467773439773737, 308.688232421875, 292.93442382812497726263, 318.83454589843751136868, 296.36741943359373863132, 293.13178100585935226263, 294.525177001953125, 290.04247436523439773737, 282.84357299804685226263, 311.34480590820311363132, 286.77086181640623863132, 300.273895263671875, 328.63051757812502273737, 287.91563110351563636868, 293.52929077148439773737, 311.09964599609372726263, 284.313140869140625, 300.249298095703125, 282.10753173828123863132, 281.90503540039060226263, 306.99431762695314773737, 308.865570068359375, 288.36910400390627273737, 290.40401611328127273737, 278.09104003906247726263, 281.98459472656247726263, 296.122100830078125, 274.12688598632814773737, 288.34837036132813636868, 322.36604614257811363132, 272.21369018554685226263, 290.920684814453125]
time=[0., 31536000.]
staRes.minT.Min=[254.350006103515625, 254.350006103515625]
staRes.minT.Mean=[255.5500030517578125, 255.5500030517578125]
staRes.maxT.Mean=[339.350006103515625, 339.350006103515625]
staRes.meanT.Min=[297.350006103515625, 297.350006103515625]
TRooAnn.y=[0., 0., 0., 0., 0., 0., 0., 0., 0., 0., 0., 0., 0., 0., 0., 0., 0., 0., 0., 0., 0., 0., 0., 0., 0., 0., 0., 0., 0., 0., 0., 0., 0., 0., 0., 0., 0., 0., 0., 0., 0., 0., 0., 0., 0., 0., 0., 0., 0., 0., 0., 0., 0., 0., 0., 0., 0., 0., 0., 0., 0., 0., 0., 0., 0., 0., 0., 0., 0., 0., 0., 0., 0., 0., 0., 0., 0., 0., 0., 0., 0., 0., 0., 0., 0., 0., 0., 0., 0., 0., 0., 0., 0., 0., 0., 0., 0., 0., 0., 0., 0.]
staRes.meanT.Mean=[298.25, 298.25]
staRes.meanT.Max=[299.04998779296875, 299.04998779296875]
