last-generated=2026-09-28
statistics-initialization=
{
  "nonlinear": "1, 1, 4, 0, 2, 2",
  "numerical Jacobians": "0"
}
statistics-simulation=
{
  "linear": "0, 0",
  "nonlinear": "5, 2, 2, 1, 1, 1",
  "number of continuous time states": "53",
  "numerical Jacobians": "0"
}
time=[8.64e+04, 2.592e+05]
conPumSec1.maxRemDp[1]=[8e+04, 8e+04]
conPumSec1.dpHotWat_remote[1]=[0e+00, 1.215146309147073e+04, 7.892331843423344e+04, 7.998035677679593e+04, 7.998680624999999e+04, 7.9949578125e+04, 7.98974171875e+04, 8.002362211111907e+04, 8.003208437500001e+04, 7.969161562500001e+04, 7.89521875e+04, 7.884888910211965e+04, 8.018451393658425e+04, 8.230786093749999e+04, 8.17725015161725e+04, 8.02444609375e+04, 7.9551690625e+04, 8.151737508712825e+04, 8.013859218750001e+04, 7.9911096875e+04, 7.664934375e+04, 8.073210781250001e+04, 8.026531205718163e+04, 8.03192546875e+04, 8.0081909375e+04, 8.00425390625e+04, 8.00260265625e+04, 8.0024125e+04, 8.00683234375e+04, 8.005859759004238e+04, 8.00505078125e+04, 8.004991875e+04, 7.99760109375e+04, 7.997244737817797e+04, 8.00156328125e+04, 8.00176953125e+04, 7.987951718749999e+04, 7.982099065148305e+04, 7.99283e+04, 7.990341562499999e+04, 7.998665625e+04, 7.999185617055085e+04, 7.99912296875e+04, 7.99911296875e+04, 7.9994640625e+04, 7.9997234375e+04, 8.02946125e+04, 8.0286359375e+04, 8.02254875e+04, 0e+00, 0e+00, 0e+00, 0e+00, 0e+00, 0e+00, 0e+00, 0e+00, 0e+00, 0e+00, 0e+00, 4.425812109375e+04, 7.948088437499999e+04, 7.987229375e+04, 7.976472283428285e+04, 7.815716875e+04, 7.82408515625e+04, 7.909798281250001e+04, 8.123106269257491e+04, 8.0515825e+04, 8.0108484375e+04, 8.00476015625e+04, 8.004187601573828e+04, 8.005004531250001e+04, 8.004703711186306e+04, 7.99962078125e+04, 7.9995765625e+04, 8.001774374999999e+04, 8.00182390625e+04, 7.99949453125e+04, 7.99939375e+04, 8.0029140625e+04, 8.00319375e+04, 7.99601203125e+04, 7.99460828125e+04, 7.999600969279661e+04, 8.00013828125e+04, 7.993835000000001e+04, 7.99261453125e+04, 7.994853397775424e+04, 7.994452499999999e+04, 7.9976328125e+04, 7.998147812499999e+04, 7.998134173740333e+04, 7.99804609375e+04, 7.99787453125e+04, 7.9976828125e+04, 8.014470505074915e+04, 8.023764999999999e+04, 8.020028750000001e+04, 0e+00, 0e+00]
conPumSec1.yPumSpe=[1.000000014901161e-01, 3.895857711313726e-01, 9.322789697696938e-01, 9.388309369513016e-01, 9.392444968223572e-01, 9.402020573616028e-01, 9.426530003547668e-01, 9.441922562560424e-01, 9.431915402412414e-01, 9.45962381362915e-01, 9.643616080284119e-01, 9.928077650145759e-01, 9.593187631704868e-01, 9.73646879196167e-01, 9.834012707288696e-01, 9.600023627281189e-01, 9.692462921142578e-01, 9.67542680665906e-01, 9.578490614891052e-01, 9.568007588386536e-01, 9.788532257080078e-01, 9.546103119850159e-01, 9.531079271210364e-01, 9.586540460586548e-01, 9.571928739547729e-01, 9.555912017822266e-01, 9.545928597450256e-01, 9.537706732749939e-01, 9.518924117088318e-01, 9.498913296198441e-01, 9.481547474861145e-01, 9.465335965156555e-01, 9.45997667312622e-01, 9.468792242518926e-01, 9.472180247306824e-01, 9.466508030891418e-01, 9.475123643875122e-01, 9.52474429243702e-01, 9.584506034851075e-01, 9.611922860145569e-01, 9.638279676437378e-01, 9.639301110122164e-01, 9.640918970108032e-01, 9.643793821334838e-01, 9.646551132202148e-01, 9.647321701049805e-01, 9.637982606887817e-01, 9.491375327110291e-01, 9.407679915428162e-01, 1.000000014901161e-01, 1.000000014901161e-01, 1.000000014901161e-01, 1.000000014901161e-01, 1.000000014901161e-01, 1.000000014901161e-01, 1.000000014901161e-01, 1.000000014901161e-01, 1.000000014901161e-01, 1.000000014901161e-01, 1.000000014901161e-01, 7.042129635810852e-01, 9.383646249771118e-01, 9.443366169929505e-01, 9.496547400791587e-01, 9.884018898010254e-01, 9.889661073684692e-01, 9.62075674533844e-01, 9.575976712684116e-01, 9.526152491569519e-01, 9.510612487792969e-01, 9.499141573905945e-01, 9.485912602727917e-01, 9.470016360282898e-01, 9.453768453780254e-01, 9.450490236282348e-01, 9.451806545257568e-01, 9.448409795761108e-01, 9.442562818527221e-01, 9.440977334976196e-01, 9.442892670631409e-01, 9.439054727554321e-01, 9.428927063941955e-01, 9.428307294845581e-01, 9.445347785949707e-01, 9.456444033121658e-01, 9.456183910369873e-01, 9.462294220924378e-01, 9.485718131065368e-01, 9.50823424024097e-01, 9.524997115135193e-01, 9.541527032852173e-01, 9.547064185142518e-01, 9.552878705472287e-01, 9.559034109115601e-01, 9.565587639808655e-01, 9.572883248329163e-01, 9.574964206365066e-01, 9.478146314620972e-01, 9.404732584953308e-01, 1.000000014901161e-01, 1.000000014901161e-01]
secLoo1.loa.u=[6.118433177471161e-02, 6.411768935846068e-02, 6.705103575767955e-02, 6.369416321013134e-02, 5.976545587182045e-02, 6.849062442779541e-02, 7.974656373262405e-02, 7.368408281272933e-02, 6.184878870844841e-02, 1.366400986909866e-01, 2.547447085380554e-01, 3.484044763630053e-01, 4.246035741144047e-01, 5.15763258934021e-01, 6.218834667192957e-01, 6.760483384132385e-01, 6.574758172035218e-01, 6.029124665437577e-01, 4.763679087162018e-01, 3.72072845697403e-01, 3.34526538848877e-01, 2.958451747894287e-01, 2.514884628265397e-01, 2.100629150867462e-01, 2.008807182312012e-01, 1.916985362768173e-01, 1.853950709104538e-01, 1.790915906429291e-01, 1.591545552015305e-01, 1.379781129501634e-01, 1.180963739752769e-01, 9.847359806299209e-02, 1.013553217053413e-01, 1.117385469503322e-01, 1.106190904974937e-01, 1.037482917308807e-01, 1.303894490003586e-01, 1.809676538584596e-01, 2.128424614667893e-01, 2.260137230157852e-01, 2.339413166046143e-01, 2.345277730186107e-01, 2.352567136287689e-01, 2.362706482410431e-01, 2.370963782072067e-01, 2.373575121164322e-01, 2.185691088438034e-01, 1.04533052444458e-01, 0e+00, 0e+00, 0e+00, 0e+00, 0e+00, 0e+00, 0e+00, 0e+00, 0e+00, 2.050669223535806e-04, 4.784894816111773e-04, 3.649262546666415e-02, 9.037706255912781e-02, 1.51097559928894e-01, 2.167009443044662e-01, 2.915655363341119e-01, 3.756907165050506e-01, 4.060854315757751e-01, 3.612572431564331e-01, 3.036375094462617e-01, 2.204348772764206e-01, 1.543305277824402e-01, 1.395211964845657e-01, 1.238875292086728e-01, 1.041322752833366e-01, 8.615410496854478e-02, 8.772388994693756e-02, 8.929368108510971e-02, 8.255535811185837e-02, 7.581703513860702e-02, 7.726812213659287e-02, 7.946369349956513e-02, 7.016855478286743e-02, 5.857527479529381e-02, 6.96825549006462e-02, 8.835669010877609e-02, 9.41927978800515e-02, 9.360989928245544e-02, 1.090523332357407e-01, 1.359414339065552e-01, 1.573658194077217e-01, 1.733253419399262e-01, 1.843656152486801e-01, 1.885188430547714e-01, 1.92661615372165e-01, 1.967834383249283e-01, 2.009591370820999e-01, 2.052964866161346e-01, 1.921980392031188e-01, 9.192081093788147e-02, 0e+00, 0e+00, 0e+00]
secLoo1.loa.yLoa_actual=[-0e+00, 1.707049586663788e-03, 6.535993511253117e-02, 6.170116688226657e-02, 5.709112212061882e-02, 6.033109873533249e-02, 6.915412545204162e-02, 7.658895695796337e-02, 6.483175903558731e-02, 1.122715890407562e-01, 2.41553395986557e-01, 2.926283489127545e-01, 3.847911927726242e-01, 5.286730766296387e-01, 6.380214087082691e-01, 6.724275350570679e-01, 6.521262288093567e-01, 6.21460081033104e-01, 4.784577250480652e-01, 3.668837010860443e-01, 2.908885478973389e-01, 2.833612620830536e-01, 2.470025583204958e-01, 2.151928424835205e-01, 2.031317591667175e-01, 1.929244548082352e-01, 1.86165252327919e-01, 1.798394709825516e-01, 1.617163896560669e-01, 1.4088206422531e-01, 1.210888028144836e-01, 1.018816918134689e-01, 9.923657327890396e-02, 1.099602868496361e-01, 1.119338765740395e-01, 1.049426719546318e-01, 1.213538825511932e-01, 1.745901977106676e-01, 2.124297589063645e-01, 2.247371584177017e-01, 2.34304741024971e-01, 2.344983166052123e-01, 2.351320415735245e-01, 2.36161732673645e-01, 2.370795100927353e-01, 2.373271137475967e-01, 2.291922181844711e-01, 1.200831457972527e-01, 2.936730422079563e-02, 8.049970936927634e-35, 8.054378811154477e-35, 8.058787259353171e-35, 8.063197429467418e-35, 8.067608173553517e-35, 8.072020639555168e-35, 8.076434253500521e-35, 8.080849015389576e-35, 8.085264925222333e-35, 8.089681982998792e-35, 8.043589894994053e-35, 2.043123692274094e-01, 1.384781211614609e-01, 2.068610101938248e-01, 2.788399433961822e-01, 3.72872519493103e-01, 3.115935921669006e-01, 3.17758446931839e-01, 3.05212065512688e-01, 2.286071687936783e-01, 1.57349556684494e-01, 1.420434862375259e-01, 1.266273923214649e-01, 1.074147999286652e-01, 8.856657947514467e-02, 8.740754127502441e-02, 8.897728472948074e-02, 8.395674675703049e-02, 7.730891555547714e-02, 7.675257176160813e-02, 7.897570282220841e-02, 7.287338376045227e-02, 6.162385866045952e-02, 6.487883627414703e-02, 8.428099006414413e-02, 9.445137767973592e-02, 9.372062236070633e-02, 1.039168730378151e-01, 1.318955272436142e-01, 1.554876771013615e-01, 1.713656157255173e-01, 1.84173122048378e-01, 1.880521684885025e-01, 1.921852695345591e-01, 1.963136374950409e-01, 2.004701226949692e-01, 2.048142552375793e-01, 2.014851251076016e-01, 1.069146275520325e-01, 2.78056375682354e-02, 1.062789674381e-34, 2.314247156341686e-33]
conPumSec2.maxRemDp[1]=[8e+04, 8e+04]
conPumSec2.dpHotWat_remote[1]=[0e+00, 1.215146309147073e+04, 7.892330280923344e+04, 7.998034896429593e+04, 7.9986796875e+04, 7.99495625e+04, 7.989739375e+04, 8.002362992361907e+04, 8.003208437500001e+04, 7.96916328125e+04, 7.89522890625e+04, 7.884889068690571e+04, 8.018449001259157e+04, 8.230786093749999e+04, 8.17725015161725e+04, 8.0244453125e+04, 7.9551690625e+04, 8.151736727462825e+04, 8.013858437500001e+04, 7.9911090625e+04, 7.66493515625e+04, 8.07320625e+04, 8.026528337416217e+04, 8.03192421875e+04, 8.008190781249999e+04, 8.004253125e+04, 8.00260265625e+04, 8.00241171875e+04, 8.0068315625e+04, 8.005858977754238e+04, 8.00505e+04, 8.00499109375e+04, 7.99760109375e+04, 7.997245519067797e+04, 8.00156328125e+04, 8.00176875e+04, 7.98795234375e+04, 7.982100627648305e+04, 7.9928328125e+04, 7.99034296875e+04, 7.99866640625e+04, 7.999185617055085e+04, 7.99912296875e+04, 7.99911296875e+04, 7.9994640625e+04, 7.9997234375e+04, 8.02946125e+04, 8.02863234375e+04, 8.0225503125e+04, 0e+00, 0e+00, 0e+00, 0e+00, 0e+00, 0e+00, 0e+00, 0e+00, 0e+00, 0e+00, 0e+00, 4.42584609375e+04, 7.948087656249999e+04, 7.987229375e+04, 7.976472450988606e+04, 7.81571921875e+04, 7.8240859375e+04, 7.90979578125e+04, 8.123101581757491e+04, 8.051579375e+04, 8.01084765625e+04, 8.00476015625e+04, 8.004187311578661e+04, 8.0050034375e+04, 8.004702165605096e+04, 7.99962078125e+04, 7.9995765625e+04, 8.001774374999999e+04, 8.001823593749999e+04, 7.99949453125e+04, 7.99939375e+04, 8.00291328125e+04, 8.003193593750001e+04, 7.99601125e+04, 7.99460984375e+04, 7.999601750529661e+04, 8.00013828125e+04, 7.993835000000001e+04, 7.99261609375e+04, 7.994854179025424e+04, 7.99445265625e+04, 7.99763359375e+04, 7.99814796875e+04, 7.998134173740333e+04, 7.99804609375e+04, 7.9978746875e+04, 7.9976828125e+04, 8.014470795070082e+04, 8.023761874999999e+04, 8.020030312500001e+04, 0e+00, 0e+00]
conPumSec2.yPumSpe=[1.000000014901161e-01, 3.895857711313726e-01, 9.322797446300759e-01, 9.388321886488419e-01, 9.392461061477662e-01, 9.402041435241699e-01, 9.426557898521424e-01, 9.441949035279329e-01, 9.431942224502563e-01, 9.459654211997985e-01, 9.643625617027283e-01, 9.928077650145759e-01, 9.593191207983555e-01, 9.736469030380249e-01, 9.834012707288696e-01, 9.600024819374084e-01, 9.692462921142578e-01, 9.675427402705508e-01, 9.578492999076843e-01, 9.568012356758118e-01, 9.788532257080078e-01, 9.546108365058898e-01, 9.531086227922664e-01, 9.58654522895813e-01, 9.571936368942261e-01, 9.55592155456543e-01, 9.545940041542054e-01, 9.537719249725342e-01, 9.518937826156616e-01, 9.498928793406083e-01, 9.481565356254578e-01, 9.465356707572937e-01, 9.459999918937683e-01, 9.46881403761395e-01, 9.472200512886048e-01, 9.466529488563538e-01, 9.475145697593689e-01, 9.524761189848689e-01, 9.584513545036316e-01, 9.611926436424255e-01, 9.638280272483826e-01, 9.63930162736925e-01, 9.640919208526612e-01, 9.643794417381286e-01, 9.646551132202148e-01, 9.647321701049805e-01, 9.637983083724976e-01, 9.491388440132141e-01, 9.407699942588806e-01, 1.000000014901161e-01, 1.000000014901161e-01, 1.000000014901161e-01, 1.000000014901161e-01, 1.000000014901161e-01, 1.000000014901161e-01, 1.000000014901161e-01, 1.000000014901161e-01, 1.000000014901161e-01, 1.000000014901161e-01, 1.000000014901161e-01, 7.042160630226135e-01, 9.383656978607178e-01, 9.443376898765564e-01, 9.496557065373131e-01, 9.884020090103149e-01, 9.88966166973114e-01, 9.620760917663574e-01, 9.575980288962802e-01, 9.526159286499023e-01, 9.510625720024108e-01, 9.499157071113586e-01, 9.485929888074902e-01, 9.470036387443542e-01, 9.453791103545268e-01, 9.450514674186706e-01, 9.451830983161926e-01, 9.448434233665466e-01, 9.442588448524475e-01, 9.441004157066345e-01, 9.442919373512269e-01, 9.439080953598022e-01, 9.428954482078552e-01, 9.428337097167969e-01, 9.445375800132751e-01, 9.456468471026016e-01, 9.456207752227783e-01, 9.462318062782288e-01, 9.485737800598144e-01, 9.508250929541507e-01, 9.525012493133544e-01, 9.541539549827576e-01, 9.547075986862182e-01, 9.552890030354795e-01, 9.559044241905212e-01, 9.56559705734253e-01, 9.572891592979431e-01, 9.574971358922439e-01, 9.478162169456482e-01, 9.4047532081604e-01, 1.000000014901161e-01, 1.000000014901161e-01]
secLoo2.loa.u=[6.118433177471161e-02, 6.411768935846068e-02, 6.705103575767955e-02, 6.369416321013134e-02, 5.976545587182045e-02, 6.849062442779541e-02, 7.974656373262405e-02, 7.368408281272933e-02, 6.184878870844841e-02, 1.366400986909866e-01, 2.547447085380554e-01, 3.484044763630053e-01, 4.246035741144047e-01, 5.15763258934021e-01, 6.218834667192957e-01, 6.760483384132385e-01, 6.574758172035218e-01, 6.029124665437577e-01, 4.763679087162018e-01, 3.72072845697403e-01, 3.34526538848877e-01, 2.958451747894287e-01, 2.514884628265397e-01, 2.100629150867462e-01, 2.008807182312012e-01, 1.916985362768173e-01, 1.853950709104538e-01, 1.790915906429291e-01, 1.591545552015305e-01, 1.379781129501634e-01, 1.180963739752769e-01, 9.847359806299209e-02, 1.013553217053413e-01, 1.117385469503322e-01, 1.106190904974937e-01, 1.037482917308807e-01, 1.303894490003586e-01, 1.809676538584596e-01, 2.128424614667893e-01, 2.260137230157852e-01, 2.339413166046143e-01, 2.345277730186107e-01, 2.352567136287689e-01, 2.362706482410431e-01, 2.370963782072067e-01, 2.373575121164322e-01, 2.185691088438034e-01, 1.04533052444458e-01, 0e+00, 0e+00, 0e+00, 0e+00, 0e+00, 0e+00, 0e+00, 0e+00, 0e+00, 2.050669223535806e-04, 4.784894816111773e-04, 3.649262546666415e-02, 9.037706255912781e-02, 1.51097559928894e-01, 2.167009443044662e-01, 2.915655363341119e-01, 3.756907165050506e-01, 4.060854315757751e-01, 3.612572431564331e-01, 3.036375094462617e-01, 2.204348772764206e-01, 1.543305277824402e-01, 1.395211964845657e-01, 1.238875292086728e-01, 1.041322752833366e-01, 8.615410496854478e-02, 8.772388994693756e-02, 8.929368108510971e-02, 8.255535811185837e-02, 7.581703513860702e-02, 7.726812213659287e-02, 7.946369349956513e-02, 7.016855478286743e-02, 5.857527479529381e-02, 6.96825549006462e-02, 8.835669010877609e-02, 9.41927978800515e-02, 9.360989928245544e-02, 1.090523332357407e-01, 1.359414339065552e-01, 1.573658194077217e-01, 1.733253419399262e-01, 1.843656152486801e-01, 1.885188430547714e-01, 1.92661615372165e-01, 1.967834383249283e-01, 2.009591370820999e-01, 2.052964866161346e-01, 1.921980392031188e-01, 9.192081093788147e-02, 0e+00, 0e+00, 0e+00]
secLoo2.loa.yLoa_actual=[-0e+00, 1.707294234778662e-03, 6.535443108048589e-02, 6.170023183440166e-02, 5.709020644426346e-02, 6.03325329720974e-02, 6.915538907051086e-02, 7.658839713234047e-02, 6.483038961887359e-02, 1.122804462909699e-01, 2.415542006492615e-01, 2.926283489127545e-01, 3.847930778513898e-01, 5.286729454994201e-01, 6.380214087082691e-01, 6.724274754524231e-01, 6.521262288093567e-01, 6.214594196209677e-01, 4.784573912620544e-01, 3.668840706348419e-01, 2.908885478973389e-01, 2.833600163459778e-01, 2.470015363131844e-01, 2.151914864778519e-01, 2.031313240528107e-01, 1.929241716861725e-01, 1.861650586128235e-01, 1.798392623662949e-01, 1.617157191038132e-01, 1.408812265274888e-01, 1.210878565907478e-01, 1.018805235624313e-01, 9.923716187477112e-02, 1.099609318173538e-01, 1.11933545768261e-01, 1.04942262172699e-01, 1.213564559817314e-01, 1.745920305534945e-01, 2.124299615621567e-01, 2.247373372316361e-01, 2.34304741024971e-01, 2.344983166052123e-01, 2.351320564746857e-01, 2.36161732673645e-01, 2.370795100927353e-01, 2.373271137475967e-01, 2.291918903589249e-01, 1.200789362192154e-01, 2.93535653501749e-02, 1.284625713847786e-35, 1.28515540377047e-35, 1.285685093693154e-35, 1.286214927108801e-35, 1.28674490401741e-35, 1.287275024418982e-35, 1.287805144820554e-35, 1.288335408715089e-35, 1.288865816102586e-35, 1.289396280887269e-35, 1.281879830213238e-35, 2.043081372976303e-01, 1.384808123111725e-01, 2.068622082471848e-01, 2.78841463314624e-01, 3.728725492954254e-01, 3.115935921669006e-01, 3.177605926990509e-01, 3.05209742746473e-01, 2.286044359207153e-01, 1.573482155799866e-01, 1.42042800784111e-01, 1.266266472634052e-01, 1.074137002229691e-01, 8.856526023832856e-02, 8.740765452384949e-02, 8.897741138935089e-02, 8.395619541406632e-02, 7.73082822561264e-02, 7.675272673368454e-02, 7.897591888904572e-02, 7.287236303091049e-02, 6.162240207195282e-02, 6.488042324781418e-02, 8.428297489881516e-02, 9.445156169644857e-02, 9.372058510780334e-02, 1.039183959364891e-01, 1.318969190120697e-01, 1.554883029501317e-01, 1.713661670684815e-01, 1.841732859611511e-01, 1.880523025989533e-01, 1.921853998062863e-01, 1.963137567043304e-01, 2.004702419042587e-01, 2.048143595457077e-01, 2.014842173755313e-01, 1.069103434681892e-01, 2.779208458960056e-02, 5.727864200359385e-34, 3.646492243916498e-35]
conBoiPri.yPla=[0e+00, 1e+00, 1e+00, 1e+00, 1e+00, 1e+00, 1e+00, 1e+00, 1e+00, 1e+00, 1e+00, 1e+00, 1e+00, 1e+00, 1e+00, 1e+00, 1e+00, 1e+00, 1e+00, 1e+00, 1e+00, 1e+00, 1e+00, 1e+00, 1e+00, 1e+00, 1e+00, 1e+00, 1e+00, 1e+00, 1e+00, 1e+00, 1e+00, 1e+00, 1e+00, 1e+00, 1e+00, 1e+00, 1e+00, 1e+00, 1e+00, 1e+00, 1e+00, 1e+00, 1e+00, 1e+00, 1e+00, 1e+00, 1e+00, 0e+00, 0e+00, 0e+00, 0e+00, 0e+00, 0e+00, 0e+00, 0e+00, 0e+00, 0e+00, 0e+00, 1e+00, 1e+00, 1e+00, 1e+00, 1e+00, 1e+00, 1e+00, 1e+00, 1e+00, 1e+00, 1e+00, 1e+00, 1e+00, 1e+00, 1e+00, 1e+00, 1e+00, 1e+00, 1e+00, 1e+00, 1e+00, 1e+00, 1e+00, 1e+00, 1e+00, 1e+00, 1e+00, 1e+00, 1e+00, 1e+00, 1e+00, 1e+00, 1e+00, 1e+00, 1e+00, 1e+00, 1e+00, 1e+00, 1e+00, 0e+00, 0e+00]
conBoiPri.TBoiHotWatSupSet[1]=[3.331499938964844e+02, 3.331499938964844e+02, 3.298169860839844e+02, 3.231510009765625e+02, 3.173738037109375e+02, 3.109299926757812e+02, 3.053500061035156e+02, 3.053500061035156e+02, 3.053500061035156e+02, 3.053500061035156e+02, 3.053500061035156e+02, 3.120190124511719e+02, 3.1535400390625e+02, 3.197999877929688e+02, 3.23135986328125e+02, 3.298059997558594e+02, 3.233622131347656e+02, 3.275870056152344e+02, 3.209209899902344e+02, 3.142550048828125e+02, 3.098110046386719e+02, 3.1314599609375e+02, 3.087019958496094e+02, 3.053500061035156e+02, 3.053500061035156e+02, 3.053500061035156e+02, 3.053500061035156e+02, 3.053500061035156e+02, 3.053500061035156e+02, 3.053500061035156e+02, 3.053500061035156e+02, 3.053500061035156e+02, 3.053500061035156e+02, 3.053500061035156e+02, 3.053500061035156e+02, 3.053500061035156e+02, 3.053500061035156e+02, 3.053500061035156e+02, 3.053500061035156e+02, 3.053500061035156e+02, 3.053500061035156e+02, 3.053500061035156e+02, 3.053500061035156e+02, 3.053500061035156e+02, 3.053500061035156e+02, 3.053500061035156e+02, 3.053500061035156e+02, 3.053500061035156e+02, 3.053500061035156e+02, 3.331499938964844e+02, 3.331499938964844e+02, 3.331499938964844e+02, 3.331499938964844e+02, 3.331499938964844e+02, 3.331499938964844e+02, 3.331499938964844e+02, 3.331499938964844e+02, 3.331499938964844e+02, 3.331499938964844e+02, 3.331499938964844e+02, 3.331499938964844e+02, 3.275950012207031e+02, 3.213733947753906e+02, 3.153739929199219e+02, 3.142640075683594e+02, 3.120419921875e+02, 3.120429992675781e+02, 3.131549987792969e+02, 3.087109985351562e+02, 3.053500061035156e+02, 3.053500061035156e+02, 3.053500061035156e+02, 3.053500061035156e+02, 3.053500061035156e+02, 3.053500061035156e+02, 3.053500061035156e+02, 3.053500061035156e+02, 3.053500061035156e+02, 3.053500061035156e+02, 3.053500061035156e+02, 3.053500061035156e+02, 3.053500061035156e+02, 3.053500061035156e+02, 3.053500061035156e+02, 3.053500061035156e+02, 3.053500061035156e+02, 3.053500061035156e+02, 3.053500061035156e+02, 3.053500061035156e+02, 3.053500061035156e+02, 3.053500061035156e+02, 3.053500061035156e+02, 3.053500061035156e+02, 3.053500061035156e+02, 3.053500061035156e+02, 3.053500061035156e+02, 3.053500061035156e+02, 3.053500061035156e+02, 3.053500061035156e+02, 3.331499938964844e+02, 3.331499938964844e+02]
boiPlaPri.ySupTem=[2.931499938964844e+02, 2.944932070664312e+02, 3.306861873188085e+02, 3.244671301402292e+02, 3.180654602050781e+02, 3.116021423339844e+02, 3.052456848144531e+02, 3.054426953076088e+02, 3.054090148925781e+02, 3.046095581054688e+02, 3.047388305664062e+02, 3.049979343323624e+02, 3.143946221320184e+02, 3.227595153808594e+02, 3.232288113411546e+02, 3.318540954589844e+02, 3.239723937988281e+02, 3.292714211843271e+02, 3.218684692382812e+02, 3.149020202636719e+02, 3.042728881835938e+02, 3.153497253417969e+02, 3.115546941522362e+02, 3.061652526855469e+02, 3.054845397949219e+02, 3.054003601074219e+02, 3.053820739746094e+02, 3.053826110839844e+02, 3.054652099609375e+02, 3.054611963304422e+02, 3.054503173828125e+02, 3.054504760742187e+02, 3.052742126464844e+02, 3.052949339785818e+02, 3.054028930664062e+02, 3.053856201171875e+02, 3.050410339355469e+02, 3.050817066257283e+02, 3.053263244628906e+02, 3.05277001953125e+02, 3.05348388671875e+02, 3.053422579490532e+02, 3.053438659667969e+02, 3.053446716308594e+02, 3.053465087890625e+02, 3.053480529785156e+02, 3.054667785644531e+02, 3.058395141601562e+02, 3.056258361816406e+02, 3.054228820800781e+02, 3.054228820800781e+02, 3.054228820800781e+02, 3.054228820800781e+02, 3.054228820800781e+02, 3.054228820800781e+02, 3.054228820800781e+02, 3.054228820800781e+02, 3.054228820800781e+02, 3.054228820800781e+02, 3.054228820800781e+02, 3.265854187011719e+02, 3.282448669433594e+02, 3.217517150878906e+02, 3.148753878923268e+02, 3.0822392578125e+02, 3.058090515136719e+02, 3.086192199707031e+02, 3.176478186819852e+02, 3.128429077148438e+02, 3.05965576171875e+02, 3.054784545898438e+02, 3.054307681231639e+02, 3.054503356933594e+02, 3.05450228473639e+02, 3.053386962890625e+02, 3.053415832519531e+02, 3.053871826171875e+02, 3.053847961425781e+02, 3.0533564453125e+02, 3.053384704589844e+02, 3.054144897460938e+02, 3.054031677246094e+02, 3.052783508300781e+02, 3.052490478515625e+02, 3.05364545091532e+02, 3.053524780273438e+02, 3.051962768554687e+02, 3.052072814941406e+02, 3.05273478155621e+02, 3.052643005371094e+02, 3.053284301757812e+02, 3.053251159667969e+02, 3.053275225101432e+02, 3.053280944824219e+02, 3.053276428222656e+02, 3.053271484375e+02, 3.054272510054723e+02, 3.057858947753906e+02, 3.056408142089844e+02, 3.054210815429688e+02, 3.054210815429688e+02]
conBoiPri.staSetCon.ySta=[0e+00, 1e+00, 1e+00, 1e+00, 1e+00, 1e+00, 1e+00, 1e+00, 1e+00, 1e+00, 1e+00, 2e+00, 2e+00, 3e+00, 3e+00, 3e+00, 3e+00, 3e+00, 3e+00, 3e+00, 2e+00, 2e+00, 2e+00, 1e+00, 1e+00, 1e+00, 1e+00, 1e+00, 1e+00, 1e+00, 1e+00, 1e+00, 1e+00, 1e+00, 1e+00, 1e+00, 1e+00, 1e+00, 1e+00, 1e+00, 1e+00, 1e+00, 1e+00, 1e+00, 1e+00, 1e+00, 1e+00, 1e+00, 1e+00, 0e+00, 0e+00, 0e+00, 0e+00, 0e+00, 0e+00, 0e+00, 0e+00, 0e+00, 0e+00, 0e+00, 1e+00, 1e+00, 1e+00, 1e+00, 2e+00, 2e+00, 2e+00, 3e+00, 2e+00, 1e+00, 1e+00, 1e+00, 1e+00, 1e+00, 1e+00, 1e+00, 1e+00, 1e+00, 1e+00, 1e+00, 1e+00, 1e+00, 1e+00, 1e+00, 1e+00, 1e+00, 1e+00, 1e+00, 1e+00, 1e+00, 1e+00, 1e+00, 1e+00, 1e+00, 1e+00, 1e+00, 1e+00, 1e+00, 1e+00, 0e+00, 0e+00]
conBoiPri.yHotWatIsoVal[1]=[1e+00, 1e+00, 1e+00, 1e+00, 1e+00, 1e+00, 1e+00, 1e+00, 1e+00, 1e+00, 1e+00, 0e+00, 1e+00, 1e+00, 1e+00, 1e+00, 1e+00, 1e+00, 1e+00, 1e+00, 0e+00, 1e+00, 0e+00, 1e+00, 1e+00, 1e+00, 1e+00, 1e+00, 1e+00, 1e+00, 1e+00, 1e+00, 1e+00, 1e+00, 1e+00, 1e+00, 1e+00, 1e+00, 1e+00, 1e+00, 1e+00, 1e+00, 1e+00, 1e+00, 1e+00, 1e+00, 1e+00, 1e+00, 1e+00, 0e+00, 0e+00, 0e+00, 0e+00, 0e+00, 0e+00, 0e+00, 0e+00, 0e+00, 0e+00, 0e+00, 1e+00, 1e+00, 1e+00, 1e+00, 0e+00, 0e+00, 0e+00, 1e+00, 0e+00, 1e+00, 1e+00, 1e+00, 1e+00, 1e+00, 1e+00, 1e+00, 1e+00, 1e+00, 1e+00, 1e+00, 1e+00, 1e+00, 1e+00, 1e+00, 1e+00, 1e+00, 1e+00, 1e+00, 1e+00, 1e+00, 1e+00, 1e+00, 1e+00, 1e+00, 1e+00, 1e+00, 1e+00, 1e+00, 1e+00, 0e+00, 0e+00]
conBoiPri.yBoi[1]=[0e+00, 1e+00, 1e+00, 1e+00, 1e+00, 1e+00, 1e+00, 1e+00, 1e+00, 1e+00, 1e+00, 0e+00, 0e+00, 1e+00, 1e+00, 1e+00, 1e+00, 1e+00, 1e+00, 1e+00, 0e+00, 0e+00, 0e+00, 1e+00, 1e+00, 1e+00, 1e+00, 1e+00, 1e+00, 1e+00, 1e+00, 1e+00, 1e+00, 1e+00, 1e+00, 1e+00, 1e+00, 1e+00, 1e+00, 1e+00, 1e+00, 1e+00, 1e+00, 1e+00, 1e+00, 1e+00, 1e+00, 1e+00, 1e+00, 0e+00, 0e+00, 0e+00, 0e+00, 0e+00, 0e+00, 0e+00, 0e+00, 0e+00, 0e+00, 0e+00, 1e+00, 1e+00, 1e+00, 1e+00, 0e+00, 0e+00, 0e+00, 1e+00, 0e+00, 1e+00, 1e+00, 1e+00, 1e+00, 1e+00, 1e+00, 1e+00, 1e+00, 1e+00, 1e+00, 1e+00, 1e+00, 1e+00, 1e+00, 1e+00, 1e+00, 1e+00, 1e+00, 1e+00, 1e+00, 1e+00, 1e+00, 1e+00, 1e+00, 1e+00, 1e+00, 1e+00, 1e+00, 1e+00, 1e+00, 0e+00, 0e+00]
conBoiPri.yHotWatIsoVal[2]=[1e+00, 0e+00, 0e+00, 0e+00, 0e+00, 0e+00, 0e+00, 0e+00, 0e+00, 0e+00, 0e+00, 1e+00, 1e+00, 1e+00, 1e+00, 1e+00, 1e+00, 1e+00, 1e+00, 1e+00, 1e+00, 1e+00, 1e+00, 0e+00, 0e+00, 0e+00, 0e+00, 0e+00, 0e+00, 0e+00, 0e+00, 0e+00, 0e+00, 0e+00, 0e+00, 0e+00, 0e+00, 0e+00, 0e+00, 0e+00, 0e+00, 0e+00, 0e+00, 0e+00, 0e+00, 0e+00, 0e+00, 0e+00, 0e+00, 0e+00, 0e+00, 0e+00, 0e+00, 0e+00, 0e+00, 0e+00, 0e+00, 0e+00, 0e+00, 0e+00, 0e+00, 0e+00, 0e+00, 0e+00, 1e+00, 1e+00, 1e+00, 1e+00, 1e+00, 0e+00, 0e+00, 0e+00, 0e+00, 0e+00, 0e+00, 0e+00, 0e+00, 0e+00, 0e+00, 0e+00, 0e+00, 0e+00, 0e+00, 0e+00, 0e+00, 0e+00, 0e+00, 0e+00, 0e+00, 0e+00, 0e+00, 0e+00, 0e+00, 0e+00, 0e+00, 0e+00, 0e+00, 0e+00, 0e+00, 0e+00, 0e+00]
conBoiPri.yBoi[2]=[0e+00, 0e+00, 0e+00, 0e+00, 0e+00, 0e+00, 0e+00, 0e+00, 0e+00, 0e+00, 0e+00, 1e+00, 1e+00, 1e+00, 1e+00, 1e+00, 1e+00, 1e+00, 1e+00, 1e+00, 1e+00, 1e+00, 1e+00, 0e+00, 0e+00, 0e+00, 0e+00, 0e+00, 0e+00, 0e+00, 0e+00, 0e+00, 0e+00, 0e+00, 0e+00, 0e+00, 0e+00, 0e+00, 0e+00, 0e+00, 0e+00, 0e+00, 0e+00, 0e+00, 0e+00, 0e+00, 0e+00, 0e+00, 0e+00, 0e+00, 0e+00, 0e+00, 0e+00, 0e+00, 0e+00, 0e+00, 0e+00, 0e+00, 0e+00, 0e+00, 0e+00, 0e+00, 0e+00, 0e+00, 1e+00, 1e+00, 1e+00, 1e+00, 1e+00, 0e+00, 0e+00, 0e+00, 0e+00, 0e+00, 0e+00, 0e+00, 0e+00, 0e+00, 0e+00, 0e+00, 0e+00, 0e+00, 0e+00, 0e+00, 0e+00, 0e+00, 0e+00, 0e+00, 0e+00, 0e+00, 0e+00, 0e+00, 0e+00, 0e+00, 0e+00, 0e+00, 0e+00, 0e+00, 0e+00, 0e+00, 0e+00]
conBoiPri.yPriPum[1]=[0e+00, 1e+00, 1e+00, 1e+00, 1e+00, 1e+00, 1e+00, 1e+00, 1e+00, 1e+00, 1e+00, 1e+00, 1e+00, 1e+00, 1e+00, 1e+00, 1e+00, 1e+00, 1e+00, 1e+00, 1e+00, 1e+00, 1e+00, 1e+00, 1e+00, 1e+00, 1e+00, 1e+00, 1e+00, 1e+00, 1e+00, 1e+00, 1e+00, 1e+00, 1e+00, 1e+00, 1e+00, 1e+00, 1e+00, 1e+00, 1e+00, 1e+00, 1e+00, 1e+00, 1e+00, 1e+00, 1e+00, 1e+00, 1e+00, 0e+00, 0e+00, 0e+00, 0e+00, 0e+00, 0e+00, 0e+00, 0e+00, 0e+00, 0e+00, 0e+00, 1e+00, 1e+00, 1e+00, 1e+00, 1e+00, 1e+00, 1e+00, 1e+00, 1e+00, 1e+00, 1e+00, 1e+00, 1e+00, 1e+00, 1e+00, 1e+00, 1e+00, 1e+00, 1e+00, 1e+00, 1e+00, 1e+00, 1e+00, 1e+00, 1e+00, 1e+00, 1e+00, 1e+00, 1e+00, 1e+00, 1e+00, 1e+00, 1e+00, 1e+00, 1e+00, 1e+00, 1e+00, 1e+00, 1e+00, 0e+00, 0e+00]
conBoiPri.yPriPum[2]=[0e+00, 0e+00, 0e+00, 0e+00, 0e+00, 0e+00, 0e+00, 0e+00, 0e+00, 0e+00, 0e+00, 0e+00, 1e+00, 1e+00, 1e+00, 1e+00, 1e+00, 1e+00, 1e+00, 1e+00, 0e+00, 1e+00, 0e+00, 0e+00, 0e+00, 0e+00, 0e+00, 0e+00, 0e+00, 0e+00, 0e+00, 0e+00, 0e+00, 0e+00, 0e+00, 0e+00, 0e+00, 0e+00, 0e+00, 0e+00, 0e+00, 0e+00, 0e+00, 0e+00, 0e+00, 0e+00, 0e+00, 0e+00, 0e+00, 0e+00, 0e+00, 0e+00, 0e+00, 0e+00, 0e+00, 0e+00, 0e+00, 0e+00, 0e+00, 0e+00, 0e+00, 0e+00, 0e+00, 0e+00, 0e+00, 0e+00, 0e+00, 1e+00, 0e+00, 0e+00, 0e+00, 0e+00, 0e+00, 0e+00, 0e+00, 0e+00, 0e+00, 0e+00, 0e+00, 0e+00, 0e+00, 0e+00, 0e+00, 0e+00, 0e+00, 0e+00, 0e+00, 0e+00, 0e+00, 0e+00, 0e+00, 0e+00, 0e+00, 0e+00, 0e+00, 0e+00, 0e+00, 0e+00, 0e+00, 0e+00, 0e+00]
conBoiPri.VHotWatDec_flow=[0e+00, -2.408773972617589e-03, 1.904741451241569e-03, 1.772721132312053e-03, 1.624862826429308e-03, 1.139000640250742e-03, -7.701178328716196e-05, 4.604143725366145e-05, 4.07148094382137e-05, -5.804775049909949e-04, -8.625859045423567e-04, -1.658128608621822e-03, -6.179913380370909e-04, 7.297251373529434e-04, 6.157221944721521e-04, 1.087583314074436e-05, -1.75037162262015e-04, 6.418095998549107e-04, 9.050902153830975e-05, -1.062004987034015e-04, -4.317803774029016e-03, 2.778579564619577e-05, 1.987313936222532e-04, 4.195449524559081e-04, 1.21766104712151e-04, 5.836121272295713e-05, 3.622049916884862e-05, 3.479203078313731e-05, 1.08516713953577e-04, 1.00836442966977e-04, 8.600773435318843e-05, 7.958199566928669e-05, -4.662841674871743e-05, -4.533278818490868e-05, 3.324756980873644e-05, 2.869561467377935e-05, -2.423434634692967e-04, -2.870496830082167e-04, -3.934123960789293e-05, -8.400825463468209e-05, 8.035906830627937e-06, -5.188015110418793e-06, -7.673101754335221e-06, -6.944302913325373e-06, -2.952212207674165e-06, -2.153402647309122e-06, 3.679577086586505e-04, 4.415875941049307e-04, 1.573921274393797e-03, -3.248329929066129e-20, -3.249136688657309e-20, -3.24994344824849e-20, -3.250750401710126e-20, -3.251557096677822e-20, -3.252364050139458e-20, -3.253170809730639e-20, -3.25397756932182e-20, -3.254784522783456e-20, -3.255591217751152e-20, -3.246222710154247e-20, 1.156076090410352e-03, 7.353400462307036e-04, -1.802597398636863e-04, -4.430544858669798e-04, -9.506858885288238e-04, -1.279230928048491e-03, -4.15949933230877e-03, 3.263739037070668e-04, 6.651682662777603e-04, 1.874630950624123e-04, 9.090071398532018e-05, 7.605812340626968e-05, 8.168505737558008e-05, 6.575424689058048e-05, -6.654892058577389e-06, -6.27462350166752e-06, 2.61682209384162e-05, 2.508855577616487e-05, -8.398238242079969e-06, -8.388636888412294e-06, 4.190599793219008e-05, 1.163973705843091e-04, -3.150764605379664e-05, -7.592475594719872e-05, 2.575276412398572e-06, 2.20246647586464e-06, -1.139372077886946e-04, -1.291122869588435e-04, -7.858003792550289e-05, -8.7347264343407e-05, -1.978701584448572e-05, -2.461691074131522e-05, -2.439173392750983e-05, -2.449231142236385e-05, -2.572414159658365e-05, -2.642919389472809e-05, 2.689070066246044e-04, 3.720695385709405e-04, 1.632766029797494e-03, -4.875397102014775e-20, -8.847782325808607e-20]
conBoiPri.yPriPumSpe=[1.000000014901161e-01, 2.127760364139999e-01, 1.000000014901161e-01, 1.000000014901161e-01, 1.000000014901161e-01, 1.000000014901161e-01, 1.030953139066696e-01, 1.229247122567998e-01, 1.02681528031826e-01, 1.840543061494827e-01, 5.423857569694519e-01, 7.018041636222138e-01, 2.065030203197465e-01, 2.4655641913414e-01, 3.12690241156884e-01, 2.2056545317173e-01, 2.912493467330933e-01, 2.334328256131991e-01, 2.096518397331238e-01, 2.083858013153076e-01, 5.937166213989258e-01, 1.373951196670532e-01, 3.077164142259995e-01, 4.241177439689636e-01, 4.118898034095764e-01, 3.846636116504669e-01, 3.661471784114838e-01, 3.491999924182892e-01, 3.029569268226623e-01, 2.538986985966311e-01, 2.104125767946243e-01, 1.711660653352737e-01, 1.642224580049515e-01, 1.855363198761213e-01, 1.904617339372635e-01, 1.764563471078873e-01, 2.07526695728302e-01, 3.351661935701208e-01, 4.407702147960663e-01, 4.792123258113861e-01, 5.088173747062683e-01, 5.091690558498189e-01, 5.109795928001404e-01, 5.142840147018433e-01, 5.173035979270935e-01, 5.180275440216064e-01, 5.001140356063842e-01, 2.134577214717865e-01, 1.000000014901161e-01, 1.041817218065262e-01, 1.041817218065262e-01, 1.041817218065262e-01, 1.041817218065262e-01, 1.041817218065262e-01, 1.041817218065262e-01, 1.041817218065262e-01, 1.041817218065262e-01, 1.041817218065262e-01, 1.041817218065262e-01, 1.041817218065262e-01, 1.770752519369125e-01, 1.000000014901161e-01, 1.360098540782929e-01, 2.716430804365123e-01, 7.240576505661011e-01, 7.126535773277283e-01, 3.915294051170349e-01, 1.43767299082845e-01, 2.756358444690704e-01, 2.793895840644837e-01, 2.557717561721802e-01, 2.223072263743925e-01, 1.821888893842697e-01, 1.452629186355384e-01, 1.420018255710602e-01, 1.449007391929626e-01, 1.361235797405243e-01, 1.240726798772812e-01, 1.224241524934769e-01, 1.263957738876343e-01, 1.165124103426933e-01, 1.000000014901161e-01, 1.0120959430933e-01, 1.3482226729393e-01, 1.553637801590612e-01, 1.54070720076561e-01, 1.72313517332077e-01, 2.316366761922836e-01, 2.871689365071766e-01, 3.270564496517182e-01, 3.610620498657227e-01, 3.714070796966553e-01, 3.826741262470944e-01, 3.941807985305786e-01, 4.059424579143524e-01, 4.184544086456299e-01, 4.161692804158627e-01, 1.860080122947693e-01, 1.000000014901161e-01, 1.041817218065262e-01, 1.041817218065262e-01]
