last-generated=2015-05-08
statistics-simulation={'numerical Jacobians': '0', 'nonlinear': ' ', 'number of continuous time states': '3', 'linear': '0'}
TOut.T=[263.149993896484375, 263.149993896484375]
vol.T_start=[293.149993896484375, 293.149993896484375]
vol.T=[293.149993896484375, 291.711212158203125, 290.34912109375, 289.05963134765625, 287.838897705078125, 286.68328857421875, 285.58929443359375, 284.553558349609375, 283.572967529296875, 282.644683837890625, 281.765838623046875, 280.933807373046875, 280.146087646484375, 279.40032958984375, 278.69427490234375, 278.025787353515625, 277.392913818359375, 276.793731689453125, 276.22650146484375, 275.689483642578125, 275.181121826171875, 274.6998291015625, 274.244171142578125, 273.8128662109375, 273.404510498046875, 273.017913818359375, 272.651947021484375, 272.305450439453125, 271.9774169921875, 271.666900634765625, 271.372894287109375, 271.094573974609375, 270.831085205078125, 270.5816650390625, 270.34552001953125, 270.121978759765625, 269.910308837890625, 269.709930419921875, 269.520263671875, 269.340728759765625, 269.1707763671875, 269.0098876953125, 268.857574462890625, 268.713409423828125, 268.576934814453125, 268.44775390625, 268.325439453125, 268.2095947265625, 268.09991455078125, 267.996124267578125, 267.897857666015625, 267.804840087890625, 267.71673583984375, 267.63330078125, 267.5543212890625, 267.47955322265625, 267.40875244140625, 267.34173583984375, 267.27825927734375, 267.218170166015625, 267.161285400390625, 267.107421875, 267.05645751953125, 267.0081787109375, 266.96246337890625, 266.919189453125, 266.87823486328125, 266.8394775390625, 266.802764892578125, 266.76800537109375, 266.735076904296875, 266.703948974609375, 266.674468994140625, 266.64654541015625, 266.6201171875, 266.5950927734375, 266.571380615234375, 266.5489501953125, 266.5277099609375, 266.50762939453125, 266.48858642578125, 266.470550537109375, 266.453460693359375, 266.43731689453125, 266.422027587890625, 266.40753173828125, 266.393829345703125, 266.380828857421875, 266.3685302734375, 266.356903076171875, 266.34588623046875, 266.33544921875, 266.3255615234375, 266.31622314453125, 266.307373046875, 266.298980712890625, 266.291046142578125, 266.283538818359375, 266.27642822265625, 266.26971435546875, 266.2633056640625]
time=[0., 10800.]
