last-generated=2015-05-08
statistics-simulation={'numerical Jacobians': '0', 'nonlinear': ' ', 'linear': ' '}
y=[-10., -10., -10., -10., -10., -10., -10., -10., -10., -10., -10., -10., -10., -10., -10., -10., -10., -10., -10., -10., -10., -10., -10., -10., -10., -10., -10., -10., -10., -10., -10., -10., -10., -10., -10., -10., -10., -10., -10., -10., -10., -10., -10., -10., -10., -10., -10., -10., -10., -10., -10., -10., -10., -10., -10., -10., -10., -10., -10., -10., -10., -9.9999341963249435139, -9.95764823075234950522, -9.61288517592871905038, -8.80138498460092222331, -7.61594229742106509917, -6.20945495927315072038, -4.69575384939515139138, -3.13948647802840108412, -1.57073162303538516049, -0.00000046813281229241, 1.57073302706681916519, 3.13948554566464288484, 4.69575292932659937861, 6.20945627530917843018, 7.61594152450561523438, 8.80138586598050665089, 9.61288480189125671416, 9.95764825660255326056, 9.99993419673478456389, 10., 10., 10., 10., 10., 10., 10., 10., 10., 10., 10., 10., 10., 10., 10., 10., 10., 10., 10., 10., 10.]
time=[-1., 1.]
