last-generated=2026-09-30
statistics-initialization=
{
  "linear": "0, 0, 0, 0, 0, 0, 0, 0",
  "nonlinear": "0, 0, 0, 0, 0, 1, 0, 0, 0, 0, 0, 0, 0, 0, 0, 0, 0, 0, 0, 0, 0, 0, 0, 0, 0, 1, 1,   1, 2, 1, 1, 5, 1",
  "numerical Jacobians": "0"
}
statistics-simulation=
{
  "linear": "0, 0, 0, 0, 0, 0, 0, 0, 0, 0, 0, 4, 0",
  "nonlinear": "0, 2, 0, 5, 0, 0, 0, 0, 1, 0, 0, 1, 1, 1",
  "number of continuous time states": "78",
  "numerical Jacobians": "0"
}
time=[4.32e+05, 8.64e+05]
flo.sou.TAir=[2.931499938964844e+02, 2.922672119140625e+02, 2.917944641113281e+02, 2.913210144042969e+02, 2.908796691894531e+02, 2.92637939453125e+02, 2.931512145996094e+02, 2.932015380859375e+02, 2.932277526855469e+02, 2.931501770019531e+02, 2.931428833007812e+02, 2.93209716796875e+02, 2.931690673828125e+02, 2.931415100097656e+02, 2.931375122070312e+02, 2.931445922851562e+02, 2.912081909179688e+02, 2.907111511230469e+02, 2.903387451171875e+02, 2.898371887207031e+02, 2.893518981933594e+02, 2.888729248046875e+02, 2.885553588867188e+02, 2.882109375e+02, 2.879183349609375e+02, 2.926178894042969e+02, 2.931883544921875e+02, 2.932251586914062e+02, 2.931953735351562e+02, 2.931795959472656e+02, 2.931651916503906e+02, 2.93146484375e+02, 2.931244201660156e+02, 2.931036376953125e+02, 2.931459350585938e+02, 2.931489868164062e+02, 2.903403625488281e+02, 2.899477233886719e+02, 2.894488830566406e+02, 2.890962219238281e+02, 2.887991333007812e+02, 2.884294738769531e+02, 2.882457885742188e+02, 2.879873046875e+02, 2.877153015136719e+02, 2.924951171875e+02, 2.932152404785156e+02, 2.932198486328125e+02, 2.931868896484375e+02, 2.931665344238281e+02, 2.931606140136719e+02, 2.931474914550781e+02, 2.931387634277344e+02, 2.931101379394531e+02, 2.931427001953125e+02, 2.931490478515625e+02, 2.899911804199219e+02, 2.895160827636719e+02, 2.889944458007812e+02, 2.883692321777344e+02, 2.882641906738281e+02, 2.880627136230469e+02, 2.877165832519531e+02, 2.876857604980469e+02, 2.874492797851562e+02, 2.926725158691406e+02, 2.93187744140625e+02, 2.932289123535156e+02, 2.931861572265625e+02, 2.931232604980469e+02, 2.931752014160156e+02, 2.932599792480469e+02, 2.931677551269531e+02, 2.931055908203125e+02, 2.931399536132812e+02, 2.931457214355469e+02, 2.914005737304688e+02, 2.9109912109375e+02, 2.909891052246094e+02, 2.91025390625e+02, 2.90835693359375e+02, 2.904541320800781e+02, 2.904822387695312e+02, 2.903327941894531e+02, 2.901856384277344e+02, 2.923292541503906e+02, 2.931500549316406e+02, 2.931744995117188e+02, 2.932090454101562e+02, 2.934090270996094e+02, 2.948182678222656e+02, 2.951224975585938e+02, 2.949504699707031e+02, 2.946611938476562e+02, 2.941340026855469e+02, 2.930720520019531e+02, 2.926923828125e+02, 2.92345703125e+02, 2.923428344726562e+02, 2.920986022949219e+02, 2.915938720703125e+02]
flo.eas.TAir=[2.931499938964844e+02, 2.921435241699219e+02, 2.9165234375e+02, 2.911810913085938e+02, 2.907376708984375e+02, 2.924683837890625e+02, 2.931440734863281e+02, 2.932047729492188e+02, 2.931512145996094e+02, 2.931278991699219e+02, 2.931494750976562e+02, 2.931963806152344e+02, 2.931498718261719e+02, 2.931458740234375e+02, 2.931429138183594e+02, 2.931480712890625e+02, 2.909358215332031e+02, 2.9052587890625e+02, 2.901539306640625e+02, 2.8964208984375e+02, 2.891543579101562e+02, 2.886881408691406e+02, 2.883787841796875e+02, 2.880442199707031e+02, 2.877582702636719e+02, 2.927012634277344e+02, 2.931968383789062e+02, 2.932212829589844e+02, 2.931510314941406e+02, 2.931360473632812e+02, 2.931514282226562e+02, 2.931511535644531e+02, 2.931502990722656e+02, 2.931455688476562e+02, 2.931451721191406e+02, 2.9314990234375e+02, 2.897046508789062e+02, 2.895134887695312e+02, 2.890158996582031e+02, 2.886710510253906e+02, 2.884024658203125e+02, 2.881370239257812e+02, 2.878950500488281e+02, 2.876513061523438e+02, 2.874239196777344e+02, 2.920587158203125e+02, 2.932744445800781e+02, 2.932041015625e+02, 2.931515197753906e+02, 2.931392822265625e+02, 2.931509094238281e+02, 2.931517333984375e+02, 2.931520690917969e+02, 2.931478881835938e+02, 2.931476135253906e+02, 2.931499938964844e+02, 2.899825744628906e+02, 2.896544494628906e+02, 2.89211669921875e+02, 2.887676391601562e+02, 2.885169372558594e+02, 2.883984375e+02, 2.8815087890625e+02, 2.880311889648438e+02, 2.87869873046875e+02, 2.928151245117188e+02, 2.931961975097656e+02, 2.932359313964844e+02, 2.931668701171875e+02, 2.931385498046875e+02, 2.931544799804688e+02, 2.931849975585938e+02, 2.931549377441406e+02, 2.931494750976562e+02, 2.931499328613281e+02, 2.931534118652344e+02, 2.914840698242188e+02, 2.912006225585938e+02, 2.90984619140625e+02, 2.907921447753906e+02, 2.905057678222656e+02, 2.902682189941406e+02, 2.901892700195312e+02, 2.900242309570312e+02, 2.898742065429688e+02, 2.921321411132812e+02, 2.931535034179688e+02, 2.931907958984375e+02, 2.931692504882812e+02, 2.931352233886719e+02, 2.931717529296875e+02, 2.93275634765625e+02, 2.931529846191406e+02, 2.931344299316406e+02, 2.931372680664062e+02, 2.931397705078125e+02, 2.922554016113281e+02, 2.920018310546875e+02, 2.917157592773438e+02, 2.914606628417969e+02, 2.911807556152344e+02]
flo.nor.TAir=[2.931499938964844e+02, 2.920935363769531e+02, 2.917429809570312e+02, 2.911363220214844e+02, 2.904935607910156e+02, 2.92102783203125e+02, 2.931453552246094e+02, 2.931673889160156e+02, 2.931593933105469e+02, 2.931531066894531e+02, 2.931519165039062e+02, 2.932091674804688e+02, 2.931503601074219e+02, 2.931467895507812e+02, 2.931438903808594e+02, 2.931463623046875e+02, 2.902467346191406e+02, 2.902133483886719e+02, 2.899301452636719e+02, 2.891128234863281e+02, 2.885144348144531e+02, 2.882082214355469e+02, 2.880039367675781e+02, 2.877013854980469e+02, 2.875425720214844e+02, 2.925833435058594e+02, 2.932291870117188e+02, 2.931820678710938e+02, 2.931591491699219e+02, 2.931530456542969e+02, 2.931515808105469e+02, 2.931510314941406e+02, 2.931526184082031e+02, 2.931488342285156e+02, 2.9314697265625e+02, 2.931505737304688e+02, 2.89160888671875e+02, 2.893914489746094e+02, 2.888561401367188e+02, 2.884210815429688e+02, 2.88342529296875e+02, 2.882005310058594e+02, 2.879533081054688e+02, 2.877098083496094e+02, 2.875221862792969e+02, 2.91901123046875e+02, 2.932789611816406e+02, 2.931737060546875e+02, 2.931602478027344e+02, 2.931529846191406e+02, 2.93151123046875e+02, 2.9315185546875e+02, 2.93153564453125e+02, 2.931509399414062e+02, 2.931492614746094e+02, 2.931502990722656e+02, 2.900025939941406e+02, 2.8964892578125e+02, 2.892236938476562e+02, 2.887783203125e+02, 2.885324401855469e+02, 2.884297790527344e+02, 2.881879272460938e+02, 2.880739135742188e+02, 2.879290161132812e+02, 2.924971008300781e+02, 2.932031860351562e+02, 2.932178649902344e+02, 2.931686401367188e+02, 2.931453857421875e+02, 2.931553039550781e+02, 2.931941833496094e+02, 2.931554565429688e+02, 2.931522216796875e+02, 2.931509399414062e+02, 2.931529541015625e+02, 2.915215148925781e+02, 2.912203369140625e+02, 2.91019775390625e+02, 2.908423156738281e+02, 2.905673217773438e+02, 2.903120422363281e+02, 2.9007421875e+02, 2.897513732910156e+02, 2.89533935546875e+02, 2.929691772460938e+02, 2.931570129394531e+02, 2.931578063964844e+02, 2.931668090820312e+02, 2.931603088378906e+02, 2.931795654296875e+02, 2.932852783203125e+02, 2.931552734375e+02, 2.931387329101562e+02, 2.931365661621094e+02, 2.931376647949219e+02, 2.922494812011719e+02, 2.920072631835938e+02, 2.917283630371094e+02, 2.914732971191406e+02, 2.911917114257812e+02]
flo.wes.TAir=[2.931499938964844e+02, 2.91271484375e+02, 2.909190979003906e+02, 2.905343627929688e+02, 2.901799621582031e+02, 2.920046997070312e+02, 2.931423034667969e+02, 2.931821899414062e+02, 2.931628112792969e+02, 2.931532287597656e+02, 2.931511535644531e+02, 2.931905212402344e+02, 2.931677856445312e+02, 2.931502075195312e+02, 2.931370544433594e+02, 2.931481323242188e+02, 2.908645324707031e+02, 2.899995727539062e+02, 2.895969543457031e+02, 2.895566101074219e+02, 2.890823669433594e+02, 2.883234558105469e+02, 2.879958190917969e+02, 2.874828186035156e+02, 2.87196533203125e+02, 2.921437683105469e+02, 2.932014465332031e+02, 2.931835327148438e+02, 2.931618041992188e+02, 2.93154541015625e+02, 2.931516418457031e+02, 2.931765747070312e+02, 2.931704711914062e+02, 2.931370849609375e+02, 2.931434631347656e+02, 2.931495971679688e+02, 2.897145385742188e+02, 2.891285705566406e+02, 2.886600036621094e+02, 2.886604614257812e+02, 2.881566772460938e+02, 2.878428649902344e+02, 2.875838623046875e+02, 2.873418579101562e+02, 2.871082763671875e+02, 2.917367858886719e+02, 2.932816467285156e+02, 2.931771545410156e+02, 2.931559143066406e+02, 2.931557006835938e+02, 2.93151123046875e+02, 2.931746826171875e+02, 2.931696166992188e+02, 2.931373901367188e+02, 2.931439819335938e+02, 2.931495971679688e+02, 2.896582641601562e+02, 2.892929382324219e+02, 2.8893017578125e+02, 2.881867980957031e+02, 2.878946228027344e+02, 2.878305053710938e+02, 2.875092468261719e+02, 2.87393310546875e+02, 2.873665161132812e+02, 2.924891662597656e+02, 2.932025146484375e+02, 2.932266235351562e+02, 2.931714782714844e+02, 2.931510925292969e+02, 2.9315478515625e+02, 2.93197998046875e+02, 2.931762390136719e+02, 2.931417236328125e+02, 2.931433410644531e+02, 2.931528930664062e+02, 2.909083251953125e+02, 2.906827087402344e+02, 2.905202331542969e+02, 2.903921813964844e+02, 2.898224792480469e+02, 2.8956884765625e+02, 2.897344055175781e+02, 2.896631469726562e+02, 2.894768676757812e+02, 2.926069946289062e+02, 2.931564636230469e+02, 2.931780090332031e+02, 2.931696472167969e+02, 2.931613159179688e+02, 2.931732177734375e+02, 2.933115234375e+02, 2.931511840820312e+02, 2.93149169921875e+02, 2.931023254394531e+02, 2.931360168457031e+02, 2.919729309082031e+02, 2.918258361816406e+02, 2.9125634765625e+02, 2.909369812011719e+02, 2.905787048339844e+02]
flo.cor.TAir=[2.931499938964844e+02, 2.926481018066406e+02, 2.922276611328125e+02, 2.917575988769531e+02, 2.91286865234375e+02, 2.927916259765625e+02, 2.932459716796875e+02, 2.934944763183594e+02, 2.936192016601562e+02, 2.936073913574219e+02, 2.936061096191406e+02, 2.936788024902344e+02, 2.936082458496094e+02, 2.93607421875e+02, 2.935953369140625e+02, 2.932813415527344e+02, 2.913409423828125e+02, 2.910598754882812e+02, 2.90726806640625e+02, 2.901844177246094e+02, 2.896678161621094e+02, 2.892189331054688e+02, 2.889405212402344e+02, 2.885970764160156e+02, 2.883435668945312e+02, 2.921918029785156e+02, 2.931692810058594e+02, 2.932091674804688e+02, 2.931636352539062e+02, 2.931571044921875e+02, 2.931560363769531e+02, 2.931470947265625e+02, 2.931585388183594e+02, 2.931600646972656e+02, 2.931392211914062e+02, 2.931505432128906e+02, 2.901798706054688e+02, 2.901199035644531e+02, 2.896412048339844e+02, 2.893193969726562e+02, 2.890831604003906e+02, 2.88838623046875e+02, 2.886080322265625e+02, 2.883661804199219e+02, 2.881466979980469e+02, 2.920328674316406e+02, 2.929211730957031e+02, 2.932073364257812e+02, 2.931746826171875e+02, 2.931594848632812e+02, 2.931572875976562e+02, 2.931547546386719e+02, 2.931617736816406e+02, 2.931627807617188e+02, 2.931373596191406e+02, 2.931502685546875e+02, 2.9050048828125e+02, 2.901410217285156e+02, 2.897090148925781e+02, 2.891808776855469e+02, 2.889636535644531e+02, 2.888407287597656e+02, 2.885533752441406e+02, 2.884581298828125e+02, 2.882995300292969e+02, 2.921961364746094e+02, 2.931054992675781e+02, 2.932798767089844e+02, 2.931407775878906e+02, 2.932450256347656e+02, 2.933718872070312e+02, 2.934981689453125e+02, 2.934765319824219e+02, 2.934956665039062e+02, 2.935101318359375e+02, 2.931519470214844e+02, 2.918827514648438e+02, 2.916032409667969e+02, 2.914299926757812e+02, 2.912916259765625e+02, 2.90977783203125e+02, 2.90712646484375e+02, 2.906540832519531e+02, 2.904550476074219e+02, 2.902781066894531e+02, 2.92499755859375e+02, 2.932668151855469e+02, 2.93310791015625e+02, 2.934688720703125e+02, 2.935489501953125e+02, 2.939066467285156e+02, 2.94110595703125e+02, 2.939900207519531e+02, 2.939130859375e+02, 2.937562255859375e+02, 2.933079223632812e+02, 2.927824096679688e+02, 2.925352478027344e+02, 2.922212829589844e+02, 2.919566955566406e+02, 2.916600646972656e+02]
hvac.TSetRoo.setPoiHea.y=[2.851499938964844e+02, 2.851499938964844e+02, 2.851499938964844e+02, 2.851499938964844e+02, 2.851499938964844e+02, 2.931499938964844e+02, 2.931499938964844e+02, 2.931499938964844e+02, 2.931499938964844e+02, 2.931499938964844e+02, 2.931499938964844e+02, 2.931499938964844e+02, 2.931499938964844e+02, 2.931499938964844e+02, 2.931499938964844e+02, 2.931499938964844e+02, 2.851499938964844e+02, 2.851499938964844e+02, 2.851499938964844e+02, 2.851499938964844e+02, 2.851499938964844e+02, 2.851499938964844e+02, 2.851499938964844e+02, 2.851499938964844e+02, 2.851499938964844e+02, 2.931499938964844e+02, 2.931499938964844e+02, 2.931499938964844e+02, 2.931499938964844e+02, 2.931499938964844e+02, 2.931499938964844e+02, 2.931499938964844e+02, 2.931499938964844e+02, 2.931499938964844e+02, 2.931499938964844e+02, 2.931499938964844e+02, 2.851499938964844e+02, 2.851499938964844e+02, 2.851499938964844e+02, 2.851499938964844e+02, 2.851499938964844e+02, 2.851499938964844e+02, 2.851499938964844e+02, 2.851499938964844e+02, 2.851499938964844e+02, 2.931499938964844e+02, 2.931499938964844e+02, 2.931499938964844e+02, 2.931499938964844e+02, 2.931499938964844e+02, 2.931499938964844e+02, 2.931499938964844e+02, 2.931499938964844e+02, 2.931499938964844e+02, 2.931499938964844e+02, 2.931499938964844e+02, 2.851499938964844e+02, 2.851499938964844e+02, 2.851499938964844e+02, 2.851499938964844e+02, 2.851499938964844e+02, 2.851499938964844e+02, 2.851499938964844e+02, 2.851499938964844e+02, 2.851499938964844e+02, 2.931499938964844e+02, 2.931499938964844e+02, 2.931499938964844e+02, 2.931499938964844e+02, 2.931499938964844e+02, 2.931499938964844e+02, 2.931499938964844e+02, 2.931499938964844e+02, 2.931499938964844e+02, 2.931499938964844e+02, 2.931499938964844e+02, 2.851499938964844e+02, 2.851499938964844e+02, 2.851499938964844e+02, 2.851499938964844e+02, 2.851499938964844e+02, 2.851499938964844e+02, 2.851499938964844e+02, 2.851499938964844e+02, 2.851499938964844e+02, 2.931499938964844e+02, 2.931499938964844e+02, 2.931499938964844e+02, 2.931499938964844e+02, 2.931499938964844e+02, 2.931499938964844e+02, 2.931499938964844e+02, 2.931499938964844e+02, 2.931499938964844e+02, 2.931499938964844e+02, 2.931499938964844e+02, 2.851499938964844e+02, 2.851499938964844e+02, 2.851499938964844e+02, 2.851499938964844e+02, 2.851499938964844e+02]
hvac.TSetRoo.setPoiCoo.y=[3.031499938964844e+02, 3.031499938964844e+02, 3.031499938964844e+02, 3.031499938964844e+02, 3.031499938964844e+02, 3.031499938964844e+02, 2.971499938964844e+02, 2.971499938964844e+02, 2.971499938964844e+02, 2.971499938964844e+02, 2.971499938964844e+02, 2.971499938964844e+02, 2.971499938964844e+02, 2.971499938964844e+02, 2.971499938964844e+02, 2.971499938964844e+02, 3.031499938964844e+02, 3.031499938964844e+02, 3.031499938964844e+02, 3.031499938964844e+02, 3.031499938964844e+02, 3.031499938964844e+02, 3.031499938964844e+02, 3.031499938964844e+02, 3.031499938964844e+02, 2.971499938964844e+02, 2.971499938964844e+02, 2.971499938964844e+02, 2.971499938964844e+02, 2.971499938964844e+02, 2.971499938964844e+02, 2.971499938964844e+02, 2.971499938964844e+02, 2.971499938964844e+02, 2.971499938964844e+02, 2.971499938964844e+02, 3.031499938964844e+02, 3.031499938964844e+02, 3.031499938964844e+02, 3.031499938964844e+02, 3.031499938964844e+02, 3.031499938964844e+02, 3.031499938964844e+02, 3.031499938964844e+02, 3.031499938964844e+02, 2.971499938964844e+02, 2.971499938964844e+02, 2.971499938964844e+02, 2.971499938964844e+02, 2.971499938964844e+02, 2.971499938964844e+02, 2.971499938964844e+02, 2.971499938964844e+02, 2.971499938964844e+02, 2.971499938964844e+02, 2.971499938964844e+02, 3.031499938964844e+02, 3.031499938964844e+02, 3.031499938964844e+02, 3.031499938964844e+02, 3.031499938964844e+02, 3.031499938964844e+02, 3.031499938964844e+02, 3.031499938964844e+02, 3.031499938964844e+02, 2.971499938964844e+02, 2.971499938964844e+02, 2.971499938964844e+02, 2.971499938964844e+02, 2.971499938964844e+02, 2.971499938964844e+02, 2.971499938964844e+02, 2.971499938964844e+02, 2.971499938964844e+02, 2.971499938964844e+02, 2.971499938964844e+02, 3.031499938964844e+02, 3.031499938964844e+02, 3.031499938964844e+02, 3.031499938964844e+02, 3.031499938964844e+02, 3.031499938964844e+02, 3.031499938964844e+02, 3.031499938964844e+02, 3.031499938964844e+02, 3.031499938964844e+02, 2.971499938964844e+02, 2.971499938964844e+02, 2.971499938964844e+02, 2.971499938964844e+02, 2.971499938964844e+02, 2.971499938964844e+02, 2.971499938964844e+02, 2.971499938964844e+02, 2.971499938964844e+02, 2.971499938964844e+02, 3.031499938964844e+02, 3.031499938964844e+02, 3.031499938964844e+02, 3.031499938964844e+02, 3.031499938964844e+02]
hvac.fanSup.y=[0e+00, 0e+00, 0e+00, 0e+00, 0e+00, 1e+00, 8.1427001953125e-01, 8.554584980010986e-01, 8.656328916549683e-01, 8.639805316925049e-01, 8.638079762458801e-01, 8.64018440246582e-01, 8.637821078300476e-01, 8.638688325881958e-01, 8.63903284072876e-01, 8.584438562393188e-01, 0e+00, 0e+00, 0e+00, 0e+00, 0e+00, 0e+00, 0e+00, 0e+00, 0e+00, 1e+00, 8.064774870872498e-01, 8.536292314529419e-01, 8.605046272277832e-01, 8.584542274475098e-01, 8.581694960594177e-01, 8.583210706710815e-01, 8.583362698554993e-01, 8.583610057830811e-01, 8.583407998085022e-01, 8.583733439445496e-01, 0e+00, 0e+00, 0e+00, 0e+00, 0e+00, 0e+00, 0e+00, 0e+00, 0e+00, 1e+00, 7.999767065048218e-01, 8.597108721733093e-01, 8.606317639350891e-01, 8.581584095954895e-01, 8.583234548568726e-01, 8.582906723022461e-01, 8.584327697753906e-01, 8.582581877708435e-01, 8.584142327308655e-01, 8.582971096038818e-01, 0e+00, 0e+00, 0e+00, 0e+00, 0e+00, 0e+00, 0e+00, 0e+00, 0e+00, 1e+00, 7.971315979957581e-01, 8.637704849243164e-01, 8.657493591308594e-01, 8.595044016838074e-01, 8.614174127578735e-01, 8.623632192611694e-01, 8.633269667625427e-01, 8.626450300216675e-01, 8.624730706214905e-01, 8.623268604278564e-01, 0e+00, 0e+00, 0e+00, 0e+00, 0e+00, 0e+00, 0e+00, 0e+00, 0e+00, 1e+00, 8.123789429664612e-01, 8.559842705726624e-01, 8.6993008852005e-01, 8.683627247810364e-01, 7.417386770248413e-01, 7.400908470153809e-01, 7.391927242279053e-01, 7.391241192817688e-01, 7.385891079902649e-01, 8.597515821456909e-01, 0e+00, 0e+00, 0e+00, 0e+00, 0e+00]
hvac.VAVBox[5].vav.y_actual=[1e+00, 1e+00, 1e+00, 1e+00, 1e+00, 5.955291390419006e-01, 4.960110783576965e-01, 4.957496821880341e-01, 5.026060938835144e-01, 5.032035708427429e-01, 5.03079354763031e-01, 5.030966401100159e-01, 5.031219124794006e-01, 5.031059980392456e-01, 5.030751824378967e-01, 4.814400970935822e-01, 7.512116432189941e-01, 1e+00, 1e+00, 1e+00, 1e+00, 1e+00, 1e+00, 1e+00, 1e+00, 5.905413031578064e-01, 4.915431141853333e-01, 4.778009057044983e-01, 4.805916249752045e-01, 4.81010377407074e-01, 4.808787703514099e-01, 4.808650314807892e-01, 4.808682501316071e-01, 4.808613359928131e-01, 4.808653593063354e-01, 4.808981716632843e-01, 7.512118816375732e-01, 1e+00, 1e+00, 1e+00, 1e+00, 1e+00, 1e+00, 1e+00, 1e+00, 5.882996320724487e-01, 4.821870625019073e-01, 4.773536026477814e-01, 4.809069931507111e-01, 4.809909760951996e-01, 4.808782041072845e-01, 4.80862945318222e-01, 4.809072017669678e-01, 4.808267951011658e-01, 4.80884313583374e-01, 4.808456599712372e-01, 7.5125652551651e-01, 1e+00, 1e+00, 1e+00, 1e+00, 1e+00, 1e+00, 1e+00, 1e+00, 5.901541709899902e-01, 4.818446934223175e-01, 4.948321878910065e-01, 4.983449876308441e-01, 4.816882908344269e-01, 4.808826148509979e-01, 4.809170961380005e-01, 4.807762801647186e-01, 4.809312224388123e-01, 4.806897044181824e-01, 4.809161126613617e-01, 7.511647343635559e-01, 1e+00, 1e+00, 1e+00, 1e+00, 1e+00, 1e+00, 1e+00, 1e+00, 5.955249667167664e-01, 4.949679374694824e-01, 4.957349300384521e-01, 5.024032592773438e-01, 5.033100247383118e-01, 5.025108456611633e-01, 5.028616786003113e-01, 5.031388998031616e-01, 5.030607581138611e-01, 5.03060519695282e-01, 4.842893779277802e-01, 7.512369751930237e-01, 1e+00, 1e+00, 1e+00, 1e+00]
hvac.VAVBox[1].vav.y_actual=[1e+00, 9.381301403045654e-01, 1e+00, 1e+00, 1e+00, 9.899086952209473e-01, 8.519424796104431e-01, 8.064872622489929e-01, 8.12924861907959e-01, 8.142975568771362e-01, 8.139037489891052e-01, 8.139787912368774e-01, 8.140259385108948e-01, 8.139886856079102e-01, 8.138987421989441e-01, 8.140109777450562e-01, 9.810711741447449e-01, 1e+00, 1e+00, 1e+00, 1e+00, 1e+00, 1e+00, 1e+00, 1e+00, 9.005608558654785e-01, 8.444396257400513e-01, 8.046606183052063e-01, 8.133736252784729e-01, 8.143914937973022e-01, 8.139638304710388e-01, 8.139417767524719e-01, 8.139514327049255e-01, 8.139306902885437e-01, 8.139421343803406e-01, 8.14045250415802e-01, 9.811046719551086e-01, 1e+00, 1e+00, 1e+00, 1e+00, 1e+00, 1e+00, 1e+00, 1e+00, 8.699116110801697e-01, 8.170652985572815e-01, 8.038947582244873e-01, 8.143194317817688e-01, 8.143007159233093e-01, 8.139789700508118e-01, 8.139303922653198e-01, 8.140769600868225e-01, 8.138101696968079e-01, 8.140076994895935e-01, 8.138760328292847e-01, 9.81256902217865e-01, 1e+00, 1e+00, 1e+00, 1e+00, 1e+00, 1e+00, 1e+00, 1e+00, 8.402559757232666e-01, 8.165537118911743e-01, 8.037781119346619e-01, 8.136731386184692e-01, 8.159791231155396e-01, 8.139634728431702e-01, 8.141156435012817e-01, 8.137121200561523e-01, 8.141435980796814e-01, 8.133944869041443e-01, 8.141169548034668e-01, 9.809788465499878e-01, 1e+00, 1e+00, 1e+00, 1e+00, 1e+00, 1e+00, 1e+00, 1e+00, 9.899014830589294e-01, 8.506019115447998e-01, 8.061996102333069e-01, 8.123992085456848e-01, 8.146380186080933e-01, 4.3022221326828e-01, 4.043576717376709e-01, 4.039401412010193e-01, 4.038606882095337e-01, 4.038562774658203e-01, 7.931991219520569e-01, 9.800445437431335e-01, 1e+00, 1e+00, 1e+00, 1e+00]
hvac.VAVBox[2].vav.y_actual=[1e+00, 6.269727945327759e-01, 1e+00, 1e+00, 1e+00, 7.342966794967651e-01, 6.664016246795654e-01, 6.400533318519592e-01, 6.420027017593384e-01, 6.428971886634827e-01, 6.427376866340637e-01, 6.427527070045471e-01, 6.427988409996033e-01, 6.427730917930603e-01, 6.427290439605713e-01, 6.427928805351257e-01, 7.545065879821777e-01, 1e+00, 1e+00, 1e+00, 1e+00, 1e+00, 1e+00, 1e+00, 1e+00, 6.977234482765198e-01, 6.632784008979797e-01, 6.388183832168579e-01, 6.421669721603394e-01, 6.429517269134521e-01, 6.427817940711975e-01, 6.427477598190308e-01, 6.427522301673889e-01, 6.427416205406189e-01, 6.427478790283203e-01, 6.427947282791138e-01, 7.545258402824402e-01, 1e+00, 1e+00, 1e+00, 1e+00, 1e+00, 1e+00, 1e+00, 1e+00, 6.870215535163879e-01, 6.511632204055786e-01, 6.376570463180542e-01, 6.426264643669128e-01, 6.429456472396851e-01, 6.427697539329529e-01, 6.427477598190308e-01, 6.428057551383972e-01, 6.427015066146851e-01, 6.427707672119141e-01, 6.427232623100281e-01, 7.545799612998962e-01, 1e+00, 1e+00, 1e+00, 1e+00, 1e+00, 1e+00, 1e+00, 1e+00, 7.024213075637817e-01, 6.511852145195007e-01, 6.376018524169922e-01, 6.422703862190247e-01, 6.437838673591614e-01, 6.428009867668152e-01, 6.428179144859314e-01, 6.425860524177551e-01, 6.428425908088684e-01, 6.424950361251831e-01, 6.428065299987793e-01, 7.544538974761963e-01, 1e+00, 1e+00, 1e+00, 1e+00, 1e+00, 1e+00, 1e+00, 1e+00, 7.342913746833801e-01, 6.657129526138306e-01, 6.398363709449768e-01, 6.417003273963928e-01, 6.430366635322571e-01, 6.422052383422852e-01, 6.423845887184143e-01, 6.428159475326538e-01, 6.427097320556641e-01, 6.427127122879028e-01, 6.431405544281006e-01, 7.545773386955261e-01, 1e+00, 1e+00, 1e+00, 1e+00]
hvac.VAVBox[3].vav.y_actual=[1e+00, 1e+00, 1e+00, 1e+00, 1e+00, 1e+00, 9.329346418380737e-01, 8.885490894317627e-01, 8.992796540260315e-01, 9.004727005958557e-01, 8.999155163764954e-01, 9.000732898712158e-01, 9.000702500343323e-01, 9.000459909439087e-01, 8.999225497245789e-01, 9.000363945960999e-01, 1e+00, 1e+00, 1e+00, 1e+00, 1e+00, 1e+00, 1e+00, 1e+00, 1e+00, 9.269788861274719e-01, 9.157530069351196e-01, 8.867404460906982e-01, 8.999313116073608e-01, 9.00578498840332e-01, 8.999549746513367e-01, 8.999884128570557e-01, 8.999999761581421e-01, 8.999736309051514e-01, 8.999836444854736e-01, 9.001354575157166e-01, 1e+00, 1e+00, 1e+00, 1e+00, 1e+00, 1e+00, 1e+00, 1e+00, 1e+00, 9.437649250030518e-01, 8.831611275672913e-01, 8.877082467079163e-01, 9.010690450668335e-01, 9.003575444221497e-01, 9.000343680381775e-01, 8.999549150466919e-01, 9.001960754394531e-01, 8.997622728347778e-01, 9.000967741012573e-01, 8.998767733573914e-01, 1e+00, 1e+00, 1e+00, 1e+00, 1e+00, 1e+00, 1e+00, 1e+00, 1e+00, 9.799777269363403e-01, 8.824031352996826e-01, 8.876121044158936e-01, 9.003154039382935e-01, 9.025951623916626e-01, 9.000095725059509e-01, 9.003028869628906e-01, 8.998278379440308e-01, 9.00240421295166e-01, 8.991947770118713e-01, 9.002586007118225e-01, 1e+00, 1e+00, 1e+00, 1e+00, 1e+00, 1e+00, 1e+00, 1e+00, 1e+00, 1e+00, 9.295083284378052e-01, 8.883210420608521e-01, 8.988404870033264e-01, 9.010052680969238e-01, 8.952430486679077e-01, 8.995341062545776e-01, 9.001513719558716e-01, 8.998463153839111e-01, 8.99793803691864e-01, 9.040037393569946e-01, 1e+00, 1e+00, 1e+00, 1e+00, 1e+00]
hvac.VAVBox[4].vav.y_actual=[1e+00, 5.698857307434082e-01, 1e+00, 1e+00, 1e+00, 6.936355233192444e-01, 6.350741982460022e-01, 6.113483905792236e-01, 6.130962371826172e-01, 6.139055490493774e-01, 6.13762378692627e-01, 6.137756109237671e-01, 6.13817572593689e-01, 6.13794207572937e-01, 6.137545108795166e-01, 6.138121485710144e-01, 7.153868675231934e-01, 1e+00, 1e+00, 1e+00, 1e+00, 1e+00, 1e+00, 1e+00, 1e+00, 6.559180617332458e-01, 6.321353912353516e-01, 6.102283596992493e-01, 6.132434010505676e-01, 6.139548420906067e-01, 6.138023734092712e-01, 6.13771378993988e-01, 6.13775372505188e-01, 6.137657761573792e-01, 6.137714385986328e-01, 6.138136386871338e-01, 7.154042720794678e-01, 1e+00, 1e+00, 1e+00, 1e+00, 1e+00, 1e+00, 1e+00, 1e+00, 6.518598794937134e-01, 6.211857199668884e-01, 6.091711521148682e-01, 6.136571168899536e-01, 6.139498949050903e-01, 6.137912273406982e-01, 6.13771378993988e-01, 6.138235330581665e-01, 6.137298941612244e-01, 6.137920022010803e-01, 6.137493848800659e-01, 7.154527902603149e-01, 1e+00, 1e+00, 1e+00, 1e+00, 1e+00, 1e+00, 1e+00, 1e+00, 6.563960313796997e-01, 6.208809018135071e-01, 6.091203689575195e-01, 6.133354306221008e-01, 6.147058010101318e-01, 6.138201355934143e-01, 6.138345003128052e-01, 6.136248111724854e-01, 6.138567328453064e-01, 6.135436296463013e-01, 6.138238906860352e-01, 7.153390645980835e-01, 1e+00, 1e+00, 1e+00, 1e+00, 1e+00, 1e+00, 1e+00, 1e+00, 6.936314105987549e-01, 6.342241764068604e-01, 6.11151397228241e-01, 6.128231287002563e-01, 6.140308380126953e-01, 6.132898926734924e-01, 6.134427189826965e-01, 6.138327121734619e-01, 6.137371063232422e-01, 6.137399077415466e-01, 6.141171455383301e-01, 7.154530882835388e-01, 1e+00, 1e+00, 1e+00, 1e+00]
hvac.damOut.y=[0e+00, 0e+00, 0e+00, 0e+00, 0e+00, 0e+00, 4.423545598983765e-01, 4.286555051803589e-01, 4.26363468170166e-01, 4.268022477626801e-01, 4.268333315849304e-01, 4.26950067281723e-01, 4.269397854804993e-01, 4.269551038742065e-01, 4.269223809242249e-01, 4.284405410289764e-01, 0e+00, 0e+00, 0e+00, 0e+00, 0e+00, 0e+00, 0e+00, 0e+00, 0e+00, 4.499162435531616e-01, 4.529954195022583e-01, 4.290533363819122e-01, 4.278444945812225e-01, 4.284628629684448e-01, 4.283882677555084e-01, 4.283521771430969e-01, 4.283688962459564e-01, 4.283807575702667e-01, 4.283528625965118e-01, 4.284476041793823e-01, 0e+00, 0e+00, 0e+00, 0e+00, 0e+00, 0e+00, 0e+00, 0e+00, 0e+00, 4.491707384586334e-01, 4.447855949401855e-01, 4.279086589813232e-01, 4.280709326267242e-01, 4.283981323242188e-01, 4.284194111824036e-01, 4.283545017242432e-01, 4.285477995872498e-01, 4.283981323242188e-01, 4.284223318099976e-01, 4.283603131771088e-01, 0e+00, 0e+00, 0e+00, 0e+00, 0e+00, 0e+00, 0e+00, 0e+00, 0e+00, 5.347087979316711e-01, 4.4218909740448e-01, 4.268348515033722e-01, 4.265463948249817e-01, 4.605550765991211e-01, 4.833463430404663e-01, 4.997724294662476e-01, 5.097272396087646e-01, 5.092953443527222e-01, 4.927224516868591e-01, 4.895613491535187e-01, 0e+00, 0e+00, 0e+00, 0e+00, 0e+00, 0e+00, 0e+00, 0e+00, 0e+00, 0e+00, 4.405917227268219e-01, 4.290467798709869e-01, 4.859110713005066e-01, 5.004642605781555e-01, 5.075920224189758e-01, 5.153998136520386e-01, 5.074110627174377e-01, 5.013817548751831e-01, 4.808036684989929e-01, 4.63919460773468e-01, 0e+00, 0e+00, 0e+00, 0e+00, 0e+00]
hvac.VAVBox[1].TSup=[2.931499938964844e+02, 2.931499328613281e+02, 2.931500854492188e+02, 2.93150146484375e+02, 2.931502380371094e+02, 2.972844848632812e+02, 2.99805419921875e+02, 2.927259826660156e+02, 2.880807800292969e+02, 2.871133422851562e+02, 2.898681945800781e+02, 2.9059423828125e+02, 2.90635498046875e+02, 2.906952819824219e+02, 2.921285095214844e+02, 2.963449401855469e+02, 2.853904113769531e+02, 2.853908386230469e+02, 2.853914184570312e+02, 2.853917541503906e+02, 2.853925476074219e+02, 2.85392578125e+02, 2.85392578125e+02, 2.853927001953125e+02, 2.85392822265625e+02, 3.109569091796875e+02, 3.079281921386719e+02, 2.998184814453125e+02, 2.94642822265625e+02, 2.913838195800781e+02, 2.897058410644531e+02, 2.902193298339844e+02, 2.912283020019531e+02, 2.937609558105469e+02, 2.980217590332031e+02, 2.996144409179688e+02, 2.854222412109375e+02, 2.854223022460938e+02, 2.854223327636719e+02, 2.854223937988281e+02, 2.85421630859375e+02, 2.854213562011719e+02, 2.854214172363281e+02, 2.854213562011719e+02, 2.854215698242188e+02, 3.116419372558594e+02, 3.0936474609375e+02, 3.010094909667969e+02, 2.969258117675781e+02, 2.940823364257812e+02, 2.926019897460938e+02, 2.918642272949219e+02, 2.923442993164062e+02, 2.944817810058594e+02, 2.981907348632812e+02, 2.991845397949219e+02, 2.853821716308594e+02, 2.853821716308594e+02, 2.853822021484375e+02, 2.853821411132812e+02, 2.853817138671875e+02, 2.853818664550781e+02, 2.85382080078125e+02, 2.85381591796875e+02, 2.853818054199219e+02, 3.111234436035156e+02, 3.052994079589844e+02, 2.97653076171875e+02, 2.934410095214844e+02, 2.915130310058594e+02, 2.891798095703125e+02, 2.885263366699219e+02, 2.879945373535156e+02, 2.891890258789062e+02, 2.910218200683594e+02, 2.945930786132812e+02, 2.853714599609375e+02, 2.853713989257812e+02, 2.853714599609375e+02, 2.853724365234375e+02, 2.853741760253906e+02, 2.853736267089844e+02, 2.8537158203125e+02, 2.853709411621094e+02, 2.853708801269531e+02, 2.989061279296875e+02, 3.002313232421875e+02, 2.925661315917969e+02, 2.87000732421875e+02, 2.851732482910156e+02, 2.851568908691406e+02, 2.851523742675781e+02, 2.851527709960938e+02, 2.851274719238281e+02, 2.851261901855469e+02, 2.911839599609375e+02, 2.853653869628906e+02, 2.853653564453125e+02, 2.853658142089844e+02, 2.853680419921875e+02, 2.853680114746094e+02]
hvac.VAVBox[2].TSup=[2.931499938964844e+02, 2.931499938964844e+02, 2.931501159667969e+02, 2.931501770019531e+02, 2.931502990722656e+02, 2.972844543457031e+02, 3.004649658203125e+02, 2.933237915039062e+02, 2.905574340820312e+02, 2.917014770507812e+02, 2.926957702636719e+02, 2.926661987304688e+02, 2.929696655273438e+02, 2.9314794921875e+02, 2.937652893066406e+02, 2.975010375976562e+02, 2.853111877441406e+02, 2.853116149902344e+02, 2.853121643066406e+02, 2.853125305175781e+02, 2.853132934570312e+02, 2.853133544921875e+02, 2.853133239746094e+02, 2.853134765625e+02, 2.853135986328125e+02, 3.109922485351562e+02, 3.083880310058594e+02, 3.00242431640625e+02, 2.978978881835938e+02, 2.98982666015625e+02, 3.001800842285156e+02, 3.008650207519531e+02, 3.006992492675781e+02, 3.009179382324219e+02, 3.017026062011719e+02, 3.025550231933594e+02, 2.853423461914062e+02, 2.853424072265625e+02, 2.853424072265625e+02, 2.853424987792969e+02, 2.853417663574219e+02, 2.853415222167969e+02, 2.85341552734375e+02, 2.853415222167969e+02, 2.853417053222656e+02, 3.114598693847656e+02, 3.114278564453125e+02, 3.024835815429688e+02, 3.006604309082031e+02, 3.015222473144531e+02, 3.023838195800781e+02, 3.0204833984375e+02, 3.017724304199219e+02, 3.016998901367188e+02, 3.021307373046875e+02, 3.023896484375e+02, 2.853156127929688e+02, 2.853156127929688e+02, 2.853156433105469e+02, 2.853155822753906e+02, 2.853150939941406e+02, 2.853152465820312e+02, 2.853154907226562e+02, 2.853149108886719e+02, 2.85315185546875e+02, 3.095787048339844e+02, 3.067815551757812e+02, 2.989750366210938e+02, 2.956982727050781e+02, 2.950830993652344e+02, 2.946371459960938e+02, 2.937423706054688e+02, 2.934750061035156e+02, 2.933362731933594e+02, 2.935688171386719e+02, 2.967010803222656e+02, 2.853043518066406e+02, 2.853042907714844e+02, 2.853043518066406e+02, 2.853053588867188e+02, 2.853070373535156e+02, 2.853064575195312e+02, 2.853045043945312e+02, 2.853038940429688e+02, 2.853038330078125e+02, 2.99243896484375e+02, 3.0158349609375e+02, 2.936281433105469e+02, 2.90417236328125e+02, 2.904736633300781e+02, 2.899530639648438e+02, 2.891847229003906e+02, 2.887998962402344e+02, 2.891597290039062e+02, 2.904147338867188e+02, 2.945406799316406e+02, 2.852977905273438e+02, 2.852977600097656e+02, 2.852981872558594e+02, 2.853002624511719e+02, 2.853002624511719e+02]
hvac.VAVBox[3].TSup=[2.931499938964844e+02, 2.9314990234375e+02, 2.931500549316406e+02, 2.931501159667969e+02, 2.931502380371094e+02, 2.972844848632812e+02, 3.006578979492188e+02, 2.956187744140625e+02, 2.935459899902344e+02, 2.930553588867188e+02, 2.928811645507812e+02, 2.927033081054688e+02, 2.929135131835938e+02, 2.930361328125e+02, 2.935811462402344e+02, 2.976969299316406e+02, 2.85408447265625e+02, 2.854088134765625e+02, 2.854093627929688e+02, 2.8540966796875e+02, 2.854103088378906e+02, 2.854103393554688e+02, 2.854103088378906e+02, 2.854104309082031e+02, 2.854105529785156e+02, 3.123626098632812e+02, 3.094522705078125e+02, 3.047890930175781e+02, 3.030265197753906e+02, 3.023201904296875e+02, 3.019078063964844e+02, 3.026682739257812e+02, 3.023880615234375e+02, 3.022719116210938e+02, 3.027600708007812e+02, 3.034158935546875e+02, 2.854406127929688e+02, 2.85440673828125e+02, 2.85440673828125e+02, 2.854407348632812e+02, 2.854400939941406e+02, 2.854398498535156e+02, 2.854399108886719e+02, 2.854398498535156e+02, 2.854400329589844e+02, 3.122217407226562e+02, 3.129660034179688e+02, 3.073189697265625e+02, 3.056257019042969e+02, 3.047731628417969e+02, 3.041893005371094e+02, 3.038355407714844e+02, 3.034811096191406e+02, 3.031246948242188e+02, 3.032722473144531e+02, 3.033384399414062e+02, 2.853978881835938e+02, 2.853978881835938e+02, 2.853979187011719e+02, 2.853978881835938e+02, 2.853973999023438e+02, 2.853975524902344e+02, 2.853977966308594e+02, 2.85397216796875e+02, 2.853974914550781e+02, 3.11657958984375e+02, 3.077336730957031e+02, 3.005398254394531e+02, 2.976504821777344e+02, 2.962470397949219e+02, 2.951355590820312e+02, 2.941705322265625e+02, 2.938038635253906e+02, 2.934874572753906e+02, 2.935296936035156e+02, 2.969587097167969e+02, 2.853870239257812e+02, 2.853869323730469e+02, 2.853869934082031e+02, 2.853879699707031e+02, 2.853896179199219e+02, 2.853890991210938e+02, 2.853871459960938e+02, 2.853865966796875e+02, 2.853865356445312e+02, 3.048012084960938e+02, 3.02058837890625e+02, 2.961910095214844e+02, 2.937052307128906e+02, 2.925601501464844e+02, 2.904169921875e+02, 2.895201110839844e+02, 2.889573364257812e+02, 2.891522827148438e+02, 2.903994140625e+02, 2.950683288574219e+02, 2.853811645507812e+02, 2.853811340332031e+02, 2.853815612792969e+02, 2.853835754394531e+02, 2.853835754394531e+02]
hvac.VAVBox[4].TSup=[2.931499938964844e+02, 2.931499938964844e+02, 2.93150146484375e+02, 2.931502380371094e+02, 2.93150390625e+02, 2.986776733398438e+02, 3.011111755371094e+02, 2.96482177734375e+02, 2.943131713867188e+02, 2.9362158203125e+02, 2.935878295898438e+02, 2.93282958984375e+02, 2.930777893066406e+02, 2.926864624023438e+02, 2.940521850585938e+02, 2.979874877929688e+02, 2.852938232421875e+02, 2.852942199707031e+02, 2.852947387695312e+02, 2.852950439453125e+02, 2.852958068847656e+02, 2.852958679199219e+02, 2.852958374023438e+02, 2.852959594726562e+02, 2.852960815429688e+02, 3.114598388671875e+02, 3.089189453125e+02, 3.050238342285156e+02, 3.028883056640625e+02, 3.018533325195312e+02, 3.012608947753906e+02, 3.003544311523438e+02, 2.978937072753906e+02, 2.972455139160156e+02, 3.010594177246094e+02, 3.025816040039062e+02, 2.853253784179688e+02, 2.85325439453125e+02, 2.85325439453125e+02, 2.853255004882812e+02, 2.853247680664062e+02, 2.853245544433594e+02, 2.853245849609375e+02, 2.853245544433594e+02, 2.8532470703125e+02, 3.114832458496094e+02, 3.115343017578125e+02, 3.069506225585938e+02, 3.049196472167969e+02, 3.038398742675781e+02, 3.031363220214844e+02, 3.013543701171875e+02, 2.988745422363281e+02, 2.981201171875e+02, 3.013557739257812e+02, 3.022770080566406e+02, 2.853024291992188e+02, 2.853023986816406e+02, 2.853024291992188e+02, 2.853023986816406e+02, 2.853019714355469e+02, 2.853021240234375e+02, 2.853023376464844e+02, 2.853018493652344e+02, 2.853020629882812e+02, 3.114359130859375e+02, 3.070203857421875e+02, 3.005984191894531e+02, 2.976474304199219e+02, 2.961589660644531e+02, 2.950161437988281e+02, 2.934311218261719e+02, 2.919676818847656e+02, 2.917113037109375e+02, 2.931686096191406e+02, 2.965245056152344e+02, 2.852897338867188e+02, 2.852896423339844e+02, 2.852897033691406e+02, 2.852906188964844e+02, 2.852921447753906e+02, 2.852916870117188e+02, 2.852899169921875e+02, 2.852893371582031e+02, 2.852892761230469e+02, 3.018466186523438e+02, 3.0173828125e+02, 2.964126892089844e+02, 2.938116760253906e+02, 2.924889526367188e+02, 2.905967407226562e+02, 2.889243469238281e+02, 2.865390014648438e+02, 2.867118835449219e+02, 2.897153930664062e+02, 2.943487548828125e+02, 2.852825012207031e+02, 2.85282470703125e+02, 2.852828979492188e+02, 2.852848205566406e+02, 2.852847900390625e+02]
hvac.VAVBox[5].TSup=[2.931499938964844e+02, 2.931499633789062e+02, 2.931500549316406e+02, 2.931500854492188e+02, 2.931501770019531e+02, 2.97284423828125e+02, 2.905130310058594e+02, 2.851089782714844e+02, 2.852187194824219e+02, 2.852629089355469e+02, 2.852966613769531e+02, 2.851655883789062e+02, 2.851296691894531e+02, 2.850810852050781e+02, 2.849005432128906e+02, 2.850373229980469e+02, 2.852175598144531e+02, 2.852180480957031e+02, 2.852186889648438e+02, 2.852190856933594e+02, 2.852200012207031e+02, 2.852200622558594e+02, 2.852200317382812e+02, 2.852201843261719e+02, 2.852203369140625e+02, 3.069132080078125e+02, 3.132694702148438e+02, 3.02503662109375e+02, 2.978830871582031e+02, 2.967445678710938e+02, 2.959678344726562e+02, 2.993119812011719e+02, 2.984941711425781e+02, 2.970291748046875e+02, 2.974226989746094e+02, 3.005202941894531e+02, 2.853467407226562e+02, 2.853468017578125e+02, 2.853468017578125e+02, 2.853468933105469e+02, 2.853460388183594e+02, 2.853457336425781e+02, 2.853457946777344e+02, 2.853457336425781e+02, 2.853459777832031e+02, 3.087348327636719e+02, 3.135145568847656e+02, 3.13046630859375e+02, 3.083739013671875e+02, 3.070245971679688e+02, 3.05952880859375e+02, 3.047532958984375e+02, 3.03422119140625e+02, 3.016061096191406e+02, 3.01752197265625e+02, 3.025599670410156e+02, 2.853541870117188e+02, 2.853541870117188e+02, 2.853542175292969e+02, 2.853541564941406e+02, 2.853536376953125e+02, 2.853537902832031e+02, 2.853540954589844e+02, 2.853534240722656e+02, 2.853537292480469e+02, 3.066478881835938e+02, 3.1345751953125e+02, 2.956443481445312e+02, 2.86324462890625e+02, 2.851929626464844e+02, 2.851747436523438e+02, 2.851724243164062e+02, 2.851493530273438e+02, 2.851504821777344e+02, 2.851147155761719e+02, 2.872561645507812e+02, 2.852555541992188e+02, 2.852554626464844e+02, 2.852555236816406e+02, 2.852566223144531e+02, 2.852584838867188e+02, 2.852578735351562e+02, 2.852556762695312e+02, 2.852550048828125e+02, 2.852549438476562e+02, 2.973779907226562e+02, 3.0215283203125e+02, 2.869898071289062e+02, 2.851659851074219e+02, 2.851732482910156e+02, 2.851568908691406e+02, 2.851522521972656e+02, 2.851527709960938e+02, 2.851274719238281e+02, 2.85126220703125e+02, 2.851278076171875e+02, 2.852171020507812e+02, 2.85217041015625e+02, 2.85217529296875e+02, 2.852197875976562e+02, 2.852198181152344e+02]
hvac.res.EFan=[0e+00, -2.462565760197322e-07, -2.460213579524861e-07, -2.459298968915391e-07, -2.457950643020013e-07, 5.6953466796875e+03, 1.48058095703125e+04, 2.390782421875e+04, 3.284019140625e+04, 4.1825046875e+04, 5.0818078125e+04, 5.980813671875e+04, 6.879959375e+04, 7.7790921875e+04, 8.67831953125e+04, 9.5690609375e+04, 1.030834140625e+05, 1.030834140625e+05, 1.030834140625e+05, 1.030834140625e+05, 1.030834140625e+05, 1.030834140625e+05, 1.030834140625e+05, 1.030834140625e+05, 1.030834140625e+05, 1.08747703125e+05, 1.188937890625e+05, 1.2792028125e+05, 1.3670459375e+05, 1.4554621875e+05, 1.54393046875e+05, 1.6323603125e+05, 1.7207934375e+05, 1.8092309375e+05, 1.89766546875e+05, 1.9860934375e+05, 2.0600153125e+05, 2.0600153125e+05, 2.0600153125e+05, 2.0600153125e+05, 2.0600153125e+05, 2.0600153125e+05, 2.0600153125e+05, 2.0600153125e+05, 2.0600153125e+05, 2.1166215625e+05, 2.22370703125e+05, 2.3121553125e+05, 2.40003546875e+05, 2.4885196875e+05, 2.57696640625e+05, 2.66540625e+05, 2.753834375e+05, 2.8423065625e+05, 2.9307271875e+05, 3.0191784375e+05, 3.09307625e+05, 3.09307625e+05, 3.09307625e+05, 3.09307625e+05, 3.09307625e+05, 3.09307625e+05, 3.09307625e+05, 3.09307625e+05, 3.09307625e+05, 3.1497103125e+05, 3.2558884375e+05, 3.3445071875e+05, 3.433809375e+05, 3.52247625e+05, 3.6116425e+05, 3.700870625e+05, 3.790249375e+05, 3.8796003125e+05, 3.9690009375e+05, 4.05820875e+05, 4.1328175e+05, 4.1328175e+05, 4.1328175e+05, 4.1328175e+05, 4.1328175e+05, 4.1328175e+05, 4.1328175e+05, 4.1328175e+05, 4.1328175e+05, 4.1897721875e+05, 4.282239375e+05, 4.3731078125e+05, 4.463175625e+05, 4.55390125e+05, 4.631508125e+05, 4.6917046875e+05, 4.751733125e+05, 4.8117646875e+05, 4.8717434375e+05, 4.943985625e+05, 5.01820625e+05, 5.01820625e+05, 5.01820625e+05, 5.01820625e+05, 5.01820625e+05]
hvac.res.EHea=[0e+00, 0e+00, 0e+00, 0e+00, 0e+00, 1.3344833984375e+04, 1.81050765625e+05, 3.015815625e+05, 3.7449825e+05, 4.3276790625e+05, 4.9313265625e+05, 5.63069375e+05, 6.273931875e+05, 6.91077375e+05, 7.61123125e+05, 8.645285625e+05, 9.71340875e+05, 9.71340875e+05, 9.71340875e+05, 9.71340875e+05, 9.71340875e+05, 9.71340875e+05, 9.71340875e+05, 9.71340875e+05, 9.71340875e+05, 1.047114125e+06, 1.324732375e+06, 1.54064675e+06, 1.700390875e+06, 1.835407875e+06, 1.960083e+06, 2.087507125e+06, 2.20907775e+06, 2.33229025e+06, 2.469738e+06, 2.630521e+06, 2.771339e+06, 2.771339e+06, 2.771339e+06, 2.771339e+06, 2.771339e+06, 2.771339e+06, 2.771339e+06, 2.771339e+06, 2.771339e+06, 2.85173425e+06, 3.14386975e+06, 3.3709495e+06, 3.5531955e+06, 3.71052075e+06, 3.8566415e+06, 3.992941e+06, 4.12011675e+06, 4.2436895e+06, 4.375688e+06, 4.5204025e+06, 4.642108e+06, 4.642108e+06, 4.642108e+06, 4.642108e+06, 4.642108e+06, 4.642108e+06, 4.642108e+06, 4.642108e+06, 4.642108e+06, 4.7139835e+06, 4.926717e+06, 5.0810305e+06, 5.1718435e+06, 5.2402605e+06, 5.3068295e+06, 5.371614e+06, 5.424135e+06, 5.4733565e+06, 5.527967e+06, 5.606089e+06, 5.6853935e+06, 5.6853935e+06, 5.6853935e+06, 5.6853935e+06, 5.6853935e+06, 5.6853935e+06, 5.6853935e+06, 5.6853935e+06, 5.6853935e+06, 5.70178e+06, 5.849514e+06, 5.9457595e+06, 6.0013825e+06, 6.0407215e+06, 6.0736825e+06, 6.1038235e+06, 6.122287e+06, 6.1388695e+06, 6.1606475e+06, 6.2086305e+06, 6.2715865e+06, 6.2715865e+06, 6.2715865e+06, 6.2715865e+06, 6.2715865e+06]
hvac.res.ECoo=[0e+00, 0e+00, 0e+00, 0e+00, 0e+00, 0e+00, 0e+00, 0e+00, 0e+00, 0e+00, 0e+00, 0e+00, 0e+00, 0e+00, 0e+00, 0e+00, 0e+00, 0e+00, 0e+00, 0e+00, 0e+00, 0e+00, 0e+00, 0e+00, 0e+00, 0e+00, 0e+00, 0e+00, 0e+00, 0e+00, 0e+00, 0e+00, 0e+00, 0e+00, 0e+00, 0e+00, 0e+00, 0e+00, 0e+00, 0e+00, 0e+00, 0e+00, 0e+00, 0e+00, 0e+00, 0e+00, 0e+00, 0e+00, 0e+00, 0e+00, 0e+00, 0e+00, 0e+00, 0e+00, 0e+00, 0e+00, 0e+00, 0e+00, 0e+00, 0e+00, 0e+00, 0e+00, 0e+00, 0e+00, 0e+00, 0e+00, 0e+00, 0e+00, 0e+00, 0e+00, 0e+00, 0e+00, 0e+00, 0e+00, 0e+00, 0e+00, 0e+00, 0e+00, 0e+00, 0e+00, 0e+00, 0e+00, 0e+00, 0e+00, 0e+00, 0e+00, 0e+00, 0e+00, 0e+00, 0e+00, 0e+00, 0e+00, 0e+00, 0e+00, 0e+00, 0e+00, 0e+00, 0e+00, 0e+00, 0e+00, 0e+00]
