last-generated=2015-05-29
statistics-initialization={'linear': '0, 0, 0, 0'}
statistics-simulation={'numerical Jacobians': '0', 'nonlinear': ' ', 'linear': ' '}
sin.T_in=[303.149993896484375, 303.149993896484375]
sou.T_in=[293.149993896484375, 293.149993896484375]
hea.com.vol.T=[295.121337890625, 295.121337890625]
time=[0., 1.]
hea.outlet.p=[98000., 98000.]
sou.outlet.p=[100000., 100000.]
hea.inlet.p=[100000., 100000.]
sin.inlet.p=[100000., 100000.]
floMac.outlet.p=[100000., 100000.]
floMac.inlet.p=[98000., 98000.]
