last-generated=2015-05-08
statistics-simulation={'numerical Jacobians': '0', 'nonlinear': ' ', 'linear': ' '}
Cp=[0.60000002384185791016, 0.56194221193063653708, 0.46909204623699840564, 0.315991810403125295, 0.09886423215940000342, -0.17272251949703876228, -0.45518064101772726104, -0.64909017682695457907, -0.66663850196645013657, -0.55029093433761244736, -0.39771607927983065878, -0.27312949135696829028, -0.21662364399872430232, -0.21662364399872430232, -0.27312949135696829028, -0.39771607927983065878, -0.55029093433761244736, -0.66663850196645046964, -0.64909017682695457907, -0.45518064101772726104, -0.17272251949703876228, 0.09886423215939860176, 0.315991810403125295, 0.46909204623699840564, 0.56194221193063653708, 0.60000002384185791016, 0.56194231173397746204, 0.46909186868936414427, 0.315991810403125295, 0.09886460225855400741, -0.17272294755638076258, -0.45518064101772726104, -0.64909017682695457907, -0.6666384197386678867, -0.5502909343376116702, -0.39771607927983065878, -0.27312933865949445833, -0.21662364399872430232, -0.21662363429995992736, -0.27312933865949445833, -0.39771618680495696152, -0.5502909343376116702, -0.6666384197386678867, -0.64909010738557060272, -0.45518073800540626017, -0.17272283981612054915, 0.09886442094576697315, 0.3159917762497990168, 0.46909191632809427164, 0.56194227775895400079, 0.60000002384185791016, 0.56194227775895400079, 0.46909191632809427164, 0.3159917762497990168, 0.09886442094576557149, -0.17272283981612213122, -0.45518073800540764795, -0.64909010738556982556, -0.66663841973866833079, -0.55029093433761244736, -0.39771618680495696152, -0.27312933865949445833, -0.21662363429995992736, -0.21662364399872430232, -0.27312933865949445833, -0.39771607927983065878, -0.55029093433761244736, -0.66663841973866833079, -0.64909017682695402396, -0.45518064101772875985, -0.1727229475563823724, 0.09886460225855266126, 0.315991810403125295, 0.46909186868936414427, 0.56194231173397746204, 0.60000002384185791016, 0.56194221193063653708, 0.46909204623699840564, 0.315991810403125295, 0.09886423215939860176, -0.17272251949704034435, -0.45518064101772875985, -0.64909017682695402396, -0.66663850196645046964, -0.55029093433761244736, -0.39771607927983065878, -0.27312949135696829028, -0.21662364399872430232, -0.21662364399872430232, -0.27312949135696829028, -0.39771607927983065878, -0.55029093433761244736, -0.66663850196645046964, -0.64909017682695402396, -0.45518064101772875985, -0.17272251949704034435, 0.09886423215939860176, 0.315991810403125295, 0.46909204623699840564, 0.56194221193063653708, 0.60000002384185791016]
time=[-2., 2.]
