last-generated=2026-08-01
statistics-simulation=
{
  "linear": "0, 0, 0, 0, 0, 0, 0, 0, 0, 0, 0, 0, 0, 0, 0, 0, 0, 0, 0, 0, 0, 0, 0, 0, 0, 0, 0,   0, 0, 0, 0, 0, 0, 0, 0, 0, 0, 0, 0, 0, 0, 0, 0, 0, 0, 0, 0, 0, 0, 0, 0, 0, 0,   0, 0, 0, 0, 0, 0, 0, 0, 0, 0, 0, 0, 0, 0, 0, 0, 0, 0, 0, 0, 0, 0, 0, 0, 0, 0,   0",
  "nonlinear": " ",
  "number of continuous time states": "168",
  "numerical Jacobians": "0"
}
time=[0e+00, 3.6e+04]
TOutFixWat.T=[2.831499938964844e+02, 2.835435791015625e+02, 2.848207092285156e+02, 2.869775085449219e+02, 2.891643676757812e+02, 2.9106884765625e+02, 2.925838623046875e+02, 2.937279663085938e+02, 2.94570068359375e+02, 2.951867980957031e+02, 2.956436767578125e+02, 2.959891052246094e+02, 2.962583312988281e+02, 2.964750061035156e+02, 2.966546936035156e+02, 2.9680810546875e+02, 2.969426879882812e+02, 2.970628662109375e+02, 2.971714172363281e+02, 2.972710876464844e+02, 2.973636779785156e+02, 2.9744970703125e+02, 2.975304870605469e+02, 2.976070556640625e+02, 2.976793823242188e+02, 2.977479248046875e+02, 2.978134460449219e+02, 2.978758850097656e+02, 2.979349060058594e+02, 2.979912109375e+02, 2.980449523925781e+02, 2.9809521484375e+02, 2.981426391601562e+02, 2.981878356933594e+02, 2.982313537597656e+02, 2.982734985351562e+02, 2.983146057128906e+02, 2.983540649414062e+02, 2.983914489746094e+02, 2.984271545410156e+02, 2.984615783691406e+02, 2.984950256347656e+02, 2.985277404785156e+02, 2.985598449707031e+02, 2.985909118652344e+02, 2.986209411621094e+02, 2.986502075195312e+02, 2.986788635253906e+02, 2.987070922851562e+02, 2.987349853515625e+02, 2.987623596191406e+02, 2.987885131835938e+02, 2.988136291503906e+02, 2.988380126953125e+02, 2.9886181640625e+02, 2.988852844238281e+02, 2.98908447265625e+02, 2.989310302734375e+02, 2.989526977539062e+02, 2.989736633300781e+02, 2.989941711425781e+02, 2.990143127441406e+02, 2.990342407226562e+02, 2.990539245605469e+02, 2.99072998046875e+02, 2.990913391113281e+02, 2.991091918945312e+02, 2.991266784667969e+02, 2.991439208984375e+02, 2.991610107421875e+02, 2.99177978515625e+02, 2.991949157714844e+02, 2.992117614746094e+02, 2.992286071777344e+02, 2.992453918457031e+02, 2.992621765136719e+02, 2.992789001464844e+02, 2.992951354980469e+02, 2.99310546875e+02, 2.993252868652344e+02, 2.993395385742188e+02, 2.99353515625e+02, 2.993672790527344e+02, 2.993809509277344e+02, 2.9939453125e+02, 2.994080810546875e+02, 2.994216003417969e+02, 2.994351196289062e+02, 2.994486083984375e+02, 2.994621276855469e+02, 2.994754333496094e+02, 2.994881286621094e+02, 2.995002746582031e+02, 2.995120239257812e+02, 2.995235290527344e+02, 2.995348510742188e+02, 2.995461120605469e+02, 2.995573120117188e+02, 2.995684814453125e+02, 2.995796203613281e+02, 2.995907897949219e+02]
TOutWat.T=[2.831499938964844e+02, 2.835477600097656e+02, 2.848415222167969e+02, 2.869775695800781e+02, 2.891396179199219e+02, 2.910308837890625e+02, 2.925431823730469e+02, 2.936899108886719e+02, 2.945361633300781e+02, 2.951566467285156e+02, 2.956163635253906e+02, 2.959638061523438e+02, 2.96234375e+02, 2.964519348144531e+02, 2.966322937011719e+02, 2.967861938476562e+02, 2.969212036132812e+02, 2.970417175292969e+02, 2.971505737304688e+02, 2.972505493164062e+02, 2.973433837890625e+02, 2.974296569824219e+02, 2.975106506347656e+02, 2.975874328613281e+02, 2.976599426269531e+02, 2.977286682128906e+02, 2.977944030761719e+02, 2.978569946289062e+02, 2.979161987304688e+02, 2.9797265625e+02, 2.980265197753906e+02, 2.980769653320312e+02, 2.9812451171875e+02, 2.981698303222656e+02, 2.982134399414062e+02, 2.982557373046875e+02, 2.982969360351562e+02, 2.983365173339844e+02, 2.983739929199219e+02, 2.984098205566406e+02, 2.984443359375e+02, 2.984778442382812e+02, 2.985106506347656e+02, 2.985428466796875e+02, 2.985740051269531e+02, 2.986041259765625e+02, 2.986334533691406e+02, 2.986622009277344e+02, 2.986904907226562e+02, 2.987184753417969e+02, 2.987459106445312e+02, 2.987721557617188e+02, 2.987973327636719e+02, 2.9882177734375e+02, 2.988456420898438e+02, 2.988691711425781e+02, 2.988923950195312e+02, 2.989150390625e+02, 2.98936767578125e+02, 2.989577941894531e+02, 2.989783325195312e+02, 2.9899853515625e+02, 2.990185241699219e+02, 2.990382690429688e+02, 2.99057373046875e+02, 2.990757751464844e+02, 2.990936584472656e+02, 2.991112060546875e+02, 2.991285095214844e+02, 2.991456298828125e+02, 2.991626586914062e+02, 2.991796264648438e+02, 2.99196533203125e+02, 2.992134094238281e+02, 2.992302551269531e+02, 2.992470703125e+02, 2.992638549804688e+02, 2.992801513671875e+02, 2.992955627441406e+02, 2.993103332519531e+02, 2.993246459960938e+02, 2.993386535644531e+02, 2.993524780273438e+02, 2.993661499023438e+02, 2.993797607421875e+02, 2.993933410644531e+02, 2.994069213867188e+02, 2.994204711914062e+02, 2.994340209960938e+02, 2.994475402832031e+02, 2.994609069824219e+02, 2.994736328125e+02, 2.994857788085938e+02, 2.994975891113281e+02, 2.995091247558594e+02, 2.995204772949219e+02, 2.995317687988281e+02, 2.9954296875e+02, 2.995541687011719e+02, 2.995653686523438e+02, 2.995765686035156e+02]
TOutFixGly.T=[2.831499938964844e+02, 2.836415100097656e+02, 2.84444580078125e+02, 2.896418151855469e+02, 2.930440368652344e+02, 2.941467590332031e+02, 2.94808837890625e+02, 2.953211059570312e+02, 2.957294006347656e+02, 2.960592956542969e+02, 2.96329345703125e+02, 2.965530700683594e+02, 2.967406921386719e+02, 2.968998413085938e+02, 2.97036376953125e+02, 2.9715478515625e+02, 2.97258544921875e+02, 2.973504943847656e+02, 2.974327087402344e+02, 2.975068359375e+02, 2.975743103027344e+02, 2.976361389160156e+02, 2.976932067871094e+02, 2.977462463378906e+02, 2.977958374023438e+02, 2.978423767089844e+02, 2.978862609863281e+02, 2.979278259277344e+02, 2.979672241210938e+02, 2.980046691894531e+02, 2.980403442382812e+02, 2.980742492675781e+02, 2.981065063476562e+02, 2.981372375488281e+02, 2.981666870117188e+02, 2.981950378417969e+02, 2.98222412109375e+02, 2.982488403320312e+02, 2.982742004394531e+02, 2.98298583984375e+02, 2.98322021484375e+02, 2.983446655273438e+02, 2.983666381835938e+02, 2.983880310058594e+02, 2.984088439941406e+02, 2.984289855957031e+02, 2.984485778808594e+02, 2.984676513671875e+02, 2.984862670898438e+02, 2.985045166015625e+02, 2.985223999023438e+02, 2.985398254394531e+02, 2.985567016601562e+02, 2.985731201171875e+02, 2.985890808105469e+02, 2.98604736328125e+02, 2.986200866699219e+02, 2.986351318359375e+02, 2.986498107910156e+02, 2.986640930175781e+02, 2.986780090332031e+02, 2.98691650390625e+02, 2.987050476074219e+02, 2.9871826171875e+02, 2.987311706542969e+02, 2.987438049316406e+02, 2.98756103515625e+02, 2.987681274414062e+02, 2.987799377441406e+02, 2.987915649414062e+02, 2.988030395507812e+02, 2.988143920898438e+02, 2.988256225585938e+02, 2.988367919921875e+02, 2.988478393554688e+02, 2.988587951660156e+02, 2.988697204589844e+02, 2.988804626464844e+02, 2.988909606933594e+02, 2.989011535644531e+02, 2.989110717773438e+02, 2.989207763671875e+02, 2.989303283691406e+02, 2.989397277832031e+02, 2.989490356445312e+02, 2.989582214355469e+02, 2.989673767089844e+02, 2.989764404296875e+02, 2.989854431152344e+02, 2.989944152832031e+02, 2.990032958984375e+02, 2.990119934082031e+02, 2.990205078125e+02, 2.990287780761719e+02, 2.99036865234375e+02, 2.990448303222656e+02, 2.990526733398438e+02, 2.990604553222656e+02, 2.990681762695312e+02, 2.990758361816406e+02, 2.990834350585938e+02]
TOutGly.T=[2.831499938964844e+02, 2.836422424316406e+02, 2.844425048828125e+02, 2.895127563476562e+02, 2.927125854492188e+02, 2.937605285644531e+02, 2.944124450683594e+02, 2.949219665527344e+02, 2.953305053710938e+02, 2.956623840332031e+02, 2.95935302734375e+02, 2.961622619628906e+02, 2.963532409667969e+02, 2.965157165527344e+02, 2.966553649902344e+02, 2.967767028808594e+02, 2.968831787109375e+02, 2.969776306152344e+02, 2.970621032714844e+02, 2.971383361816406e+02, 2.972077331542969e+02, 2.972713317871094e+02, 2.973300476074219e+02, 2.973846435546875e+02, 2.974356384277344e+02, 2.974835205078125e+02, 2.975286865234375e+02, 2.975714416503906e+02, 2.976119689941406e+02, 2.976504821777344e+02, 2.976871643066406e+02, 2.977220458984375e+02, 2.977551879882812e+02, 2.977868041992188e+02, 2.978170776367188e+02, 2.978462219238281e+02, 2.978743591308594e+02, 2.979015502929688e+02, 2.979276428222656e+02, 2.979526977539062e+02, 2.97976806640625e+02, 2.980001220703125e+02, 2.98022705078125e+02, 2.980447387695312e+02, 2.980661010742188e+02, 2.980868530273438e+02, 2.981069946289062e+02, 2.981265869140625e+02, 2.98145751953125e+02, 2.9816455078125e+02, 2.981829528808594e+02, 2.982008666992188e+02, 2.982182312011719e+02, 2.98235107421875e+02, 2.982515563964844e+02, 2.982676391601562e+02, 2.98283447265625e+02, 2.982989501953125e+02, 2.983140258789062e+02, 2.983287353515625e+02, 2.983430480957031e+02, 2.983570861816406e+02, 2.983708801269531e+02, 2.983844604492188e+02, 2.983977661132812e+02, 2.984107360839844e+02, 2.984234008789062e+02, 2.984357604980469e+02, 2.984479370117188e+02, 2.984598999023438e+02, 2.984717102050781e+02, 2.984833984375e+02, 2.984949645996094e+02, 2.985064392089844e+02, 2.98517822265625e+02, 2.985291137695312e+02, 2.985403442382812e+02, 2.985514221191406e+02, 2.985622253417969e+02, 2.985726928710938e+02, 2.985829162597656e+02, 2.985928955078125e+02, 2.986027221679688e+02, 2.986123962402344e+02, 2.986219787597656e+02, 2.986314697265625e+02, 2.98640869140625e+02, 2.986502075195312e+02, 2.986594543457031e+02, 2.98668701171875e+02, 2.986778564453125e+02, 2.986868286132812e+02, 2.98695556640625e+02, 2.987040710449219e+02, 2.9871240234375e+02, 2.987205810546875e+02, 2.987286987304688e+02, 2.987366943359375e+02, 2.9874462890625e+02, 2.987525024414062e+02, 2.987603454589844e+02]
dTOutWat=[0e+00, 4.19877702370286e-03, 2.079452760517597e-02, 5.476751175592653e-05, -2.477074973285198e-02, -3.795846179127693e-02, -4.06842939555645e-02, -3.805651143193244e-02, -3.392617031931877e-02, -3.015859238803387e-02, -2.730577439069748e-02, -2.532345801591873e-02, -2.398278377950191e-02, -2.306369878351688e-02, -2.240541018545628e-02, -2.190201543271542e-02, -2.149240858852863e-02, -2.114474028348923e-02, -2.083656005561352e-02, -2.055537700653076e-02, -2.029766701161861e-02, -2.005993202328682e-02, -1.983525045216084e-02, -1.9623052328825e-02, -1.942483708262444e-02, -1.923526264727116e-02, -1.905315928161144e-02, -1.888224110007286e-02, -1.871918514370918e-02, -1.856143400073051e-02, -1.841282099485397e-02, -1.827442646026611e-02, -1.814084127545357e-02, -1.801308058202267e-02, -1.789128966629505e-02, -1.777448318898678e-02, -1.766153424978256e-02, -1.755552552640438e-02, -1.745365187525749e-02, -1.735416613519192e-02, -1.725837402045727e-02, -1.716623269021511e-02, -1.707691699266434e-02, -1.699005626142025e-02, -1.690718717873096e-02, -1.682578399777412e-02, -1.674576289951801e-02, -1.666751876473427e-02, -1.659082993865013e-02, -1.651527360081673e-02, -1.644245907664299e-02, -1.637332141399384e-02, -1.630490645766258e-02, -1.623812690377235e-02, -1.617332361638546e-02, -1.611010171473026e-02, -1.604793220758438e-02, -1.598887331783772e-02, -1.593142747879028e-02, -1.587456278502941e-02, -1.58189944922924e-02, -1.576470211148262e-02, -1.571127772331238e-02, -1.565886475145817e-02, -1.560927834361792e-02, -1.556037552654743e-02, -1.551214139908552e-02, -1.546501461416483e-02, -1.541884057223797e-02, -1.537326630204916e-02, -1.53279984369874e-02, -1.528278365731239e-02, -1.523751206696033e-02, -1.519215758889914e-02, -1.514672394841909e-02, -1.510125491768122e-02, -1.505582965910435e-02, -1.50134339928627e-02, -1.497277151793242e-02, -1.49327851831913e-02, -1.489422935992479e-02, -1.48570854216814e-02, -1.482086814939976e-02, -1.47851062938571e-02, -1.474946923553944e-02, -1.471377536654472e-02, -1.467791292816401e-02, -1.464186795055866e-02, -1.460566092282534e-02, -1.456932537257671e-02, -1.453428901731968e-02, -1.450151577591896e-02, -1.446912344545126e-02, -1.443761959671974e-02, -1.440721191465855e-02, -1.437760796397924e-02, -1.434841565787792e-02, -1.431932207196951e-02, -1.429015211760998e-02, -1.426083315163851e-02, -1.423134282231331e-02]
dTOutGly=[0e+00, 7.59817601647228e-04, -2.084906212985516e-03, -1.290864944458008e-01, -3.31457108259201e-01, -3.862353563308716e-01, -3.963657915592194e-01, -3.991294503211975e-01, -3.988779187202454e-01, -3.969219028949738e-01, -3.940606117248535e-01, -3.907964527606964e-01, -3.874302208423615e-01, -3.841336071491241e-01, -3.810007572174072e-01, -3.780774176120758e-01, -3.753746449947357e-01, -3.728865385055542e-01, -3.706043660640717e-01, -3.685100078582764e-01, -3.665803074836731e-01, -3.647996783256531e-01, -3.63152027130127e-01, -3.616183698177338e-01, -3.60184907913208e-01, -3.588427603244781e-01, -3.575801849365234e-01, -3.563865423202515e-01, -3.55259507894516e-01, -3.541932702064514e-01, -3.531792759895325e-01, -3.522182703018188e-01, -3.513088524341583e-01, -3.504426777362823e-01, -3.496101498603821e-01, -3.488063216209412e-01, -3.48028302192688e-01, -3.472771644592285e-01, -3.465583920478821e-01, -3.458706438541412e-01, -3.452069759368896e-01, -3.445620834827423e-01, -3.439335525035858e-01, -3.433200716972351e-01, -3.427239060401917e-01, -3.421467244625092e-01, -3.4158656001091e-01, -3.410391211509705e-01, -3.405022323131561e-01, -3.399749398231506e-01, -3.39457780122757e-01, -3.389564752578735e-01, -3.384726047515869e-01, -3.380024135112762e-01, -3.375414609909058e-01, -3.370881378650665e-01, -3.366419970989227e-01, -3.362048864364624e-01, -3.357806503772736e-01, -3.353690505027771e-01, -3.349664807319641e-01, -3.345703184604645e-01, -3.34179699420929e-01, -3.337945640087128e-01, -3.334179222583771e-01, -3.330522477626801e-01, -3.326962292194366e-01, -3.32346498966217e-01, -3.320014774799347e-01, -3.316607475280762e-01, -3.313240110874176e-01, -3.309909403324127e-01, -3.306611180305481e-01, -3.303342163562775e-01, -3.300100266933441e-01, -3.296883106231689e-01, -3.293688893318176e-01, -3.290545642375946e-01, -3.28750342130661e-01, -3.284562528133392e-01, -3.281685709953308e-01, -3.278847336769104e-01, -3.276041150093079e-01, -3.273265361785889e-01, -3.270518183708191e-01, -3.267796039581299e-01, -3.265096843242645e-01, -3.262417912483215e-01, -3.259757161140442e-01, -3.257113099098206e-01, -3.254494071006775e-01, -3.25194388628006e-01, -3.249475657939911e-01, -3.247065544128418e-01, -3.24468731880188e-01, -3.242332637310028e-01, -3.240000903606415e-01, -3.237690031528473e-01, -3.235397636890411e-01, -3.233122229576111e-01, -3.23086142539978e-01]
dTOutFixGlyWat=[-5.684341886080801e-14, 9.792404621839523e-02, -3.761217594146729e-01, 2.664307832717896e+00, 3.879648208618164e+00, 3.077913761138916e+00, 2.224950790405273e+00, 1.593147635459899e+00, 1.159316420555115e+00, 8.725137710571289e-01, 6.85682475566864e-01, 5.639417171478271e-01, 4.823318421840668e-01, 4.248399436473846e-01, 3.81686508655548e-01, 3.466642200946808e-01, 3.158592283725739e-01, 2.876471877098083e-01, 2.61296272277832e-01, 2.357435524463654e-01, 2.10625946521759e-01, 1.864233314990997e-01, 1.627204269170761e-01, 1.392052620649338e-01, 1.164619624614716e-01, 9.44492369890213e-02, 7.279784232378006e-02, 5.195652693510056e-02, 3.232390806078901e-02, 1.345173362642527e-02, -4.593742545694113e-03, -2.096960134804249e-02, -3.614288568496704e-02, -5.060170963406563e-02, -6.464875489473343e-02, -7.84706324338913e-02, -9.219104051589966e-02, -1.052443459630013e-01, -1.172428131103516e-01, -1.285814791917801e-01, -1.395565718412399e-01, -1.503515839576721e-01, -1.610872447490692e-01, -1.717921197414398e-01, -1.820749938488007e-01, -1.919506788253784e-01, -2.016248553991318e-01, -2.11227610707283e-01, -2.208302170038223e-01, -2.304761558771133e-01, -2.399528622627258e-01, -2.486956268548965e-01, -2.569285035133362e-01, -2.648946642875671e-01, -2.727377414703369e-01, -2.805429995059967e-01, -2.883620560169221e-01, -2.958702445030212e-01, -3.028710186481476e-01, -3.095758855342865e-01, -3.161394596099854e-01, -3.226542174816132e-01, -3.291758894920349e-01, -3.356837332248688e-01, -3.418026864528656e-01, -3.475428819656372e-01, -3.530851900577545e-01, -3.585451543331146e-01, -3.639854788780212e-01, -3.69446039199829e-01, -3.749492466449738e-01, -3.805116713047028e-01, -3.861368298530579e-01, -3.918232619762421e-01, -3.975675106048584e-01, -4.033625721931458e-01, -4.091986417770386e-01, -4.146802425384521e-01, -4.195773303508759e-01, -4.241158962249756e-01, -4.284652769565582e-01, -4.327253997325898e-01, -4.369600415229797e-01, -4.412092566490173e-01, -4.454967379570007e-01, -4.498331546783447e-01, -4.542251825332642e-01, -4.586709439754486e-01, -4.631666541099548e-01, -4.67708021402359e-01, -4.721406996250153e-01, -4.761126339435577e-01, -4.797652065753937e-01, -4.832505285739899e-01, -4.866552352905273e-01, -4.900327026844025e-01, -4.93419736623764e-01, -4.96837854385376e-01, -5.002976655960083e-01, -5.038027763366699e-01, -5.073529481887817e-01]
dTOutTDepGlyWat=[-5.684341886080801e-14, 9.44850891828537e-02, -3.990012109279633e-01, 2.535166501998901e+00, 3.572961807250977e+00, 2.729636907577515e+00, 1.869269132614136e+00, 1.232074618339538e+00, 7.943647503852844e-01, 5.057504773139954e-01, 3.189276158809662e-01, 1.984687000513077e-01, 1.188844069838524e-01, 6.377002596855164e-02, 2.309115603566161e-02, -9.511173702776432e-03, -3.802302107214928e-02, -6.409461051225662e-02, -8.847152441740036e-02, -1.122110709547997e-01, -1.356566846370697e-01, -1.583164185285568e-01, -1.805963516235352e-01, -2.027900516986847e-01, -2.242981046438217e-01, -2.451582700014114e-01, -2.65729159116745e-01, -2.855477929115295e-01, -3.042164146900178e-01, -3.221800923347473e-01, -3.393602073192596e-01, -3.549134433269501e-01, -3.693108856678009e-01, -3.830313086509705e-01, -3.963676393032074e-01, -4.095024764537811e-01, -4.225578010082245e-01, -4.349659979343414e-01, -4.46347564458847e-01, -4.570979475975037e-01, -4.675051867961884e-01, -4.777474403381348e-01, -4.879438877105713e-01, -4.981221258640289e-01, -5.078917145729065e-01, -5.172716379165649e-01, -5.264656543731689e-01, -5.355992317199707e-01, -5.447416305541992e-01, -5.539358258247375e-01, -5.629681944847107e-01, -5.712788105010986e-01, -5.790961980819702e-01, -5.866589546203613e-01, -5.941058397293091e-01, -6.015210151672363e-01, -6.089560985565187e-01, -6.160862445831299e-01, -6.227202415466309e-01, -6.290703415870667e-01, -6.352869272232056e-01, -6.414598226547241e-01, -6.476442813873291e-01, -6.538194417953491e-01, -6.596113443374634e-01, -6.650347709655762e-01, -6.702693104743958e-01, -6.754266619682312e-01, -6.805680990219116e-01, -6.857335567474365e-01, -6.909452676773071e-01, -6.96219801902771e-01, -7.015604376792908e-01, -7.069653272628784e-01, -7.124308347702026e-01, -7.179496288299561e-01, -7.235116958618164e-01, -7.287213802337646e-01, -7.333548665046692e-01, -7.376393675804138e-01, -7.417396306991577e-01, -7.457530498504639e-01, -7.497432827949524e-01, -7.537506818771362e-01, -7.577990889549255e-01, -7.618989944458008e-01, -7.660569548606873e-01, -7.702708840370178e-01, -7.745367288589478e-01, -7.788500189781189e-01, -7.830557823181152e-01, -7.868055105209351e-01, -7.902436256408691e-01, -7.935194373130798e-01, -7.967167496681213e-01, -7.998883724212646e-01, -8.030714392662048e-01, -8.062875270843506e-01, -8.095473051071167e-01, -8.128541707992554e-01, -8.162077665328979e-01]
