last-generated=2026-10-10
statistics-initialization=
{
  "nonlinear": "1",
  "numerical Jacobians": "0"
}
statistics-simulation=
{
  "linear": "0",
  "nonlinear": "0, 1",
  "number of continuous time states": "22",
  "numerical Jacobians": "0"
}
time=[0e+00, 3.6e+03]
hex.m1_flow=[1.000000014901161e-01, 4.744800925254822e-02, 1.546096615493298e-02, 2.557807229459286e-02, 1.995007321238518e-02, 1.523770578205585e-02, 1.888102479279041e-02, 2.465181052684782e-02, 2.820402942597866e-02, 2.165640518069267e-02, 1.668096706271172e-02, 1.769798062741756e-02, 2.342516742646694e-02, 3.093624860048294e-02, 2.385632321238523e-02, 1.822821237146854e-02, 1.742643862962723e-02, 2.03982051461935e-02, 6.366346497088671e-03, 2.666564000719518e-07, 2.666666034656373e-07, 3.019718220457435e-03, 3.283395431935787e-03, 2.864458110707346e-07, 3.305870341137052e-03, 3.584365593269467e-03, 2.308044116944075e-03, 3.122289199382062e-03, 3.752981778234233e-03, 2.617482095956802e-03, 3.229543566703796e-03, 3.559165401384234e-03, 2.687358175990084e-07, 3.706988878548145e-03, 6.395475007593632e-03, 1.376292109489441e-02, 1.832154765725136e-02, 1.809041574597359e-02, 1.752473227679729e-02, 2.936778962612152e-02, 5.018056556582451e-02, 4.752136766910553e-02, 7.411609590053558e-02, 7.61275589466095e-02, 5.341703072190285e-02, 4.767366126179695e-02, 1.62024088203907e-02, 3.463857993483543e-02, 3.482859209179878e-02, 2.468284592032433e-02, 2.367297559976578e-02, 3.45049686729908e-02, 3.761871531605721e-02, 2.642710506916046e-02, 2.413365431129929e-02, 3.564773127436616e-02, 3.91995608806611e-02, 2.724720537662506e-02, 2.568408660590649e-02, 4.147927463054657e-02, 3.53347510099411e-02, 2.299413457512856e-02, 3.585601225495338e-02, 3.488043695688248e-02, 3.518988564610481e-02, 3.522343561053276e-02, 3.52233350276947e-02, 3.522332012653351e-02, 3.522332012653351e-02, 3.522332385182381e-02, 3.522332385182381e-02, 3.522332385182381e-02, 3.522332385182381e-02, 3.522332385182381e-02, 3.522332385182381e-02, 3.522332385182381e-02, 3.522332385182381e-02, 3.522332385182381e-02, 3.522332385182381e-02, 3.522332385182381e-02, 3.522332385182381e-02, 3.522332385182381e-02, 3.522332385182381e-02, 3.522332385182381e-02, 1.649640500545502e-02, 5.134463310241699e-03, 2.666607201717852e-07, 2.666666034656373e-07, 3.06256115436554e-03, 3.2662448938936e-03, 3.302762052044272e-03, 3.297348041087389e-03, 3.295820206403732e-03, 3.29536059871316e-03, 3.29473614692688e-03, 3.294287715107203e-03, 3.294031601399183e-03, 3.293900052085519e-03, 3.293837886303663e-03, 3.293815068900585e-03, 3.29380645416677e-03]
hex.m2_flow=[3.429285809397697e-02, 2.800000086426735e-02, 2.800000086426735e-02, 2.800000086426735e-02, 2.800000086426735e-02, 2.800000086426735e-02, 2.800000086426735e-02, 2.800000086426735e-02, 2.800000086426735e-02, 2.800000086426735e-02, 2.800000086426735e-02, 2.800000086426735e-02, 2.800000086426735e-02, 2.800000086426735e-02, 2.800000086426735e-02, 2.800000086426735e-02, 2.800000086426735e-02, 2.800000086426735e-02, 2.800000086426735e-02, 2.800000086426735e-02, 2.800000086426735e-02, 2.800000086426735e-02, 2.800000086426735e-02, 2.800000086426735e-02, 2.800000086426735e-02, 2.800000086426735e-02, 2.800000086426735e-02, 2.800000086426735e-02, 2.800000086426735e-02, 2.800000086426735e-02, 2.800000086426735e-02, 2.800000086426735e-02, 2.800000086426735e-02, 2.800000086426735e-02, 2.800000086426735e-02, 2.800000086426735e-02, 2.800000086426735e-02, 2.800000086426735e-02, 2.800000086426735e-02, 2.800000086426735e-02, 2.800000086426735e-02, 2.800000086426735e-02, 2.800000086426735e-02, 2.800000086426735e-02, 2.800000086426735e-02, 2.800000086426735e-02, 2.800000086426735e-02, 2.800000086426735e-02, 2.800000086426735e-02, 2.800000086426735e-02, 2.800000086426735e-02, 2.800000086426735e-02, 2.800000086426735e-02, 2.800000086426735e-02, 2.800000086426735e-02, 2.800000086426735e-02, 2.800000086426735e-02, 2.800000086426735e-02, 2.800000086426735e-02, 2.800000086426735e-02, 2.800000086426735e-02, 2.800000086426735e-02, 2.800000086426735e-02, 2.800000086426735e-02, 2.800000086426735e-02, 2.800000086426735e-02, 2.800000086426735e-02, 2.800000086426735e-02, 2.800000086426735e-02, 2.800000086426735e-02, 2.800000086426735e-02, 2.800000086426735e-02, 2.800000086426735e-02, 2.800000086426735e-02, 2.800000086426735e-02, 2.800000086426735e-02, 2.800000086426735e-02, 2.800000086426735e-02, 2.800000086426735e-02, 2.800000086426735e-02, 2.800000086426735e-02, 2.800000086426735e-02, 2.800000086426735e-02, 2.800000086426735e-02, 2.800000086426735e-02, 2.800000086426735e-02, 2.800000086426735e-02, 2.800000086426735e-02, 2.800000086426735e-02, 2.800000086426735e-02, 2.800000086426735e-02, 2.800000086426735e-02, 2.800000086426735e-02, 2.800000086426735e-02, 2.800000086426735e-02, 2.800000086426735e-02, 2.800000086426735e-02, 2.800000086426735e-02, 2.800000086426735e-02, 2.800000086426735e-02, 2.800000086426735e-02]
con.u_s=[2.881499938964844e+02, 2.881499938964844e+02, 2.881499938964844e+02, 2.881499938964844e+02, 2.881499938964844e+02, 2.881499938964844e+02, 2.881499938964844e+02, 2.881499938964844e+02, 2.881499938964844e+02, 2.881499938964844e+02, 2.881499938964844e+02, 2.881499938964844e+02, 2.881499938964844e+02, 2.881499938964844e+02, 2.881499938964844e+02, 2.881499938964844e+02, 2.881499938964844e+02, 2.981499938964844e+02, 2.981499938964844e+02, 2.981499938964844e+02, 2.981499938964844e+02, 2.981499938964844e+02, 2.981499938964844e+02, 2.981499938964844e+02, 2.981499938964844e+02, 2.981499938964844e+02, 2.981499938964844e+02, 2.981499938964844e+02, 2.981499938964844e+02, 2.981499938964844e+02, 2.981499938964844e+02, 2.981499938964844e+02, 2.981499938964844e+02, 2.981499938964844e+02, 2.969500122070312e+02, 2.951499938964844e+02, 2.933500061035156e+02, 2.915499877929688e+02, 2.8975e+02, 2.879500122070312e+02, 2.861499938964844e+02, 2.843500061035156e+02, 2.831499938964844e+02, 2.831499938964844e+02, 2.831499938964844e+02, 2.881499938964844e+02, 2.881499938964844e+02, 2.881499938964844e+02, 2.881499938964844e+02, 2.881499938964844e+02, 2.881499938964844e+02, 2.881499938964844e+02, 2.881499938964844e+02, 2.881499938964844e+02, 2.881499938964844e+02, 2.881499938964844e+02, 2.881499938964844e+02, 2.881499938964844e+02, 2.881499938964844e+02, 2.881499938964844e+02, 2.881499938964844e+02, 2.881499938964844e+02, 2.881499938964844e+02, 2.881499938964844e+02, 2.881499938964844e+02, 2.881499938964844e+02, 2.881499938964844e+02, 2.881499938964844e+02, 2.881499938964844e+02, 2.881499938964844e+02, 2.881499938964844e+02, 2.881499938964844e+02, 2.881499938964844e+02, 2.881499938964844e+02, 2.881499938964844e+02, 2.881499938964844e+02, 2.881499938964844e+02, 2.881499938964844e+02, 2.881499938964844e+02, 2.881499938964844e+02, 2.881499938964844e+02, 2.881499938964844e+02, 2.881499938964844e+02, 2.881499938964844e+02, 2.981499938964844e+02, 2.981499938964844e+02, 2.981499938964844e+02, 2.981499938964844e+02, 2.981499938964844e+02, 2.981499938964844e+02, 2.981499938964844e+02, 2.981499938964844e+02, 2.981499938964844e+02, 2.981499938964844e+02, 2.981499938964844e+02, 2.981499938964844e+02, 2.981499938964844e+02, 2.981499938964844e+02, 2.981499938964844e+02, 2.981499938964844e+02, 2.981499938964844e+02]
con.u_m=[2.931499938964844e+02, 2.809211730957031e+02, 2.863832397460938e+02, 2.883954467773438e+02, 2.891863708496094e+02, 2.887772216796875e+02, 2.876236877441406e+02, 2.871036071777344e+02, 2.879915771484375e+02, 2.890204772949219e+02, 2.8909765625e+02, 2.8792919921875e+02, 2.871661682128906e+02, 2.876761474609375e+02, 2.888291931152344e+02, 2.892060852050781e+02, 2.881360473632812e+02, 2.878023681640625e+02, 2.933869323730469e+02, 2.965865173339844e+02, 2.9757421875e+02, 2.981770935058594e+02, 2.981814270019531e+02, 2.981163940429688e+02, 2.980891418457031e+02, 2.981565246582031e+02, 2.981771545410156e+02, 2.980810546875e+02, 2.981412963867188e+02, 2.981817626953125e+02, 2.980805053710938e+02, 2.981632995605469e+02, 2.981134643554688e+02, 2.98104248046875e+02, 2.977343139648438e+02, 2.943947143554688e+02, 2.934445495605469e+02, 2.925098266601562e+02, 2.905846557617188e+02, 2.87397216796875e+02, 2.862436218261719e+02, 2.856009826660156e+02, 2.827791137695312e+02, 2.835334167480469e+02, 2.838235473632812e+02, 2.838651123046875e+02, 2.888229370117188e+02, 2.872749938964844e+02, 2.884744262695312e+02, 2.891822814941406e+02, 2.880600891113281e+02, 2.873173522949219e+02, 2.883420715332031e+02, 2.891732788085938e+02, 2.881359558105469e+02, 2.873438110351562e+02, 2.883477478027344e+02, 2.891643676757812e+02, 2.880763244628906e+02, 2.87220458984375e+02, 2.888130493164062e+02, 2.885063171386719e+02, 2.875653686523438e+02, 2.881591186523438e+02, 2.881515197753906e+02, 2.881499938964844e+02, 2.881499938964844e+02, 2.881499938964844e+02, 2.881499938964844e+02, 2.881499938964844e+02, 2.881499938964844e+02, 2.881499938964844e+02, 2.881499938964844e+02, 2.881499938964844e+02, 2.881499938964844e+02, 2.881499938964844e+02, 2.881499938964844e+02, 2.881499938964844e+02, 2.881499938964844e+02, 2.881499938964844e+02, 2.881499938964844e+02, 2.881499938964844e+02, 2.881499938964844e+02, 2.881499938964844e+02, 2.90318603515625e+02, 2.953473815917969e+02, 2.973963928222656e+02, 2.980838012695312e+02, 2.981587829589844e+02, 2.981566467285156e+02, 2.981503295898438e+02, 2.981497802734375e+02, 2.981499633789062e+02, 2.981499633789062e+02, 2.981499633789062e+02, 2.981499938964844e+02, 2.981499938964844e+02, 2.981499938964844e+02, 2.981499938964844e+02, 2.981499938964844e+02, 2.981499938964844e+02]
hex.Q1_flow=[0e+00, 1.518951782226562e+03, 1.044234252929688e+03, 1.305426025390625e+03, 1.185663330078125e+03, 9.917478637695312e+02, 1.0743017578125e+03, 1.2084541015625e+03, 1.36352880859375e+03, 1.226443359375e+03, 1.067090942382812e+03, 1.0370654296875e+03, 1.167216796875e+03, 1.39539404296875e+03, 1.256185668945313e+03, 1.10905615234375e+03, 1.015290954589844e+03, 1.078141479492188e+03, 5.832693481445312e+02, 3.555525512695312e+02, 2.64730712890625e+02, 2.271864624023438e+02, 2.257247467041016e+02, 1.995005035400391e+02, 2.335146331787109e+02, 2.371996612548828e+02, 2.150460968017578e+02, 2.327391815185545e+02, 2.418224029541014e+02, 2.195966033935547e+02, 2.340805206298828e+02, 2.367664184570312e+02, 2.022961273193359e+02, 2.410296936035156e+02, 3.228634643554688e+02, 6.591820678710938e+02, 8.827526245117188e+02, 9.35185791015625e+02, 9.412323608398438e+02, 1.17414111328125e+03, 1.532765747070312e+03, 1.490619384765625e+03, 1.495622436523438e+03, 1.620837890625e+03, 1.452428955078125e+03, 1.332532104492188e+03, 9.29267822265625e+02, 1.219363891601562e+03, 1.293163818359375e+03, 1.134769165039062e+03, 1.035666625976562e+03, 1.19680908203125e+03, 1.3094345703125e+03, 1.149946044921875e+03, 1.028003051757813e+03, 1.191702026367184e+03, 1.307581909179687e+03, 1.145284301757812e+03, 1.03731982421875e+03, 1.245564819335938e+03, 1.240022338867188e+03, 9.81578369140625e+02, 1.157201538085938e+03, 1.178925537109375e+03, 1.17820654296875e+03, 1.177755004882812e+03, 1.177754516601562e+03, 1.177754516601562e+03, 1.177754516601562e+03, 1.177754516601562e+03, 1.177754516601562e+03, 1.177754516601562e+03, 1.177754516601562e+03, 1.177754516601562e+03, 1.177754516601562e+03, 1.177754516601562e+03, 1.177754516601562e+03, 1.177754516601562e+03, 1.177754516601562e+03, 1.177754516601562e+03, 1.177754516601562e+03, 1.177754516601562e+03, 1.177754516601562e+03, 1.177754516601562e+03, 8.276377563476562e+02, 4.331892700195312e+02, 2.796556396484375e+02, 2.092836608886719e+02, 2.168336181640625e+02, 2.202909240722656e+02, 2.228367614746094e+02, 2.240135955810547e+02, 2.246134643554688e+02, 2.249166412353516e+02, 2.250581359863281e+02, 2.251212158203125e+02, 2.251483306884766e+02, 2.251593933105469e+02, 2.251637420654297e+02, 2.251656951904297e+02, 2.251666107177734e+02]
hex.Q2_flow=[0e+00, -1.596227416992188e+03, -1.175528198242188e+03, -1.232006103515625e+03, -1.14057568359375e+03, -1.051834350585938e+03, -1.144552856445312e+03, -1.233281127929687e+03, -1.276166259765625e+03, -1.168331665039062e+03, -1.079978515625e+03, -1.113883422851562e+03, -1.209576904296875e+03, -1.304863159179688e+03, -1.190967895507813e+03, -1.098757934570312e+03, -1.094861450195312e+03, -1.140151733398438e+03, -6.481912231445312e+02, -3.767533874511719e+02, -2.760514831542969e+02, -2.223427124023438e+02, -2.233541717529297e+02, -2.14826416015625e+02, -2.336962585449219e+02, -2.311555786132812e+02, -2.160609741210938e+02, -2.335492858886716e+02, -2.342894287109375e+02, -2.180576324462891e+02, -2.342225952148438e+02, -2.304699859619141e+02, -2.160461273193359e+02, -2.365735168457031e+02, -2.977751159667969e+02, -6.472369384765625e+02, -8.120984497070312e+02, -8.787521362304688e+02, -9.558502197265625e+02, -1.205091674804688e+03, -1.422226318359375e+03, -1.423448120117188e+03, -1.524979370117188e+03, -1.5554375e+03, -1.464585693359375e+03, -1.410485717773438e+03, -1.018739074707031e+03, -1.23318798828125e+03, -1.223310302734375e+03, -1.114300659179688e+03, -1.109167602539062e+03, -1.220060180664062e+03, -1.236454345703125e+03, -1.122896606445312e+03, -1.102424682617187e+03, -1.21651965332031e+03, -1.235339355468751e+03, -1.120828002929688e+03, -1.109640380859375e+03, -1.24884326171875e+03, -1.183744995117188e+03, -1.064292846679688e+03, -1.190761596679688e+03, -1.178018798828125e+03, -1.17793994140625e+03, -1.1777548828125e+03, -1.177754516601562e+03, -1.177754516601562e+03, -1.177754516601562e+03, -1.177754516601562e+03, -1.177754516601562e+03, -1.177754516601562e+03, -1.177754516601562e+03, -1.177754516601562e+03, -1.177754516601562e+03, -1.177754516601562e+03, -1.177754516601562e+03, -1.177754516601562e+03, -1.177754516601562e+03, -1.177754516601562e+03, -1.177754516601562e+03, -1.177754516601562e+03, -1.177754516601562e+03, -1.177754516601562e+03, -9.11361328125e+02, -4.788533325195312e+02, -2.935894775390625e+02, -2.205068511962891e+02, -2.203406982421875e+02, -2.224445648193359e+02, -2.241094207763672e+02, -2.246884613037109e+02, -2.249411315917969e+02, -2.250688934326172e+02, -2.251267242431641e+02, -2.251510467529297e+02, -2.251609191894531e+02, -2.251646575927734e+02, -2.251660308837891e+02, -2.251666870117188e+02, -2.251670227050781e+02]
hex.QLat2_flow=[0e+00, -9.808059692382812e+02, -7.360740966796875e+02, -7.802262573242188e+02, -7.224658203125e+02, -6.607112426757812e+02, -7.190069580078125e+02, -7.755864257812498e+02, -8.082354125976562e+02, -7.40436279296875e+02, -6.81346923828125e+02, -6.995814208984375e+02, -7.60380859375e+02, -8.259674072265625e+02, -7.54874877929688e+02, -6.945059204101562e+02, -6.875332641601562e+02, -7.166334838867188e+02, -3.885379028320312e+02, -1.945423126220703e+02, -1.19078369140625e+02, -7.804296875e+01, -7.947917175292969e+01, -7.511192321777344e+01, -8.763651275634766e+01, -8.528527069091797e+01, -7.525241088867188e+01, -8.757990264892562e+01, -8.747801971435547e+01, -7.650652313232422e+01, -8.798551940917969e+01, -8.472943115234375e+01, -7.572281646728516e+01, -8.926113891601562e+01, -1.330889282226562e+02, -3.880099487304688e+02, -5.063768920898438e+02, -5.513643798828125e+02, -6.003562622070312e+02, -7.587783813476562e+02, -8.968797607421875e+02, -8.948341064453125e+02, -9.462861328125e+02, -9.684124145507812e+02, -9.1396044921875e+02, -8.794505615234375e+02, -6.3872705078125e+02, -7.76826416015625e+02, -7.753954467773438e+02, -7.050797729492188e+02, -6.9726220703125e+02, -7.684452514648438e+02, -7.837068481445312e+02, -7.108255615234375e+02, -6.930191040039059e+02, -7.662936401367175e+02, -7.830322265625003e+02, -7.094337158203125e+02, -6.977338256835938e+02, -7.8721435546875e+02, -7.502779541015625e+02, -6.685208740234375e+02, -7.5016259765625e+02, -7.440380249023438e+02, -7.439869995117188e+02, -7.438493041992188e+02, -7.4384912109375e+02, -7.4384912109375e+02, -7.4384912109375e+02, -7.4384912109375e+02, -7.4384912109375e+02, -7.4384912109375e+02, -7.4384912109375e+02, -7.4384912109375e+02, -7.4384912109375e+02, -7.4384912109375e+02, -7.4384912109375e+02, -7.4384912109375e+02, -7.4384912109375e+02, -7.4384912109375e+02, -7.4384912109375e+02, -7.4384912109375e+02, -7.4384912109375e+02, -7.4384912109375e+02, -5.68562744140625e+02, -2.691684875488281e+02, -1.323769836425781e+02, -7.834040832519531e+01, -7.767384338378906e+01, -7.927304840087891e+01, -8.047047424316406e+01, -8.084224700927734e+01, -8.098822784423828e+01, -8.105966949462891e+01, -8.109050750732422e+01, -8.110263061523438e+01, -8.110716247558594e+01, -8.110868835449219e+01, -8.110917663574219e+01, -8.110942840576172e+01, -8.110958099365234e+01]
hex.QSen2_flow=[0e+00, -6.154214477539062e+02, -4.394541625976562e+02, -4.517799072265625e+02, -4.181099243164062e+02, -3.911231384277344e+02, -4.255458679199219e+02, -4.576947021484374e+02, -4.679308166503906e+02, -4.278954467773438e+02, -3.986316223144531e+02, -4.143020324707031e+02, -4.49196044921875e+02, -4.788958129882812e+02, -4.360930480957034e+02, -4.042520446777344e+02, -4.073281555175781e+02, -4.235182495117188e+02, -2.596532897949219e+02, -1.822110595703125e+02, -1.569731140136719e+02, -1.442997436523438e+02, -1.43875e+02, -1.397144927978516e+02, -1.460597381591797e+02, -1.458703155517578e+02, -1.408085632324219e+02, -1.459693908691406e+02, -1.468114013671875e+02, -1.415511016845703e+02, -1.462370758056641e+02, -1.457405548095703e+02, -1.403233032226562e+02, -1.473123626708984e+02, -1.646861877441406e+02, -2.592270202636719e+02, -3.057215576171875e+02, -3.273877563476562e+02, -3.554939270019531e+02, -4.46313232421875e+02, -5.253465576171875e+02, -5.286139526367188e+02, -5.786931762695312e+02, -5.87025146484375e+02, -5.50625244140625e+02, -5.3103515625e+02, -3.800120544433594e+02, -4.563616027832031e+02, -4.479148254394531e+02, -4.092209167480469e+02, -4.119054260253906e+02, -4.516148681640625e+02, -4.527475280761719e+02, -4.120710754394531e+02, -4.094056396484372e+02, -4.502259521484368e+02, -4.523071899414066e+02, -4.11394287109375e+02, -4.119065246582031e+02, -4.616289367675781e+02, -4.334669799804688e+02, -3.9577197265625e+02, -4.405990295410156e+02, -4.339808044433594e+02, -4.339529113769531e+02, -4.339055480957031e+02, -4.339054260253906e+02, -4.339054260253906e+02, -4.339053955078125e+02, -4.339054260253906e+02, -4.339054260253906e+02, -4.339054260253906e+02, -4.339054260253906e+02, -4.339054260253906e+02, -4.339054260253906e+02, -4.339054260253906e+02, -4.339054260253906e+02, -4.339054260253906e+02, -4.339054260253906e+02, -4.339054260253906e+02, -4.339054260253906e+02, -4.339054260253906e+02, -4.339054260253906e+02, -4.339054260253906e+02, -3.42798583984375e+02, -2.096848297119141e+02, -1.612124938964844e+02, -1.421664276123047e+02, -1.426668548583984e+02, -1.431715087890625e+02, -1.436389617919922e+02, -1.438462219238281e+02, -1.439529113769531e+02, -1.440092163085938e+02, -1.440362091064453e+02, -1.440484161376953e+02, -1.440537567138672e+02, -1.440559692382812e+02, -1.440568542480469e+02, -1.440572509765625e+02, -1.440574340820312e+02]
autTunSig.y=[0e+00, 0e+00, 0e+00, 0e+00, 0e+00, 0e+00, 0e+00, 0e+00, 0e+00, 0e+00, 0e+00, 0e+00, 0e+00, 0e+00, 0e+00, 0e+00, 0e+00, 0e+00, 0e+00, 0e+00, 0e+00, 0e+00, 0e+00, 0e+00, 0e+00, 0e+00, 0e+00, 0e+00, 0e+00, 0e+00, 0e+00, 0e+00, 0e+00, 0e+00, 0e+00, 0e+00, 0e+00, 0e+00, 0e+00, 0e+00, 0e+00, 0e+00, 0e+00, 0e+00, 0e+00, 0e+00, 0e+00, 0e+00, 0e+00, 0e+00, 0e+00, 0e+00, 0e+00, 0e+00, 0e+00, 0e+00, 0e+00, 0e+00, 0e+00, 1e+00, 1e+00, 1e+00, 1e+00, 1e+00, 1e+00, 1e+00, 1e+00, 1e+00, 1e+00, 1e+00, 1e+00, 1e+00, 1e+00, 1e+00, 1e+00, 1e+00, 1e+00, 1e+00, 1e+00, 0e+00, 0e+00, 0e+00, 0e+00, 0e+00, 0e+00, 0e+00, 0e+00, 0e+00, 0e+00, 0e+00, 0e+00, 0e+00, 0e+00, 0e+00, 0e+00, 0e+00, 0e+00, 0e+00, 0e+00, 0e+00, 0e+00]
con.inTunPro.y=[0e+00, 0e+00, 0e+00, 0e+00, 0e+00, 0e+00, 0e+00, 0e+00, 0e+00, 0e+00, 0e+00, 0e+00, 0e+00, 0e+00, 0e+00, 0e+00, 0e+00, 0e+00, 0e+00, 0e+00, 0e+00, 0e+00, 0e+00, 0e+00, 0e+00, 0e+00, 0e+00, 0e+00, 0e+00, 0e+00, 0e+00, 0e+00, 0e+00, 0e+00, 0e+00, 0e+00, 0e+00, 0e+00, 0e+00, 0e+00, 0e+00, 0e+00, 0e+00, 0e+00, 0e+00, 0e+00, 0e+00, 0e+00, 0e+00, 0e+00, 0e+00, 0e+00, 0e+00, 0e+00, 0e+00, 0e+00, 0e+00, 0e+00, 0e+00, 1e+00, 1e+00, 0e+00, 0e+00, 0e+00, 0e+00, 0e+00, 0e+00, 0e+00, 0e+00, 0e+00, 0e+00, 0e+00, 0e+00, 0e+00, 0e+00, 0e+00, 0e+00, 0e+00, 0e+00, 0e+00, 0e+00, 0e+00, 0e+00, 0e+00, 0e+00, 0e+00, 0e+00, 0e+00, 0e+00, 0e+00, 0e+00, 0e+00, 0e+00, 0e+00, 0e+00, 0e+00, 0e+00, 0e+00, 0e+00, 0e+00, 0e+00]
