last-generated=2015-05-29
statistics-simulation={'numerical Jacobians': '0', 'nonlinear': ' ', 'linear': ' '}
sou.T_in=[293.149993896484375, 293.149993896484375]
hea.com.vol.T=[295.121337890625, 295.121337890625]
time=[0., 1.]
