last-generated=2014-10-28
TOut.T=[263.14999389648437500000, 263.14999389648437500000]
vol.T_start=[293.14999389648437500000, 293.14999389648437500000]
vol.T=[293.14999389648437500000, 291.70315551757812500000, 290.33276367187500000000, 289.03445434570312500000, 287.80496215820312500000, 286.64218139648437500000, 285.53500366210937500000, 284.48657226562500000000, 283.49688720703125000000, 282.55554199218750000000, 281.66473388671875000000, 280.82638549804687500000, 280.03216552734375000000, 279.27676391601562500000, 278.56558227539062500000, 277.89541625976562500000, 277.25546264648437500000, 276.65255737304687500000, 276.08670043945312500000, 275.54959106445312500000, 275.04266357421875000000, 274.56445312500000000000, 274.11334228515625000000, 273.68780517578125000000, 273.28622436523437500000, 272.90719604492187500000, 272.54937744140625000000, 272.21102905273437500000, 271.89062500000000000000, 271.58657836914062500000, 271.29733276367187500000, 271.02459716796875000000, 270.76879882812500000000, 270.52655029296875000000, 270.29672241210937500000, 270.07827758789062500000, 269.87002563476562500000, 269.67300415039062500000, 269.48852539062500000000, 269.31369018554687500000, 269.14773559570312500000, 268.98989868164062500000, 268.83947753906250000000, 268.69671630859375000000, 268.56314086914062500000, 268.43652343750000000000, 268.31631469726562500000, 268.20208740234375000000, 268.09332275390625000000, 267.98989868164062500000, 267.89312744140625000000, 267.80142211914062500000, 267.71441650390625000000, 267.63177490234375000000, 267.55316162109375000000, 267.47836303710937500000, 267.40838623046875000000, 267.34207153320312500000, 267.27917480468750000000, 267.21951293945312500000, 267.16275024414062500000, 267.10870361328125000000, 267.05783081054687500000, 267.00961303710937500000, 266.96386718750000000000, 266.92050170898437500000, 266.87933349609375000000, 266.84033203125000000000, 266.80331420898437500000, 266.76821899414062500000, 266.73495483398437500000, 266.70349121093750000000, 266.67370605468750000000, 266.64559936523437500000, 266.61877441406250000000, 266.59326171875000000000, 266.56903076171875000000, 266.54598999023437500000, 266.52407836914062500000, 266.50326538085937500000, 266.48345947265625000000, 266.46463012695312500000, 266.44668579101562500000, 266.42962646484375000000, 266.41339111328125000000, 266.39794921875000000000, 266.38372802734375000000, 266.37069702148437500000, 266.35842895507812500000, 266.34695434570312500000, 266.33621215820312500000, 266.32611083984375000000, 266.31668090820312500000, 266.30786132812500000000, 266.29959106445312500000, 266.29180908203125000000, 266.28454589843750000000, 266.27767944335937500000, 266.27117919921875000000, 266.26489257812500000000, 266.25888061523437500000]
time=[0.00000000000000000000, 10800.00000000000000000000]
