last-generated=2026-10-09
statistics-initialization=
{
  "linear": "0",
  "nonlinear": "0, 1, 2, 0, 15",
  "numerical Jacobians": "0"
}
statistics-simulation=
{
  "linear": "0, 0, 0, 0, 0",
  "nonlinear": "1, 2, 1, 1, 12",
  "number of continuous time states": "46",
  "numerical Jacobians": "0"
}
time=[0e+00, 6.048e+05]
weaDat.weaBus.TDryBul=[2.609500122070312e+02, 2.612774658203125e+02, 2.621011047363281e+02, 2.625499877929688e+02, 2.625499877929688e+02, 2.634906005859375e+02, 2.665859985351562e+02, 2.694419860839844e+02, 2.715532531738281e+02, 2.720499877929688e+02, 2.720499877929688e+02, 2.711899108886719e+02, 2.720211181640625e+02, 2.720336303710938e+02, 2.714474182128906e+02, 2.693314514160156e+02, 2.698616027832031e+02, 2.713856811523438e+02, 2.721641845703125e+02, 2.72510986328125e+02, 2.73510009765625e+02, 2.748500061035156e+02, 2.748500061035156e+02, 2.725921325683594e+02, 2.73848876953125e+02, 2.725499877929688e+02, 2.740790100097656e+02, 2.75053955078125e+02, 2.731499938964844e+02, 2.731499938964844e+02, 2.733664245605469e+02, 2.7306201171875e+02, 2.712139892578125e+02, 2.697578430175781e+02, 2.687122497558594e+02, 2.691380004882812e+02, 2.701607055664062e+02, 2.703500061035156e+02, 2.703500061035156e+02, 2.703500061035156e+02, 2.703500061035156e+02, 2.703500061035156e+02, 2.703500061035156e+02, 2.703500061035156e+02, 2.703500061035156e+02, 2.700260009765625e+02, 2.698500061035156e+02, 2.703376159667969e+02, 2.707337341308594e+02, 2.714786071777344e+02, 2.720499877929688e+02, 2.726159973144531e+02, 2.7205712890625e+02, 2.703059997558594e+02, 2.684580078125e+02, 2.684077453613281e+02, 2.6806201171875e+02, 2.662139892578125e+02, 2.661690368652344e+02, 2.658251953125e+02, 2.615640869140625e+02, 2.582152099609375e+02, 2.592766723632812e+02, 2.610854797363281e+02, 2.64716796875e+02, 2.666700134277344e+02, 2.690650634765625e+02, 2.692225952148438e+02, 2.680060119628906e+02, 2.665409545898438e+02, 2.646900024414062e+02, 2.639419860839844e+02, 2.62093994140625e+02, 2.614129638671875e+02, 2.591625671386719e+02, 2.5875e+02, 2.582370910644531e+02, 2.594412841796875e+02, 2.609939880371094e+02, 2.616118469238281e+02, 2.618193054199219e+02, 2.608738708496093e+02, 2.578509826660156e+02, 2.558468933105469e+02, 2.543108673095703e+02, 2.552683868408203e+02, 2.542709197998047e+02, 2.536540069580078e+02, 2.5264599609375e+02, 2.515209808349609e+02, 2.503481140136719e+02, 2.545215454101562e+02, 2.581070861816406e+02, 2.589879760742188e+02, 2.603697204589844e+02, 2.595094604492188e+02, 2.568208923339844e+02, 2.548866882324219e+02, 2.541324615478516e+02, 2.532756500244141e+02, 2.531499938964844e+02]
weaDat.weaBus.HDirNor=[0e+00, 0e+00, 0e+00, 0e+00, 4.790056943893433e-01, 3.686282958984375e+02, 6.625081787109375e+02, 4.312069091796866e+02, 5.411502075195312e+01, 5.657868957519531e+01, 0e+00, 0e+00, 0e+00, 0e+00, 0e+00, 0e+00, 0e+00, 0e+00, 0e+00, 1.905120015144348e+00, 9.585999846458435e-01, 1.779999971389771e+00, 1.813752055168152e+00, 0e+00, 0e+00, 0e+00, 0e+00, 0e+00, 0e+00, 0e+00, 0e+00, 0e+00, 0e+00, 0e+00, 3.721466660499488e-01, 2.894999980926514e-01, 1e+00, 1e+00, 7.318080067634583e-01, 0e+00, 0e+00, 0e+00, 0e+00, 0e+00, 0e+00, 0e+00, 0e+00, 0e+00, 5.331199988722801e-02, 1e+00, 5.416666865348816e-01, 8.741199970245361e-01, 0e+00, 0e+00, 0e+00, 0e+00, 0e+00, 0e+00, 0e+00, 0e+00, 0e+00, 0e+00, 2.880619812011719e+02, 7.751649169921875e+02, 8.5933056640625e+02, 7.74879638671875e+02, 4.252257690429688e+02, 5.739785385131836e+01, 0e+00, 0e+00, 0e+00, 0e+00, 0e+00, 0e+00, 0e+00, 0e+00, 8.404290771484375e+01, 6.168316650390625e+02, 2.696745910644531e+02, 7.800930023193359e+01, 9.641504669189453e+01, 6.644139099121031e+01, 2.897682094271659e-14, 0e+00, 0e+00, 0e+00, 0e+00, 0e+00, 0e+00, 0e+00, 1.037647857666016e+02, 7.07604736328125e+02, 8.80940673828125e+02, 9.020025024414062e+02, 8.423399658203125e+02, 5.655880126953125e+02, 8.352803230285645e+00, 0e+00, 0e+00, 0e+00, 0e+00]
weaDat.weaBus.HGloHor=[0e+00, 0e+00, 0e+00, 0e+00, 0e+00, 1.025815353393555e+02, 3.044623718261719e+02, 3.372630615234372e+02, 1.835730590820312e+02, 7.442298889160156e+01, 2.312187433242798e+00, 0e+00, 0e+00, 0e+00, 0e+00, 0e+00, 0e+00, 0e+00, 0e+00, 1.92087574005127e+01, 1.262883834838867e+02, 1.684425354003906e+02, 1.800178680419922e+02, 1.135551300048828e+02, 1.464144802093506e+01, 0e+00, 0e+00, 0e+00, 0e+00, 0e+00, 0e+00, 0e+00, 0e+00, 1.767200088500977e+01, 1.347597351074226e+02, 2.175667419433594e+02, 2.160484008789062e+02, 1.723790588378906e+02, 5.32529296875e+01, 0e+00, 0e+00, 0e+00, 0e+00, 0e+00, 0e+00, 0e+00, 0e+00, 2.804630994796753e+00, 8.430634307861328e+01, 1.744434356689453e+02, 1.952538757324219e+02, 1.509707641601562e+02, 6.984014129638672e+01, 3.095707893371582e+00, 0e+00, 0e+00, 0e+00, 0e+00, 0e+00, 0e+00, 0e+00, 0e+00, 8.068932342529297e+01, 3.121475524902344e+02, 4.365852966308594e+02, 3.753271484375e+02, 1.862212524414062e+02, 1.553165531158447e+01, 0e+00, 0e+00, 0e+00, 0e+00, 0e+00, 0e+00, 0e+00, 0e+00, 3.503750610351562e+01, 2.373762969970703e+02, 2.670227966308594e+02, 2.172436370849609e+02, 1.543636322021484e+02, 4.700918960571176e+01, 2.171873791922962e-15, 0e+00, 0e+00, 0e+00, 0e+00, 0e+00, 0e+00, 0e+00, 1.274240970611572e+01, 1.940768432617188e+02, 3.971203918457031e+02, 4.48487060546875e+02, 3.378170471191406e+02, 1.110259704589844e+02, 1.055006146430969e+00, 0e+00, 0e+00, 0e+00, 0e+00]
buiZon.theZon[1, 1].roo.heaPorAir.T=[2.931499938964844e+02, 2.876582946777344e+02, 2.867489929199219e+02, 2.859815063476562e+02, 2.864789428710938e+02, 2.932664489746094e+02, 2.931744995117188e+02, 2.938160400390625e+02, 2.93143798828125e+02, 2.9313818359375e+02, 2.931475830078125e+02, 2.940555419921875e+02, 2.909259643554688e+02, 2.903076477050781e+02, 2.895921020507812e+02, 2.887645568847656e+02, 2.882331237792969e+02, 2.878532409667969e+02, 2.875620422363281e+02, 2.926429138183594e+02, 2.931629028320312e+02, 2.931586608886719e+02, 2.931558227539062e+02, 2.931435241699219e+02, 2.931465148925781e+02, 2.931497497558594e+02, 2.896146545410156e+02, 2.890332946777344e+02, 2.885247497558594e+02, 2.87958251953125e+02, 2.874904174804688e+02, 2.870769958496094e+02, 2.863994445800781e+02, 2.8575537109375e+02, 2.931952209472656e+02, 2.931593322753906e+02, 2.931560974121094e+02, 2.931474304199219e+02, 2.931460571289062e+02, 2.931492919921875e+02, 2.890601806640625e+02, 2.879995422363281e+02, 2.873264770507812e+02, 2.867955932617188e+02, 2.8630908203125e+02, 2.85812744140625e+02, 2.860408325195312e+02, 2.859953308105469e+02, 2.941528930664062e+02, 2.931636047363281e+02, 2.931571350097656e+02, 2.931502075195312e+02, 2.931443786621094e+02, 2.931432800292969e+02, 2.892928161621094e+02, 2.8724560546875e+02, 2.86486572265625e+02, 2.883712768554677e+02, 2.91033203125e+02, 2.863949890136719e+02, 2.906001281738281e+02, 2.900151062011719e+02, 2.872064819335938e+02, 2.932079467773438e+02, 2.940098266601562e+02, 2.956341857910156e+02, 2.951544799804688e+02, 2.931471252441406e+02, 2.945044555664062e+02, 2.918021850585938e+02, 2.905701599121094e+02, 2.896018981933594e+02, 2.885199279785156e+02, 2.876121520996094e+02, 2.864861145019531e+02, 2.894295349121094e+02, 2.913232421875e+02, 2.931919860839844e+02, 2.931221923828125e+02, 2.931414794921875e+02, 2.931703796386719e+02, 2.931314392089844e+02, 2.931410522460938e+02, 2.881889343261719e+02, 2.866631469726562e+02, 2.894342041015625e+02, 2.865410461425781e+02, 2.879462585449219e+02, 2.86699951171875e+02, 2.871023254394531e+02, 2.888294982910156e+02, 2.937837219238281e+02, 2.931632690429688e+02, 2.948284301757812e+02, 2.959279174804688e+02, 2.949306640625e+02, 2.93121826171875e+02, 2.918653869628906e+02, 2.901426086425781e+02, 2.887641296386719e+02, 2.877047424316406e+02]
buiZon.theZon[1, 1].EHea=[0e+00, 1.254167145816609e-04, 1.768412766978145e-04, 1.912089646793902e-04, 4.3280885e+06, 1.0742854e+07, 1.191336e+07, 1.191336e+07, 1.191336e+07, 1.191336e+07, 1.191336e+07, 1.1913363e+07, 1.1913363e+07, 1.1913363e+07, 1.1913364e+07, 1.1913364e+07, 1.1913364e+07, 1.1913364e+07, 1.1913364e+07, 1.4093176e+07, 1.7785756e+07, 1.798653e+07, 1.7986528e+07, 1.7986528e+07, 1.7986528e+07, 1.7988872e+07, 1.7988888e+07, 1.7988888e+07, 1.7988888e+07, 1.7988888e+07, 1.7988888e+07, 1.7988888e+07, 1.7988888e+07, 1.7988888e+07, 2.566970600000001e+07, 2.7635806e+07, 2.8043672e+07, 2.804374e+07, 2.804374e+07, 2.8526524e+07, 2.8744334e+07, 2.8744334e+07, 2.8744334e+07, 2.8744336e+07, 2.8744336e+07, 2.8744336e+07, 3.2350168e+07, 3.559726e+07, 4.2476176e+07, 4.555456e+07, 4.6608996e+07, 4.6689304e+07, 4.6715148e+07, 4.7284108e+07, 4.8107188e+07, 4.8107188e+07, 4.8107188e+07, 4.86375759999998e+07, 5.4173892e+07, 5.8171548e+07, 6.4456136e+07, 7.1604248e+07, 7.8647088e+07, 8.3187256e+07, 8.3187256e+07, 8.3187256e+07, 8.3187256e+07, 8.3187256e+07, 8.3187264e+07, 8.3187264e+07, 8.3187264e+07, 8.3187264e+07, 8.3187264e+07, 8.3187264e+07, 8.3187264e+07, 8.4268144e+07, 9.0547832e+07, 9.5718928e+07, 9.5718936e+07, 9.5718936e+07, 9.5718936e+07, 9.5718936e+07, 9.667695999999999e+07, 9.6979936e+07, 9.6979936e+07, 9.8073832e+07, 1.0379832e+08, 1.1054248e+08, 1.17409288e+08, 1.24922112e+08, 1.33553912e+08, 1.426028e+08, 1.42771072e+08, 1.42771072e+08, 1.42771072e+08, 1.42771072e+08, 1.42771072e+08, 1.42771072e+08, 1.42771072e+08, 1.42771072e+08, 1.42771072e+08]
buiZon.theZon[1, 1].ECoo=[0e+00, -1.263130980078131e-04, -1.751120144035667e-04, -1.888268161565065e-04, -4.710665047168732e-01, -8.38168e+05, -3.192975e+06, -1.256067400000001e+07, -2.0970422e+07, -2.659208e+07, -3.0178574e+07, -3.2181688e+07, -3.2181688e+07, -3.2181688e+07, -3.2181688e+07, -3.2181688e+07, -3.2181688e+07, -3.2181688e+07, -3.2181688e+07, -3.218194e+07, -3.2549614e+07, -3.2731496e+07, -3.4189456e+07, -3.5796868e+07, -3.6640128e+07, -3.6807848e+07, -3.6840616e+07, -3.6840616e+07, -3.6840616e+07, -3.6840616e+07, -3.6840616e+07, -3.6840616e+07, -3.6840616e+07, -3.6840616e+07, -3.726088e+07, -3.726088e+07, -3.727106e+07, -3.7833008e+07, -3.8249344e+07, -3.8259264e+07, -3.8289056e+07, -3.8289056e+07, -3.8289056e+07, -3.8289056e+07, -3.8289056e+07, -3.8289056e+07, -3.8288944e+07, -3.8288944e+07, -3.8599488e+07, -3.8599488e+07, -3.8599488e+07, -3.871662e+07, -3.8845656e+07, -3.8845664e+07, -3.8869852e+07, -3.8869852e+07, -3.8869852e+07, -3.8869852e+07, -3.8869744e+07, -3.8869688e+07, -3.8869616e+07, -3.8869616e+07, -3.9390084e+07, -3.9976048e+07, -4.8098616e+07, -5.9805824e+07, -7.2224816e+07, -8.2562952e+07, -8.7414696e+07, -8.7414696e+07, -8.7414696e+07, -8.7414696e+07, -8.7414696e+07, -8.7414696e+07, -8.7414696e+07, -8.7414696e+07, -8.7414608e+07, -8.8598352e+07, -9.3969768e+07, -9.7323216e+07, -9.8851776e+07, -1.00534472e+08, -1.0063908e+08, -1.0065804e+08, -1.0065804e+08, -1.0065804e+08, -1.00657888e+08, -1.00657832e+08, -1.00657784e+08, -1.0065768e+08, -1.0065768e+08, -1.01409072e+08, -1.04723376e+08, -1.14997552e+08, -1.27359272e+08, -1.3992736e+08, -1.491012e+08, -1.50852256e+08, -1.50852256e+08, -1.50852256e+08, -1.50852256e+08]
conEco[1].VOut_flow_min=[7.559999823570251e-02, 7.559999823570251e-02]
conEco[1].VOut_flow=[0e+00, 4.838509944195435e-17, 3.374224235942225e-17, 3.183230217737201e-17, 8.996924871773615e-10, 9.602491557598114e-02, 7.563598453998566e-02, 7.560006529092789e-02, 7.559999823570251e-02, 7.559999823570251e-02, 7.559999823570251e-02, 2.097200191286674e-09, 1.5226392369172e-09, 1.105488145469735e-09, 8.026221909318559e-10, 5.827401339253413e-10, 4.230892303169753e-10, 3.071772558538297e-10, 2.230211709752794e-10, 8.105752868914351e-08, 7.576277852058411e-02, 7.560028880834579e-02, 7.559999823570251e-02, 7.559999823570251e-02, 7.559999823570251e-02, 7.559999823570251e-02, 8.788605398990512e-10, 6.380828088126123e-10, 4.632698946682716e-10, 3.363530842737106e-10, 2.442039903627347e-10, 1.773006186311932e-10, 1.287274176142716e-10, 9.348537222120257e-11, 7.692553102970121e-02, 7.560240477323532e-02, 7.560000568628311e-02, 7.559999823570251e-02, 7.559999823570251e-02, 7.559999823570251e-02, 1.918716296955836e-09, 1.393053561393745e-09, 1.011404626716228e-09, 7.34329708151904e-10, 5.331661223628714e-10, 3.871032383528927e-10, 1.129288107470927e-09, 1.679452688030381e-09, 8.360321819782257e-02, 7.56145641207695e-02, 7.56000280380249e-02, 7.559999823570251e-02, 7.559999823570251e-02, 7.559999823570251e-02, 1.606080157756651e-09, 1.166069130142944e-09, 8.466106704574347e-10, 8.124717254531787e-08, 8.211699764615332e-08, 2.512275942834208e-09, 8.359393177670427e-08, 8.446036048326278e-08, 1.268198043107986e-01, 7.56886899471283e-02, 7.560016214847565e-02, 7.559999823570251e-02, 7.559999823570251e-02, 7.559999823570251e-02, -2.890536698885162e-09, -2.098634599434497e-09, -1.523681736337323e-09, -1.106245206550227e-09, -8.031636467009662e-10, -5.831187754878897e-10, -4.233629002925454e-10, 8.038370680196749e-08, 8.157858388813111e-08, 7.613834738731384e-02, 7.560097426176071e-02, 7.559999823570251e-02, 7.559999823570251e-02, 7.559999823570251e-02, 7.559999823570251e-02, 2.372575746978356e-10, 1.72257097474926e-10, 8.082920999186172e-08, 1.777571090322283e-09, 3.0604450085292e-09, 3.994075292723664e-09, 8.529988093641805e-08, 8.58849276141882e-08, 7.885779440402985e-02, 7.560592889785767e-02, 7.560001313686371e-02, 7.559999823570251e-02, 7.559999823570251e-02, 7.559999823570251e-02, 2.146501032473935e-10, 1.558433104786872e-10, 1.131476162763434e-10, 8.21490722668905e-11]
conEco[1].yOA=[0e+00, 0e+00, 0e+00, 0e+00, 0e+00, 6.450724601745605e-01, 5.535604953765869e-01, 5.53394615650177e-01, 5.533943176269531e-01, 5.533943176269531e-01, 5.533943176269531e-01, 0e+00, 0e+00, 0e+00, 0e+00, 0e+00, 0e+00, 0e+00, 0e+00, 0e+00, 5.541461110115051e-01, 5.53395688533783e-01, 5.533943176269531e-01, 5.533943176269531e-01, 5.533943176269531e-01, 5.533943176269531e-01, 0e+00, 0e+00, 0e+00, 0e+00, 0e+00, 0e+00, 0e+00, 0e+00, 5.595210194587706e-01, 5.534054636955261e-01, 5.533943176269531e-01, 5.533943176269531e-01, 5.533943176269531e-01, 5.533943176269531e-01, 0e+00, 0e+00, 0e+00, 0e+00, 0e+00, 0e+00, 0e+00, 0e+00, 5.904582738876343e-01, 5.534616112709045e-01, 5.533944368362427e-01, 5.533943176269531e-01, 5.533943176269531e-01, 5.533943176269531e-01, 0e+00, 0e+00, 0e+00, 0e+00, 0e+00, 0e+00, 0e+00, 0e+00, 7.866314053535461e-01, 5.538039207458496e-01, 5.533950924873352e-01, 5.533943176269531e-01, 5.533943176269531e-01, 5.533943176269531e-01, 0e+00, 0e+00, 0e+00, 0e+00, 0e+00, 0e+00, 0e+00, 0e+00, 0e+00, 5.558812618255615e-01, 5.533988475799561e-01, 5.533943176269531e-01, 5.533943176269531e-01, 5.533943176269531e-01, 5.533943176269531e-01, 0e+00, 0e+00, 0e+00, 0e+00, 0e+00, 0e+00, 0e+00, 0e+00, 5.684781670570374e-01, 5.53421676158905e-01, 5.533943772315979e-01, 5.533943176269531e-01, 5.533943176269531e-01, 5.533943176269531e-01, 0e+00, 0e+00, 0e+00, 0e+00]
conEco[1].conV_flow.y=[5.000000074505806e-02, 1e+00, 1e+00, 1e+00, 1e+00, 6.450724601745605e-01, 5.535604953765869e-01, 5.53394615650177e-01, 5.533943176269531e-01, 5.533943176269531e-01, 5.533943176269531e-01, 1e+00, 1e+00, 1e+00, 1e+00, 1e+00, 1e+00, 1e+00, 1e+00, 1e+00, 5.541461110115051e-01, 5.53395688533783e-01, 5.533943176269531e-01, 5.533943176269531e-01, 5.533943176269531e-01, 5.533943176269531e-01, 1e+00, 1e+00, 1e+00, 1e+00, 1e+00, 1e+00, 1e+00, 1e+00, 5.595210194587706e-01, 5.534054636955261e-01, 5.533943176269531e-01, 5.533943176269531e-01, 5.533943176269531e-01, 5.533943176269531e-01, 1e+00, 1e+00, 1e+00, 1e+00, 1e+00, 1e+00, 1e+00, 1e+00, 5.904582738876343e-01, 5.534616112709045e-01, 5.533944368362427e-01, 5.533943176269531e-01, 5.533943176269531e-01, 5.533943176269531e-01, 1e+00, 1e+00, 1e+00, 1e+00, 1e+00, 1e+00, 1e+00, 1e+00, 7.866314053535461e-01, 5.538039207458496e-01, 5.533950924873352e-01, 5.533943176269531e-01, 5.533943176269531e-01, 5.533943176269531e-01, 9.565939307212856e-01, 1e+00, 1e+00, 1e+00, 1e+00, 1e+00, 1e+00, 1e+00, 1e+00, 5.558812618255615e-01, 5.533988475799561e-01, 5.533943176269531e-01, 5.533943176269531e-01, 5.533943176269531e-01, 5.533943176269531e-01, 1e+00, 1e+00, 1e+00, 1e+00, 1e+00, 1e+00, 1e+00, 1e+00, 5.684781670570374e-01, 5.53421676158905e-01, 5.533943772315979e-01, 5.533943176269531e-01, 5.533943176269531e-01, 5.533943176269531e-01, 1e+00, 1e+00, 1e+00, 1e+00]
conEco[1].uOATSup=[0e+00, 0e+00, 0e+00, 0e+00, 0e+00, 0e+00, 0e+00, 0e+00, 0e+00, 0e+00, 0e+00, 0e+00, 0e+00, 0e+00, 0e+00, 0e+00, 0e+00, 0e+00, 0e+00, 0e+00, 0e+00, 0e+00, 0e+00, 0e+00, 0e+00, 0e+00, 0e+00, 0e+00, 0e+00, 0e+00, 0e+00, 0e+00, 0e+00, 0e+00, 0e+00, 0e+00, 0e+00, 0e+00, 0e+00, 0e+00, 0e+00, 0e+00, 0e+00, 0e+00, 0e+00, 0e+00, 0e+00, 0e+00, 0e+00, 0e+00, 0e+00, 0e+00, 0e+00, 0e+00, 0e+00, 0e+00, 0e+00, 0e+00, 0e+00, 0e+00, 0e+00, 0e+00, 0e+00, 0e+00, 0e+00, 0e+00, 0e+00, 0e+00, 0e+00, 0e+00, 0e+00, 0e+00, 0e+00, 0e+00, 0e+00, 0e+00, 0e+00, 0e+00, 0e+00, 0e+00, 0e+00, 0e+00, 0e+00, 0e+00, 0e+00, 0e+00, 0e+00, 0e+00, 0e+00, 0e+00, 0e+00, 0e+00, 0e+00, 0e+00, 0e+00, 0e+00, 0e+00, 0e+00, 0e+00, 0e+00, 0e+00]
