last-generated=2026-09-03
statistics-initialization=
{
  "nonlinear": "1, 1, 1, 1, 1, 1, 1, 0, 1, 0, 1, 0, 1, 0, 1, 0, 1, 0, 1, 0, 1, 0, 1, 0, 1, 0, 1,   2, 0, 2, 0, 2, 0, 2, 0, 38, 0, 0, 0, 0, 1, 1, 1, 1, 1",
  "numerical Jacobians": "0"
}
statistics-simulation=
{
  "linear": "2, 2",
  "nonlinear": "1, 2, 2, 2, 2, 38, 1, 1, 1, 1, 1, 1, 1, 1, 1, 1",
  "number of continuous time states": "201",
  "numerical Jacobians": "0"
}
time=[3.024e+06, 3.456e+06]
loaHea[1].bui.QReqHea_flow=[0e+00, 9.493225708007812e+02, 3.54977392578125e+03, 4.39458447265625e+03, 2.9589153125e+05, 1.8381359375e+05, 3.200260625e+05, 7.4181671875e+04, 2.167645703125e+04, 1.15662470703125e+04, 1.0672275e+05, 2.2364638671875e+04, 1.11800234375e+04, 1.3954861328125e+04, 1.507481875e+05, 8.15220234375e+04, 5.126853515625e+04, 4.920661328125e+04, 1.753485546875e+04, 1.126832885742188e+03, 7.5383271484375e+03, 1.37367978515625e+04, 2.28338671875e+04, 2.7365931640625e+04, 3.7124821875e+05, 2.672950625e+05, 4.0747228125e+05, 1.27899234375e+05, 6.44606171875e+04, 4.228007421875e+04, 1.953594375e+05, 6.5861234375e+04, 1.938912109375e+04, 1.823637109375e+04, 2.06956828125e+05, 1.106841171875e+05, 6.88439296875e+04, 5.960363671875e+04, 2.0522431640625e+04, 1.741843017578125e+03, 6.6513701171875e+03, 9.551298828125e+03, 2.5892623046875e+04, 2.9517029296875e+04, 3.6527796875e+05, 2.75665125e+05, 3.807398125e+05, 1.104560078125e+05, 4.86697421875e+04, 2.555734375e+04, 9.34002109375e+04, 1.2115904296875e+04, 6.60182275390625e+03, 1.1296390625e+04, 1.020401875e+05, 6.076783984375e+04, 4.00853125e+04, 3.972075390625e+04, 1.33900302734375e+04, 0e+00, 8.846060180664062e+02, 3.472963134765625e+03, 4.832275390625e+03, 6.455421875e+03, 2.779866875e+05, 1.73268265625e+05, 2.488240625e+05, 4.81323671875e+04, 1.26875478515625e+04, 5.47889111328125e+03, 3.72345078125e+04, 2.417204345703125e+03, 1.654268188476562e+03, 2.834942138671875e+03, 9.587775e+04, 4.7938921875e+04, 2.7294283203125e+04, 2.950828515625e+04, 1.0987525390625e+04, 0e+00, 0e+00, 1.095909271240234e+02, 1.375607055664062e+03, 1.935897583007812e+03, 1.4607953125e+05, 8.16317109375e+04, 5.449210546875e+04, 3.66879609375e+04, 2.5443546875e+04, 1.7017060546875e+04, 1.7355943359375e+04, 1.3462158203125e+04, 1.523075390625e+04, 1.7201748046875e+04, 1.905946044921875e+03, 0e+00, 0e+00, 0e+00, 4.523660583496094e+02, 3.9840888671875e+03, 3.58901708984375e+03]
loaHea[1].bui.QHea_flow=[0e+00, 8.898995361328125e+02, 3.59943701171875e+03, 4.35372119140625e+03, 2.88489e+05, 1.84583515625e+05, 3.248334375e+05, 7.6143546875e+04, 2.2222341796875e+04, 1.1594376953125e+04, 1.063297890625e+05, 2.2959306640625e+04, 1.116293359375e+04, 1.389523828125e+04, 1.46642625e+05, 8.2809125e+04, 5.140513671875e+04, 4.9175046875e+04, 1.9065396484375e+04, 1.118114501953125e+03, 7.46815234375e+03, 1.36936201171875e+04, 2.23445390625e+04, 2.76791015625e+04, 3.61044375e+05, 2.6809146875e+05, 4.1319959375e+05, 1.3015096875e+05, 6.529805078125e+04, 4.246908984375e+04, 1.94549578125e+05, 6.76979140625e+04, 1.9576470703125e+04, 1.8135056640625e+04, 2.00995375e+05, 1.12504140625e+05, 6.9265125e+04, 5.962159375e+04, 2.2581857421875e+04, 1.731502075195312e+03, 6.63801806640625e+03, 9.336810546875e+03, 2.602207421875e+04, 2.9030623046875e+04, 3.555383125e+05, 2.7636675e+05, 3.8594459375e+05, 1.129867578125e+05, 4.927969921875e+04, 2.5813994140625e+04, 9.312090625e+04, 1.23245166015625e+04, 6.56243896484375e+03, 1.12462490234375e+04, 9.95199296875e+04, 6.157495703125e+04, 4.009107421875e+04, 3.974525390625e+04, 1.42945244140625e+04, 1.869103461503983e-01, 8.793759765625e+02, 3.468128662109375e+03, 4.78852880859375e+03, 6.4655556640625e+03, 2.66932625e+05, 1.739389375e+05, 2.525760625e+05, 4.98543046875e+04, 1.2818685546875e+04, 5.5050263671875e+03, 3.70948046875e+04, 2.43389306640625e+03, 1.653771362304688e+03, 2.808675537109375e+03, 9.32736640625e+04, 4.881849609375e+04, 2.72815390625e+04, 2.9402578125e+04, 1.161681640625e+04, 1.862815171480179e-01, 6.341080367565155e-02, 0e+00, 1.374738891601562e+03, 1.931041748046875e+03, 1.41666359375e+05, 8.27463828125e+04, 5.495209375e+04, 3.6957546875e+04, 2.566373828125e+04, 1.7084009765625e+04, 1.7351826171875e+04, 1.3434279296875e+04, 1.524478515625e+04, 1.712318359375e+04, 2.009711181640625e+03, 1.418076306581497e-01, 5.621086433529854e-02, 3.341562673449516e-02, 4.453872375488281e+02, 3.959833740234375e+03, 3.589489501953125e+03]
loaHea[2].bui.QReqHea_flow=[0e+00, 9.493225708007812e+02, 3.54977392578125e+03, 4.39458447265625e+03, 2.9589153125e+05, 1.8381359375e+05, 3.200260625e+05, 7.4181671875e+04, 2.167645703125e+04, 1.15662470703125e+04, 1.0672275e+05, 2.2364638671875e+04, 1.11800234375e+04, 1.3954861328125e+04, 1.507481875e+05, 8.15220234375e+04, 5.126853515625e+04, 4.920661328125e+04, 1.753485546875e+04, 1.126832885742188e+03, 7.5383271484375e+03, 1.37367978515625e+04, 2.28338671875e+04, 2.7365931640625e+04, 3.7124821875e+05, 2.672950625e+05, 4.0747228125e+05, 1.27899234375e+05, 6.44606171875e+04, 4.228007421875e+04, 1.953594375e+05, 6.5861234375e+04, 1.938912109375e+04, 1.823637109375e+04, 2.06956828125e+05, 1.106841171875e+05, 6.88439296875e+04, 5.960363671875e+04, 2.0522431640625e+04, 1.741843017578125e+03, 6.6513701171875e+03, 9.551298828125e+03, 2.5892623046875e+04, 2.9517029296875e+04, 3.6527796875e+05, 2.75665125e+05, 3.807398125e+05, 1.104560078125e+05, 4.86697421875e+04, 2.555734375e+04, 9.34002109375e+04, 1.2115904296875e+04, 6.60182275390625e+03, 1.1296390625e+04, 1.020401875e+05, 6.076783984375e+04, 4.00853125e+04, 3.972075390625e+04, 1.33900302734375e+04, 0e+00, 8.846060180664062e+02, 3.472963134765625e+03, 4.832275390625e+03, 6.455421875e+03, 2.779866875e+05, 1.73268265625e+05, 2.488240625e+05, 4.81323671875e+04, 1.26875478515625e+04, 5.47889111328125e+03, 3.72345078125e+04, 2.417204345703125e+03, 1.654268188476562e+03, 2.834942138671875e+03, 9.587775e+04, 4.7938921875e+04, 2.7294283203125e+04, 2.950828515625e+04, 1.0987525390625e+04, 0e+00, 0e+00, 1.095909271240234e+02, 1.375607055664062e+03, 1.935897583007812e+03, 1.4607953125e+05, 8.16317109375e+04, 5.449210546875e+04, 3.66879609375e+04, 2.5443546875e+04, 1.7017060546875e+04, 1.7355943359375e+04, 1.3462158203125e+04, 1.523075390625e+04, 1.7201748046875e+04, 1.905946044921875e+03, 0e+00, 0e+00, 0e+00, 4.523660583496094e+02, 3.9840888671875e+03, 3.58901708984375e+03]
loaHea[2].bui.QHea_flow=[0e+00, 1.073333282470703e+02, 4.2331884765625e+03, 4.2971015625e+03, 2.8055165625e+05, 1.8475928125e+05, 3.2483671875e+05, 7.61386328125e+04, 2.222245703125e+04, 1.15943828125e+04, 1.06330046875e+05, 2.2959357421875e+04, 1.11629326171875e+04, 1.3895236328125e+04, 1.46642671875e+05, 8.28042421875e+04, 5.14053359375e+04, 4.91751796875e+04, 1.90656796875e+04, 1.118114135742188e+03, 7.46814599609375e+03, 1.36936171875e+04, 2.23445e+04, 2.7679125e+04, 3.588530625e+05, 2.6809703125e+05, 4.1764040625e+05, 1.301536171875e+05, 6.52984921875e+04, 4.2469203125e+04, 1.94519234375e+05, 6.7695859375e+04, 1.95765703125e+04, 1.8135005859375e+04, 2.0096e+05, 1.125061875e+05, 6.92653828125e+04, 5.962172265625e+04, 2.2582021484375e+04, 1.731501831054688e+03, 6.638017578125e+03, 9.33680078125e+03, 2.6022083984375e+04, 2.9030619140625e+04, 3.542086875e+05, 2.7636975e+05, 3.8909315625e+05, 1.13052515625e+05, 4.9279796875e+04, 2.5814099609375e+04, 9.31211328125e+04, 1.23245302734375e+04, 6.5624375e+03, 1.12462470703125e+04, 9.95199453125e+04, 6.15749609375e+04, 4.0091078125e+04, 3.97452578125e+04, 1.4294525390625e+04, 1.869103461503983e-01, 8.793759765625e+02, 3.468128662109375e+03, 4.78852880859375e+03, 6.4655556640625e+03, 2.674939375e+05, 1.739423125e+05, 2.52576109375e+05, 4.985305859375e+04, 1.28186806640625e+04, 5.50502734375e+03, 3.7094734375e+04, 2.43389501953125e+03, 1.653771362304688e+03, 2.808673095703125e+03, 9.32735546875e+04, 4.881853125e+04, 2.7281541015625e+04, 2.9402580078125e+04, 1.16168212890625e+04, 1.862817108631134e-01, 6.341082602739334e-02, 0e+00, 1.374738891601562e+03, 1.931041625976562e+03, 1.41666375e+05, 8.27417890625e+04, 5.495244921875e+04, 3.6957671875e+04, 2.566380078125e+04, 1.708402734375e+04, 1.7351830078125e+04, 1.3434279296875e+04, 1.52447880859375e+04, 1.71231796875e+04, 2.009734619140625e+03, 1.418085545301437e-01, 5.621109902858734e-02, 3.341573104262352e-02, 4.453870849609375e+02, 3.9598330078125e+03, 3.589489501953125e+03]
loaCoo[1].bui.QReqCoo_flow=[0e+00, 0e+00, 0e+00, 0e+00, 0e+00, 0e+00, -5.339547119140625e+02, -3.32694873046875e+03, -9.840388793945312e+02, -6.12227490234375e+03, -9.533259765625e+03, -9.902181640625e+03, -8.495443359375e+03, -1.0278958984375e+04, -1.0153583984375e+04, 0e+00, 0e+00, 0e+00, 0e+00, 0e+00, 0e+00, 0e+00, 0e+00, 0e+00, 0e+00, 0e+00, -4.992416076660156e+02, -3.1106591796875e+03, -2.382525482177734e+02, -4.572083984375e+03, -8.15827001953125e+03, -8.8536318359375e+03, -7.414298828125e+03, -1.0230013671875e+04, -1.00746240234375e+04, 0e+00, 0e+00, 0e+00, 0e+00, 0e+00, 0e+00, 0e+00, 0e+00, 0e+00, 0e+00, 0e+00, -4.6863232421875e+02, -2.91993994140625e+03, -2.195702514648438e+02, -3.989195556640625e+03, -8.70266015625e+03, -9.702943359375e+03, -8.4947177734375e+03, -1.021785546875e+04, -1.0063189453125e+04, 0e+00, 0e+00, 0e+00, 0e+00, 0e+00, 0e+00, 0e+00, 0e+00, 0e+00, 0e+00, 0e+00, -6.977890625e+02, -4.601482421875e+03, -4.14751123046875e+03, -1.2553451171875e+04, -2.0243689453125e+04, -1.9603640625e+04, -1.2679734375e+04, -1.1632966796875e+04, -1.1368833984375e+04, 0e+00, 0e+00, 0e+00, 0e+00, 0e+00, 0e+00, 0e+00, 0e+00, 0e+00, 0e+00, 0e+00, 0e+00, 0e+00, 0e+00, 0e+00, 0e+00, 0e+00, 0e+00, 0e+00, 0e+00, 0e+00, 0e+00, 0e+00, 0e+00, 0e+00, 0e+00]
loaCoo[1].bui.QCoo_flow=[0e+00, 0e+00, 0e+00, 0e+00, 0e+00, 0e+00, -3.301132583618164e+01, -3.817654296875e+03, -9.4853955078125e+02, -5.926595703125e+03, -9.5276650390625e+03, -9.9685126953125e+03, -8.487591796875e+03, -1.01685166015625e+04, -1.02232666015625e+04, -9.184806823730469e+01, -3.70204758644104e+00, -1.247067093849182e+00, -7.502620220184326e-01, -5.442353487014771e-01, -4.293238818645477e-01, -3.548534512519836e-01, -3.019022047519684e-01, -2.61987179517746e-01, -2.307160645723343e-01, -2.055328339338303e-01, -6.116645050048828e+01, -3.289607421875e+03, -1.624258422851562e+02, -4.41107958984375e+03, -8.105125e+03, -8.9119921875e+03, -7.3677373046875e+03, -1.011547265625e+04, -1.0144216796875e+04, -9.134018707275391e+01, -3.697420835494995e+00, -1.245187163352966e+00, -7.490692138671875e-01, -5.434474945068359e-01, -4.287327527999878e-01, -3.543819189071655e-01, -3.015165030956268e-01, -2.616671621799469e-01, -2.304473966360092e-01, -2.053050249814987e-01, -4.677676010131836e+01, -3.08515380859375e+03, -1.346325531005859e+02, -3.845631591796875e+03, -8.628189453125e+03, -9.7458701171875e+03, -8.482875e+03, -1.01113154296875e+04, -1.0130873046875e+04, -9.133590698242188e+01, -3.697927236557007e+00, -1.245587825775146e+00, -7.492824792861938e-01, -5.436016917228699e-01, -4.288443326950073e-01, -3.544572591781616e-01, -3.015672564506531e-01, -2.617013156414032e-01, -2.304707318544388e-01, -2.053208500146866e-01, -2.302281036376953e+02, -4.85403955078125e+03, -3.909537109375e+03, -1.2317857421875e+04, -2.0210412109375e+04, -1.971638671875e+04, -1.289533984375e+04, -1.15381640625e+04, -1.14409677734375e+04, -9.576696014404297e+01, -3.711321592330933e+00, -1.254395365715027e+00, -7.538633942604065e-01, -5.468371510505676e-01, -4.311462938785553e-01, -3.56071799993515e-01, -3.026888370513916e-01, -2.624818384647369e-01, -2.310141175985336e-01, -2.057000994682312e-01, -1.849257051944733e-01, -1.675884574651718e-01, -1.529228985309601e-01, -1.403745710849762e-01, -1.295309960842133e-01, -1.200788244605064e-01, -1.117758601903915e-01, -1.04432038962841e-01, -9.78962779045105e-02, -9.20470729470253e-02, -8.678789436817169e-02, -8.203471451997757e-02, -7.77200385928154e-02, -7.378681004047394e-02, -7.019083201885223e-02]
loaCoo[2].bui.QReqCoo_flow=[0e+00, 0e+00, 0e+00, 0e+00, 0e+00, 0e+00, -5.339547119140625e+02, -3.32694873046875e+03, -9.840388793945312e+02, -6.12227490234375e+03, -9.533259765625e+03, -9.902181640625e+03, -8.495443359375e+03, -1.0278958984375e+04, -1.0153583984375e+04, 0e+00, 0e+00, 0e+00, 0e+00, 0e+00, 0e+00, 0e+00, 0e+00, 0e+00, 0e+00, 0e+00, -4.992416076660156e+02, -3.1106591796875e+03, -2.382525482177734e+02, -4.572083984375e+03, -8.15827001953125e+03, -8.8536318359375e+03, -7.414298828125e+03, -1.0230013671875e+04, -1.00746240234375e+04, 0e+00, 0e+00, 0e+00, 0e+00, 0e+00, 0e+00, 0e+00, 0e+00, 0e+00, 0e+00, 0e+00, -4.6863232421875e+02, -2.91993994140625e+03, -2.195702514648438e+02, -3.989195556640625e+03, -8.70266015625e+03, -9.702943359375e+03, -8.4947177734375e+03, -1.021785546875e+04, -1.0063189453125e+04, 0e+00, 0e+00, 0e+00, 0e+00, 0e+00, 0e+00, 0e+00, 0e+00, 0e+00, 0e+00, 0e+00, -6.977890625e+02, -4.601482421875e+03, -4.14751123046875e+03, -1.2553451171875e+04, -2.0243689453125e+04, -1.9603640625e+04, -1.2679734375e+04, -1.1632966796875e+04, -1.1368833984375e+04, 0e+00, 0e+00, 0e+00, 0e+00, 0e+00, 0e+00, 0e+00, 0e+00, 0e+00, 0e+00, 0e+00, 0e+00, 0e+00, 0e+00, 0e+00, 0e+00, 0e+00, 0e+00, 0e+00, 0e+00, 0e+00, 0e+00, 0e+00, 0e+00, 0e+00, 0e+00]
loaCoo[2].bui.QCoo_flow=[0e+00, 0e+00, 0e+00, 0e+00, 0e+00, 0e+00, -3.30030517578125e+01, -4.28515234375e+03, -9.476113891601562e+02, -5.8596328125e+03, -9.559935546875e+03, -1.00092607421875e+04, -8.50035546875e+03, -1.01726455078125e+04, -1.02323203125e+04, -9.215790557861328e+01, -3.726624250411987e+00, -1.26555061340332e+00, -7.626394033432007e-01, -5.524267554283142e-01, -4.351793527603149e-01, -3.592449128627777e-01, -3.053069114685059e-01, -2.646983563899994e-01, -2.329245358705521e-01, -2.073673456907272e-01, -6.084714889526367e+01, -3.29408935546875e+03, -1.615704193115234e+02, -4.408015625e+03, -8.105482421875e+03, -8.913359375e+03, -7.36786279296875e+03, -1.0115626953125e+04, -1.01446181640625e+04, -9.135354614257812e+01, -3.698485136032104e+00, -1.245982527732849e+00, -7.496113777160645e-01, -5.438087582588196e-01, -4.289912283420563e-01, -3.545756042003632e-01, -3.016664087772369e-01, -2.617862820625305e-01, -2.305442094802856e-01, -2.053852826356888e-01, -4.676703643798828e+01, -3.085286376953125e+03, -1.345942993164062e+02, -3.84551904296875e+03, -8.628201171875e+03, -9.7459296875e+03, -8.4828935546875e+03, -1.0111322265625e+04, -1.01308857421875e+04, -9.133634185791016e+01, -3.697961568832397e+00, -1.245612025260925e+00, -7.49301016330719e-01, -5.436144471168518e-01, -4.288535416126251e-01, -3.544642329216003e-01, -3.015726506710052e-01, -2.61705607175827e-01, -2.304742187261581e-01, -2.053237557411194e-01, -2.302268218994141e+02, -4.85404833984375e+03, -3.90953125e+03, -1.2317857421875e+04, -2.0210416015625e+04, -1.971638671875e+04, -1.289533984375e+04, -1.15381640625e+04, -1.14409677734375e+04, -9.576696014404297e+01, -3.711321592330933e+00, -1.254394292831421e+00, -7.53864586353302e-01, -5.468383431434631e-01, -4.311472475528717e-01, -3.560725450515747e-01, -3.026894330978394e-01, -2.624823153018951e-01, -2.310145050287247e-01, -2.057004421949387e-01, -1.849259883165359e-01, -1.675886958837509e-01, -1.529230922460556e-01, -1.403747498989105e-01, -1.295311450958252e-01, -1.200789511203766e-01, -1.117759793996811e-01, -1.044321358203888e-01, -9.789637476205826e-02, -9.204715490341187e-02, -8.678796142339706e-02, -8.203478157520294e-02, -7.772009074687958e-02, -7.378686219453812e-02, -7.019088417291641e-02]
pla.PHea=[0e+00, 1.80856328125e+05, 3.2296951171875e+04, 2.1464814453125e+04, 4.663291875e+05, 1.1506378125e+05, 1.59057546875e+05, 1.12808015625e+05, 1.411241796875e+04, 6.08275732421875e+03, 6.324155859375e+04, 1.5198787109375e+04, 6.38460205078125e+03, 7.95448095703125e+03, 8.52683046875e+04, 1.271425e+05, 1.168778359375e+05, 4.1532421875e+04, 1.24033935546875e+04, 2.4448095703125e+03, 4.4386123046875e+03, 7.445810546875e+03, 1.3974603515625e+04, 2.19379921875e+04, 4.5092384375e+05, 2.9481928125e+05, 3.6307378125e+05, 1.82704484375e+05, 4.773605078125e+04, 3.361896484375e+04, 1.58404125e+05, 1.195934296875e+05, 1.13709658203125e+04, 9.79665625e+03, 1.077120390625e+05, 1.090088203125e+05, 4.880215625e+04, 4.74127109375e+04, 1.5378326171875e+04, 2.48034619140625e+03, 4.052224853515625e+03, 5.01088671875e+03, 1.785568359375e+04, 2.2389083984375e+04, 4.58612125e+05, 1.397659375e+05, 3.63855125e+05, 1.35673828125e+05, 3.8196546875e+04, 1.7260009765625e+04, 5.7485515625e+04, 7.148587890625e+03, 4.18996923828125e+03, 6.283318359375e+03, 6.177680078125e+04, 4.882865234375e+04, 3.2544912109375e+04, 3.302623046875e+04, 2.21816109375e+05, 2.247978759765625e+03, 2.256291748046875e+03, 2.83660302734375e+03, 3.298346435546875e+03, 3.935760986328125e+03, 1.54543796875e+05, 1.06602828125e+05, 2.69747125e+05, 3.926246484375e+04, 6.45885107421875e+03, 3.571160888671875e+03, 2.95464453125e+04, 2.7507119140625e+03, 2.62013525390625e+03, 2.821691162109375e+03, 5.906729296875e+04, 4.25274140625e+04, 1.9280099609375e+04, 2.2313705078125e+04, 7.62399072265625e+03, 2.368581787109375e+03, 0e+00, 0e+00, 2.4924541015625e+03, 2.5712373046875e+03, 7.99761875e+04, 5.222116796875e+04, 4.587306640625e+04, 2.91891015625e+04, 2.3116409375e+05, 1.05407978515625e+04, 1.1027583984375e+04, 8.5121025390625e+03, 1.0103318359375e+04, 1.1972912109375e+04, 3.279097412109375e+03, 0e+00, 0e+00, 0e+00, 2.6231650390625e+03, 3.68481103515625e+03, 3.618355224609375e+03]
pla.PCoo=[0e+00, 0e+00, 0e+00, 0e+00, 0e+00, 0e+00, 1.168843746185303e+00, 5.31919091796875e+03, 1.409043212890625e+03, 5.89245556640625e+03, 6.488107421875e+03, 5.22447021484375e+03, 3.5454140625e+03, 3.89136767578125e+03, 4.17189990234375e+03, 4.632792358398438e+02, 0e+00, 0e+00, 0e+00, 0e+00, 0e+00, 0e+00, 0e+00, 0e+00, 0e+00, 0e+00, 3.630803680419922e+01, 1.012839111328125e+03, 4.001871337890625e+02, 1.2254130859375e+03, 2.469210693359375e+03, 2.857641357421875e+03, 2.5394189453125e+03, 3.18263427734375e+03, 3.64761474609375e+03, 4.3381201171875e+02, 0e+00, 0e+00, 0e+00, 0e+00, 0e+00, 0e+00, 0e+00, 0e+00, 0e+00, 0e+00, 2.282705497741699e+01, 8.69070556640625e+02, 4.55767578125e+02, 9.91480712890625e+02, 2.79343212890625e+03, 3.120884033203125e+03, 2.5305947265625e+03, 3.101632080078125e+03, 3.736805419921875e+03, 4.437216491699219e+02, 0e+00, 0e+00, 0e+00, 0e+00, 0e+00, 0e+00, 0e+00, 0e+00, 0e+00, 0e+00, 1.640839233398438e+02, 1.424563110351562e+03, 9.193446655273438e+02, 4.50225732421875e+03, 7.76352392578125e+03, 6.83201220703125e+03, 4.55440380859375e+03, 3.89023095703125e+03, 4.79743994140625e+03, 4.394613647460938e+02, 0e+00, 0e+00, 0e+00, 0e+00, 0e+00, 0e+00, 0e+00, 0e+00, 0e+00, 0e+00, 0e+00, 0e+00, 0e+00, 0e+00, 0e+00, 0e+00, 0e+00, 0e+00, 0e+00, 0e+00, 0e+00, 0e+00, 0e+00, 0e+00, 0e+00]
pla.PFan=[0e+00, 0e+00, 0e+00, 0e+00, 0e+00, 0e+00, 0e+00, 0e+00, 0e+00, 0e+00, 0e+00, 0e+00, 0e+00, 0e+00, 0e+00, 0e+00, 0e+00, 0e+00, 0e+00, 0e+00, 0e+00, 0e+00, 0e+00, 0e+00, 0e+00, 0e+00, 0e+00, 0e+00, 0e+00, 0e+00, 0e+00, 0e+00, 3.968616455078125e+03, 0e+00, 0e+00, 0e+00, 1.018822631835938e+03, 0e+00, 0e+00, 0e+00, 0e+00, 0e+00, 0e+00, 0e+00, 0e+00, 0e+00, 0e+00, 0e+00, 0e+00, 0e+00, 0e+00, 0e+00, 0e+00, 0e+00, 0e+00, 0e+00, 0e+00, 0e+00, 0e+00, 0e+00, 0e+00, 0e+00, 0e+00, 0e+00, 0e+00, 0e+00, 0e+00, 0e+00, 0e+00, 0e+00, 8.051639556884766e+01, 6.036799926757812e+02, 3.245198440551758e+01, 1.469291019439697e+01, 0e+00, 0e+00, 0e+00, 0e+00, 0e+00, 0e+00, 0e+00, 0e+00, 0e+00, 0e+00, 0e+00, 0e+00, 0e+00, 0e+00, 0e+00, 0e+00, 0e+00, 0e+00, 0e+00, 0e+00, 0e+00, 0e+00, 0e+00, 0e+00, 0e+00, 0e+00, 0e+00]
pla.PPum=[0e+00, 1.6053037109375e+04, 6.22766015625e+03, 6.23253125e+03, 2.4249451171875e+04, 1.275465234375e+04, 1.7546181640625e+04, 1.2211466796875e+04, 9.9622333984375e+03, 9.9927666015625e+03, 9.745673828125e+03, 9.3920068359375e+03, 9.399720703125e+03, 9.401138671875e+03, 1.0994875e+04, 1.21963759765625e+04, 1.115316796875e+04, 6.232154296875e+03, 6.21568017578125e+03, 6.232318359375e+03, 6.23282177734375e+03, 6.23262841796875e+03, 6.236228515625e+03, 6.22902197265625e+03, 2.433128125e+04, 2.1200685546875e+04, 2.5649728515625e+04, 1.8850919921875e+04, 9.6515908203125e+03, 9.85178125e+03, 1.57578837890625e+04, 1.22499794921875e+04, 9.984640625e+03, 9.409501953125e+03, 1.21595556640625e+04, 1.6304705078125e+04, 6.508275390625e+03, 6.23152978515625e+03, 6.2108212890625e+03, 6.23233544921875e+03, 6.23242041015625e+03, 6.23368505859375e+03, 6.23089306640625e+03, 6.2362216796875e+03, 2.3757345703125e+04, 1.36001806640625e+04, 2.566117578125e+04, 1.58422744140625e+04, 9.6448837890625e+03, 9.39717578125e+03, 9.4101162109375e+03, 9.39684765625e+03, 9.400091796875e+03, 9.4010673828125e+03, 9.4402734375e+03, 9.384701171875e+03, 6.2308828125e+03, 6.23155224609375e+03, 1.3423302734375e+04, 6.23223095703125e+03, 6.231875e+03, 6.2322216796875e+03, 6.23255712890625e+03, 6.23212890625e+03, 1.3734978515625e+04, 1.278755859375e+04, 2.1203111328125e+04, 9.9058671875e+03, 9.8227880859375e+03, 1.00053603515625e+04, 9.9806591796875e+03, 9.9779169921875e+03, 9.99333984375e+03, 9.9808984375e+03, 9.867435546875e+03, 9.3848017578125e+03, 6.23120068359375e+03, 6.2329501953125e+03, 6.22538671875e+03, 6.23223681640625e+03, 0e+00, 0e+00, 6.23220263671875e+03, 6.23222412109375e+03, 6.4042431640625e+03, 6.16822119140625e+03, 6.2262666015625e+03, 6.22883203125e+03, 1.56865439453125e+04, 6.2313388671875e+03, 6.23214794921875e+03, 6.232298828125e+03, 6.23206201171875e+03, 6.23285107421875e+03, 6.23058251953125e+03, 0e+00, 0e+00, 0e+00, 6.18806787109375e+03, 6.23245068359375e+03, 6.23217822265625e+03]
pla.THeaWatSup.T=[2.931499938964844e+02, 3.331499938964844e+02, 3.331499938964844e+02, 3.331499938964844e+02, 3.237214660644531e+02, 3.331499938964844e+02, 3.331499938964844e+02, 3.331499938964844e+02, 3.331499938964844e+02, 3.331499938964844e+02, 3.331499938964844e+02, 3.331499938964844e+02, 3.331499938964844e+02, 3.331499938964844e+02, 3.331499938964844e+02, 3.331499938964844e+02, 3.331499938964844e+02, 3.331499938964844e+02, 3.331499938964844e+02, 3.331499938964844e+02, 3.331499938964844e+02, 3.331499938964844e+02, 3.331499938964844e+02, 3.331499938964844e+02, 3.327283325195312e+02, 3.331499938964844e+02, 3.331499938964844e+02, 3.331499938964844e+02, 3.331499938964844e+02, 3.331499938964844e+02, 3.331426086425781e+02, 3.331499938964844e+02, 3.331499938964844e+02, 3.331499938964844e+02, 3.329739379882812e+02, 3.331324462890625e+02, 3.331499938964844e+02, 3.331499938964844e+02, 3.331499938964844e+02, 3.331499938964844e+02, 3.331499938964844e+02, 3.331499938964844e+02, 3.331499938964844e+02, 3.331499938964844e+02, 3.330379638671875e+02, 3.331499938964844e+02, 3.331499938964844e+02, 3.331488952636719e+02, 3.331499938964844e+02, 3.331499938964844e+02, 3.331499938964844e+02, 3.331499938964844e+02, 3.331499938964844e+02, 3.331499938964844e+02, 3.331499938964844e+02, 3.331499938964844e+02, 3.331499938964844e+02, 3.331499938964844e+02, 3.331499938964844e+02, 3.331499938964844e+02, 3.331499938964844e+02, 3.331499938964844e+02, 3.331499938964844e+02, 3.331499938964844e+02, 3.325967407226562e+02, 3.331499938964844e+02, 3.331499938964844e+02, 3.331499938964844e+02, 3.331499938964844e+02, 3.331499938964844e+02, 3.331499938964844e+02, 3.331499938964844e+02, 3.331499938964844e+02, 3.331499938964844e+02, 3.331499938964844e+02, 3.331499938964844e+02, 3.331499938964844e+02, 3.331499938964844e+02, 3.331499938964844e+02, 3.331499938964844e+02, 3.331499633789062e+02, 3.331499633789062e+02, 3.331499938964844e+02, 3.331499938964844e+02, 3.331499938964844e+02, 3.331499938964844e+02, 3.331499938964844e+02, 3.331499938964844e+02, 3.331499938964844e+02, 3.331499938964844e+02, 3.331499938964844e+02, 3.331499938964844e+02, 3.331499938964844e+02, 3.331499938964844e+02, 3.331499938964844e+02, 3.331499633789062e+02, 3.331499633789062e+02, 3.331499633789062e+02, 3.331499938964844e+02, 3.331499938964844e+02, 3.331499938964844e+02]
pla.THeaWatPriRet.T=[2.931499938964844e+02, 3.298335571289062e+02, 3.298369445800781e+02, 3.309717712402344e+02, 3.095700073242188e+02, 3.246465148925781e+02, 3.225955505371094e+02, 3.268971862792969e+02, 3.317861938476562e+02, 3.325139770507812e+02, 3.226477661132812e+02, 3.316065979003906e+02, 3.325020751953125e+02, 3.323423156738281e+02, 3.187620544433594e+02, 3.259699096679688e+02, 3.288387145996094e+02, 3.289359436035156e+02, 3.319039611816406e+02, 3.3290185546875e+02, 3.326990051269531e+02, 3.323941650390625e+02, 3.317284240722656e+02, 3.309251708984375e+02, 3.205691833496094e+02, 3.225111389160156e+02, 3.219862976074219e+02, 3.278113403320312e+02, 3.27670166015625e+02, 3.296832885742188e+02, 3.232171325683594e+02, 3.274868469238281e+02, 3.3200341796875e+02, 3.320944519042969e+02, 3.196439208984375e+02, 3.269175109863281e+02, 3.272701416015625e+02, 3.280143432617188e+02, 3.316015014648438e+02, 3.328982238769531e+02, 3.3273876953125e+02, 3.326394653320312e+02, 3.313370666503906e+02, 3.308770141601562e+02, 3.208481750488281e+02, 3.225358581542969e+02, 3.22507568359375e+02, 3.239485473632812e+02, 3.291309814453125e+02, 3.314050598144531e+02, 3.242745361328125e+02, 3.324244995117188e+02, 3.327246704101562e+02, 3.325119018554688e+02, 3.2323681640625e+02, 3.276476440429688e+02, 3.298460693359375e+02, 3.297958374023438e+02, 3.322466735839844e+02, 3.329218139648438e+02, 3.329021606445312e+02, 3.328469543457031e+02, 3.328093566894531e+02, 3.327505187988281e+02, 3.203597106933594e+02, 3.258611145019531e+02, 3.222183532714844e+02, 3.291732482910156e+02, 3.324633483886719e+02, 3.3279150390625e+02, 3.302039794921875e+02, 3.328636779785156e+02, 3.328858642578125e+02, 3.3286376953125e+02, 3.240797729492188e+02, 3.288348693847656e+02, 3.31195068359375e+02, 3.308824157714844e+02, 3.323844604492188e+02, 3.329096984863281e+02, 3.329057006835938e+02, 3.329057006835938e+02, 3.328818969726562e+02, 3.328815307617188e+02, 3.196892395019531e+02, 3.259977722167969e+02, 3.284849243164062e+02, 3.301873779296875e+02, 3.313370361328125e+02, 3.320813598632812e+02, 3.320310668945312e+02, 3.322861328125e+02, 3.321249694824219e+02, 3.319343872070312e+02, 3.328195190429688e+02, 3.328734130859375e+02, 3.32873291015625e+02, 3.32873291015625e+02, 3.328607177734375e+02, 3.327558898925781e+02, 3.327805480957031e+02]
pla.TChiWatSup.T=[2.931499938964844e+02, 2.791499938964844e+02, 2.791499938964844e+02, 2.791499938964844e+02, 2.791499938964844e+02, 2.791499938964844e+02, 2.791499938964844e+02, 2.791499938964844e+02, 2.791499938964844e+02, 2.791499938964844e+02, 2.791499938964844e+02, 2.791499938964844e+02, 2.791499938964844e+02, 2.791499938964844e+02, 2.791499938964844e+02, 2.791499938964844e+02, 2.791499938964844e+02, 2.791499938964844e+02, 2.791499938964844e+02, 2.791499938964844e+02, 2.791499938964844e+02, 2.791499938964844e+02, 2.791499938964844e+02, 2.791499938964844e+02, 2.791499938964844e+02, 2.791499938964844e+02, 2.791499938964844e+02, 2.791499938964844e+02, 2.791499938964844e+02, 2.791499938964844e+02, 2.791499938964844e+02, 2.791499938964844e+02, 2.791499938964844e+02, 2.791499938964844e+02, 2.791499938964844e+02, 2.791499938964844e+02, 2.791499938964844e+02, 2.791499938964844e+02, 2.791499938964844e+02, 2.791499938964844e+02, 2.791499938964844e+02, 2.791499938964844e+02, 2.791499938964844e+02, 2.791499938964844e+02, 2.791499938964844e+02, 2.791499938964844e+02, 2.791499938964844e+02, 2.791499938964844e+02, 2.791499938964844e+02, 2.791499938964844e+02, 2.791499938964844e+02, 2.791499938964844e+02, 2.791499938964844e+02, 2.791499938964844e+02, 2.791499938964844e+02, 2.791499938964844e+02, 2.791499938964844e+02, 2.791499938964844e+02, 2.791499938964844e+02, 2.791499938964844e+02, 2.791499938964844e+02, 2.791499938964844e+02, 2.791499938964844e+02, 2.791499938964844e+02, 2.791499938964844e+02, 2.791499938964844e+02, 2.791500549316406e+02, 2.791499938964844e+02, 2.791499938964844e+02, 2.791499938964844e+02, 2.791499938964844e+02, 2.791499938964844e+02, 2.791499938964844e+02, 2.791499938964844e+02, 2.791499938964844e+02, 2.791499938964844e+02, 2.791499938964844e+02, 2.791499938964844e+02, 2.791499938964844e+02, 2.791499938964844e+02, 2.791499938964844e+02, 2.791499938964844e+02, 2.791499938964844e+02, 2.791499938964844e+02, 2.791499938964844e+02, 2.791499938964844e+02, 2.791499938964844e+02, 2.791499938964844e+02, 2.791499938964844e+02, 2.791499938964844e+02, 2.791499938964844e+02, 2.791499938964844e+02, 2.791499938964844e+02, 2.791499938964844e+02, 2.791499938964844e+02, 2.791499938964844e+02, 2.791499938964844e+02, 2.791499938964844e+02, 2.791499938964844e+02, 2.791499938964844e+02, 2.791499938964844e+02]
pla.TChiWatPriRet.T=[2.931499938964844e+02, 2.791583862304688e+02, 2.791583862304688e+02, 2.791583862304688e+02, 2.791583862304688e+02, 2.791583862304688e+02, 2.791587219238281e+02, 2.801529846191406e+02, 2.79372314453125e+02, 2.801337890625e+02, 2.803904418945312e+02, 2.801654052734375e+02, 2.798550720214844e+02, 2.79939208984375e+02, 2.798830871582031e+02, 2.792337341308594e+02, 2.791917724609375e+02, 2.791919250488281e+02, 2.791919250488281e+02, 2.791919250488281e+02, 2.791919250488281e+02, 2.791919250488281e+02, 2.791919250488281e+02, 2.791919250488281e+02, 2.791919250488281e+02, 2.791919250488281e+02, 2.792154846191406e+02, 2.793327026367188e+02, 2.79232421875e+02, 2.793803100585938e+02, 2.79632080078125e+02, 2.796965637207031e+02, 2.795784301757812e+02, 2.797928771972656e+02, 2.79799072265625e+02, 2.792282104492188e+02, 2.791891479492188e+02, 2.791892700195312e+02, 2.791892700195312e+02, 2.791892700195312e+02, 2.791892700195312e+02, 2.791892700195312e+02, 2.791892700195312e+02, 2.791892700195312e+02, 2.791892700195312e+02, 2.791892700195312e+02, 2.791974792480469e+02, 2.793097229003906e+02, 2.792249145507812e+02, 2.793362731933594e+02, 2.79647705078125e+02, 2.797405700683594e+02, 2.796493835449219e+02, 2.797766723632812e+02, 2.797859497070312e+02, 2.792271118164062e+02, 2.791885986328125e+02, 2.791887512207031e+02, 2.791887512207031e+02, 2.791887512207031e+02, 2.791887512207031e+02, 2.791887512207031e+02, 2.791887512207031e+02, 2.791887512207031e+02, 2.791887512207031e+02, 2.791887512207031e+02, 2.79307373046875e+02, 2.794094848632812e+02, 2.793366394042969e+02, 2.79931640625e+02, 2.804896240234375e+02, 2.804058837890625e+02, 2.799305419921875e+02, 2.798320922851562e+02, 2.798425903320312e+02, 2.79223876953125e+02, 2.791865844726562e+02, 2.791867370605469e+02, 2.791867370605469e+02, 2.791867370605469e+02, 2.791867370605469e+02, 2.791867370605469e+02, 2.791867370605469e+02, 2.791867370605469e+02, 2.791867370605469e+02, 2.791867370605469e+02, 2.791867370605469e+02, 2.791867370605469e+02, 2.791867370605469e+02, 2.791867370605469e+02, 2.791867370605469e+02, 2.791867370605469e+02, 2.791867370605469e+02, 2.791867370605469e+02, 2.791867370605469e+02, 2.791867370605469e+02, 2.791867370605469e+02, 2.791867370605469e+02, 2.791867370605469e+02, 2.791867370605469e+02, 2.791867370605469e+02]
