last-generated=2015-05-08
statistics-simulation={'numerical Jacobians': '0', 'nonlinear': ' ', 'number of continuous time states': '3', 'linear': '2'}
volume.medium.T=[293.149993896484375, 304.00485244206561219471, 309.36361712609954111031, 313.04730246333542709181, 316.1028444917573665407, 318.84176616010705629378, 321.37609895765211831531, 323.72775261753474751458, 325.91079749231465712, 327.93633962922973523746, 329.81515475769958811725, 331.55618296039006054343, 333.16845744416428942714, 334.6602789983576258237, 336.03836051614069901916, 337.31121752757610465778, 338.48507730412813998555, 339.5676878010257837559, 340.56329276847242226722, 341.47897359621816804065, 342.32104467922232515775, 343.09579516114803254823, 343.80697639879491589454, 344.45962498082423053347, 345.0603640764032320476, 345.6148681640625, 346.12292526278088189429, 346.58746289711149302093, 347.01513666940093116864, 347.41027863532445962846, 347.77206379480134046389, 348.1023253633467788859, 348.40625020703697600766, 348.686919809257972247, 348.94378653290931424635, 349.17816175378874277158, 349.39373749436407479152, 349.59277334545930671084, 349.77484139044810262931, 349.94085715929350044462, 350.09353628891420839864, 350.23446660086472093099, 350.36389176223349295469, 350.48239127545838300648, 350.59127810087369425673, 350.69140636332281246723, 350.78341667381408797155, 350.86798096659913426265, 350.94549568421263074924, 351.01635735682805261604, 351.08160400390625, 351.14190679314106091624, 351.1975098666135863823, 351.24877943700755622558, 351.29614247957380257503, 351.33984369943294723271, 351.38018797896791056701, 351.41738894133550275001, 351.4504700218886341645, 351.47991950642483516276, 351.5065612181798542224, 351.53063961547798044194, 351.55249022433434902268, 351.57229615152738233519, 351.59036257327494467972, 351.60653690015840311389, 351.62063595071293775618, 351.6333312784557847408, 351.64486693539231509931, 351.6554260277917478561, 351.66522217924631377173, 351.67453004861420140514, 351.68313596537370813166, 351.69003294617891697271, 351.69635009183559759549, 351.702178955078125, 351.70764160665555664309, 351.71289063489513182503, 351.71807862812397615926, 351.72326659043045538056, 351.72714232943695833455, 351.73071288982464466244, 351.73410034408874480505, 351.73730469284771515959, 351.74041748847218968876, 351.74346923100540607265, 351.74655150930635727491, 351.74929809446621220559, 351.75180053827352821827, 351.75415039389912408296, 351.7563476609793156058, 351.7583618112040539927, 351.76022338561602964546, 351.76190185437735635787, 351.76351928750955266878, 351.76504516783455756013, 351.76644897755608099033, 351.76773070939822218861, 351.76885986124403871145, 351.7698669424862600863, 351.770751953125]
time=[0., 1.]
