last-generated=2015-06-03
statistics-simulation={'numerical Jacobians': '0', 'nonlinear': ' ', 'number of continuous time states': '3', 'linear': '0'}
TOut.T=[263.149993896484375, 263.149993896484375]
vol.T_start=[293.149993896484375, 293.149993896484375]
vol.T=[293.149993896484375, 268.297515869140625, 264.034088134765625, 263.301971435546875, 263.175628662109375, 263.154449462890625, 263.151275634765625, 263.150146484375, 263.14990234375, 263.149810791015625, 263.149871826171875, 263.14990234375, 263.149932861328125, 263.14996337890625, 263.149993896484375, 263.149993896484375, 263.149993896484375, 265.81597900390625, 268.578125, 269.05096435546875, 269.132781982421875, 269.14691162109375, 269.149169921875, 269.149871826171875, 269.149993896484375, 269.149993896484375, 269.149993896484375, 269.149993896484375, 269.149993896484375, 269.149993896484375, 269.149993896484375, 269.149993896484375, 269.149993896484375, 269.149993896484375, 269.149993896484375, 269.149993896484375, 269.149993896484375, 269.149993896484375, 265.634002685546875, 263.57568359375, 263.2230224609375, 263.162872314453125, 263.152069091796875, 263.150360107421875, 263.150115966796875, 263.150054931640625, 263.1500244140625, 263.1500244140625, 263.149993896484375, 263.149993896484375, 263.149993896484375, 263.149993896484375, 263.149993896484375, 263.149993896484375, 263.149993896484375, 263.149993896484375, 263.149993896484375, 263.149993896484375, 263.149993896484375, 263.149993896484375, 263.149993896484375, 263.149993896484375, 263.149993896484375, 263.149993896484375, 263.149993896484375, 263.149993896484375, 263.149993896484375, 265.81597900390625, 268.578125, 269.05096435546875, 269.132781982421875, 269.14691162109375, 269.149169921875, 269.149871826171875, 269.149993896484375, 269.149993896484375, 269.149993896484375, 269.149993896484375, 269.149993896484375, 269.149993896484375, 269.149993896484375, 269.149993896484375, 269.149993896484375, 269.149993896484375, 269.149993896484375, 269.149993896484375, 269.149993896484375, 269.149993896484375, 265.634002685546875, 263.57568359375, 263.2230224609375, 263.162872314453125, 263.152069091796875, 263.150360107421875, 263.150115966796875, 263.150054931640625, 263.1500244140625, 263.1500244140625, 263.149993896484375, 263.149993896484375, 263.149993896484375]
time=[0., 172800.]
