last-generated=2015-05-22
statistics-initialization={'numerical Jacobians': '0', 'nonlinear': '12', 'linear': '19'}
statistics-simulation={'numerical Jacobians': '0', 'nonlinear': '1, 12, 1, 1, 1, 1, 1', 'number of continuous time states': '49', 'linear': '0, 0, 0, 0, 0, 0, 0, 0, 0, 0, 0'}
staRes.minT.Max=[271.54998779296875, 271.54998779296875]
staRes.maxT.Max=[317.95001220703125, 317.95001220703125]
staRes.maxT.Min=[314.75, 314.75]
TRooHou.y=[0., 281.14216308593751136868, 288.92616577148436363132, 296.09096069335936363132, 296.07843627929685226263, 292.38958740234375, 289.69172363281251136868, 291.89758911132810226263, 290.53846435546876136868, 298.91548461914061363132, 278.707733154296875, 284.585418701171875, 300.31586303710935226263, 281.58286132812497726263, 291.77741088867185226263, 299.207550048828125, 293.416595458984375, 291.99901123046873863132, 293.90875854492185226263, 289.62013549804686363132, 297.026947021484375, 296.10943603515625, 292.35093994140623863132, 292.82625122070311363132, 303.660614013671875, 296.137298583984375, 293.11522827148439773737, 298.08781738281248863132, 290.01875000000001136868, 296.68018188476560226263, 297.767974853515625, 297.75802001953127273737, 305.835174560546875, 293.26875610351561363132, 297.77965087890623863132, 298.568511962890625, 291.62953491210936363132, 299.26027832031252273737, 305.12763061523435226263, 296.25703125000001136868, 301.48779296875, 300.57673339843751136868, 297.43494262695310226263, 303.32991333007811363132, 292.44859008789063636868, 300.48028564453125, 298.57183227539064773737, 300.70739135742189773737, 301.33984375, 307.186981201171875, 309.136474609375, 297.94719848632814773737, 307.124664306640625, 303.26190795898435226263, 304.441131591796875, 310.2056884765625, 305.93994750976560226263, 308.83637084960935226263, 312.35554199218751136868, 303.22163085937501136868, 305.721343994140625, 310.33063964843751136868, 302.16635742187497726263, 309.185089111328125, 306.92335205078126136868, 302.78802490234375, 311.36590576171875, 312.83549194335938636868, 306.09993286132811363132, 310.19589843749997726263, 306.60833740234375, 300.78530273437502273737, 304.37976684570310226263, 302.85186157226564773737, 299.42586669921877273737, 300.73883056640625, 300.340667724609375, 294.48184814453122726263, 302.34636840820314773737, 300.16364746093751136868, 304.65069580078125, 310.19512329101564773737, 297.69658813476564773737, 292.91042480468752273737, 295.54945068359376136868, 295.6302490234375, 299.14014892578126136868, 286.46065673828127273737, 292.27632446289061363132, 300.52754516601561363132, 297.1092529296875, 293.48626098632814773737, 286.37088623046872726263, 287.37272949218748863132, 284.01948242187501136868, 291.099212646484375, 285.84673461914064773737, 293.418212890625, 303.21383056640627273737, 289.70267944335938636868, 294.140289306640625]
time=[0., 31536000.]
staRes.minT.Min=[266.75, 266.75]
staRes.minT.Mean=[268.95001220703125, 268.95001220703125]
staRes.maxT.Mean=[316.25, 316.25]
staRes.meanT.Min=[297.649993896484375, 297.649993896484375]
TRooAnn.y=[0., 0., 0., 0., 0., 0., 0., 0., 0., 0., 0., 0., 0., 0., 0., 0., 0., 0., 0., 0., 0., 0., 0., 0., 0., 0., 0., 0., 0., 0., 0., 0., 0., 0., 0., 0., 0., 0., 0., 0., 0., 0., 0., 0., 0., 0., 0., 0., 0., 0., 0., 0., 0., 0., 0., 0., 0., 0., 0., 0., 0., 0., 0., 0., 0., 0., 0., 0., 0., 0., 0., 0., 0., 0., 0., 0., 0., 0., 0., 0., 0., 0., 0., 0., 0., 0., 0., 0., 0., 0., 0., 0., 0., 0., 0., 0., 0., 0., 0., 0., 0.]
staRes.meanT.Mean=[298.350006103515625, 298.350006103515625]
staRes.meanT.Max=[299.04998779296875, 299.04998779296875]
