last-generated=2015-07-07
statistics-initialization={'numerical Jacobians': '0', 'nonlinear': '12', 'linear': '19'}
statistics-simulation={'numerical Jacobians': '0', 'nonlinear': '1, 1, 12, 1, 1, 1, 1', 'number of continuous time states': '49', 'linear': '0, 0, 0, 0, 0, 0, 0, 0, 0, 0, 0'}
staRes.minT.Max=[254.5500030517578125, 254.5500030517578125]
staRes.maxT.Max=[311.649993896484375, 311.649993896484375]
staRes.maxT.Min=[308.649993896484375, 308.649993896484375]
TRooHou.y=[0., 271.30797119140623863132, 273.65858764648436363132, 279.53563842773439773737, 285.69334716796873863132, 275.707763671875, 276.37510375976563636868, 281.844207763671875, 269.42406616210939773737, 282.54849853515622726263, 268.958892822265625, 275.71696777343748863132, 292.48835449218751136868, 273.29165039062502273737, 275.87073364257810226263, 292.528656005859375, 282.794769287109375, 276.6495361328125, 283.73453369140622726263, 277.66201171875002273737, 279.52008056640625, 286.47843017578122726263, 274.38624877929686363132, 282.03621826171877273737, 293.66907958984376136868, 281.074920654296875, 281.42341308593751136868, 290.77171630859373863132, 277.88674316406252273737, 288.28964843749997726263, 290.34490966796875, 286.30534667968748863132, 298.75146484375, 285.44191284179686363132, 287.10979003906248863132, 293.4541015625, 285.65174560546876136868, 289.933258056640625, 300.09161987304685226263, 284.91116943359372726263, 291.455657958984375, 295.30698242187497726263, 287.01341552734373863132, 296.07773437499997726263, 286.25748291015622726263, 295.853973388671875, 289.488250732421875, 295.43854980468751136868, 292.00299682617185226263, 299.20343017578125, 303.838470458984375, 288.70238647460939773737, 303.46162719726561363132, 297.54539794921873863132, 294.046783447265625, 305.37518310546875, 299.07817382812498863132, 298.87945556640625, 307.27467651367186363132, 294.92272338867189773737, 293.61138916015625, 305.89147338867189773737, 290.37650756835938636868, 297.787109375, 300.21904907226564773737, 290.324493408203125, 301.48566284179685226263, 306.63890991210939773737, 291.27466430664060226263, 300.78040161132810226263, 297.929443359375, 286.500244140625, 296.61333007812498863132, 292.11187133789064773737, 284.52741088867185226263, 290.860992431640625, 289.128387451171875, 279.64534912109377273737, 294.62794189453126136868, 285.3736572265625, 285.973663330078125, 299.08040161132811363132, 283.61210937499998863132, 277.69642333984376136868, 287.17597656250001136868, 278.77178955078125, 283.26637573242186363132, 278.93642578125002273737, 276.11478881835938636868, 286.34337768554689773737, 291.128326416015625, 284.68177490234376136868, 278.36939086914060226263, 278.36409912109377273737, 272.64306640625, 282.07562255859375, 274.50670166015623863132, 277.51914672851563636868, 295.21495971679689773737, 271.53759155273439773737, 277.167755126953125]
time=[0., 31536000.]
staRes.minT.Min=[252.9499969482421875, 252.9499969482421875]
staRes.minT.Mean=[253.5500030517578125, 253.5500030517578125]
staRes.maxT.Mean=[309.649993896484375, 309.649993896484375]
staRes.meanT.Min=[287.149993896484375, 287.149993896484375]
TRooAnn.y=[0., 0., 0., 0., 0., 0., 0., 0., 0., 0., 0., 0., 0., 0., 0., 0., 0., 0., 0., 0., 0., 0., 0., 0., 0., 0., 0., 0., 0., 0., 0., 0., 0., 0., 0., 0., 0., 0., 0., 0., 0., 0., 0., 0., 0., 0., 0., 0., 0., 0., 0., 0., 0., 0., 0., 0., 0., 0., 0., 0., 0., 0., 0., 0., 0., 0., 0., 0., 0., 0., 0., 0., 0., 0., 0., 0., 0., 0., 0., 0., 0., 0., 0., 0., 0., 0., 0., 0., 0., 0., 0., 0., 0., 0., 0., 0., 0., 0., 0., 0., 0.]
staRes.meanT.Mean=[287.54998779296875, 287.54998779296875]
staRes.meanT.Max=[288.149993896484375, 288.149993896484375]
