last-generated=2015-05-08
statistics-simulation={'numerical Jacobians': '0', 'nonlinear': ' ', 'number of continuous time states': '1', 'linear': ' '}
volume.medium.T=[293.149993896484375, 297.83874521685561376216, 302.15316790800437729558, 306.12167383699642186912, 309.77209503691386771607, 313.13027929912419722314, 316.2189334993526586004, 319.06021109975870331255, 321.67498823751975578489, 324.08087074979073349823, 326.29425016932208336584, 328.33105480294193512236, 330.20517015568196939057, 331.92923051834645775671, 333.51596060190985326699, 334.97604285961813275208, 336.31964157024685846409, 337.55590798937600993668, 338.69329755316880437022, 339.7397463309821432631, 340.70245333584045965836, 341.58819635302529604814, 342.40307626426130127584, 343.15289276393622230898, 343.84286534220808562168, 344.477691650390625, 345.06195121357342259216, 345.59951726467375010543, 346.09393304846173577971, 346.54904210915191242748, 346.9676814021887025774, 347.35260000888973763722, 347.70697045582295459099, 348.03283650107999847023, 348.33251942756783137156, 348.60833755868554817425, 348.86202967852364054124, 349.0953673240294392599, 349.31015024390927692366, 349.50769069838804625761, 349.68939198516113719961, 349.85659795725212006801, 350.01043720340345544173, 350.15191640611755019563, 350.28210452169145128209, 350.40185560444632528743, 350.51199331932747327301, 350.61331177905594813637, 350.70648202854482633484, 350.79220573138462668794, 350.87103271484375, 350.94354254624226996384, 351.01025402731988833693, 351.07165544063616380299, 351.12820422848943735517, 351.18017572140627180488, 351.22802733272681052767, 351.27209475646617420352, 351.31265265206349113214, 351.34994516159918021003, 351.38427726480722412816, 351.41589351103249327934, 351.44500731075845578744, 351.47177125231223726587, 351.49636844181748074334, 351.51904302004464852871, 351.53988642178683221573, 351.5590514828587060947, 351.57669066160474358185, 351.59289551152329522665, 351.60784913801006723588, 351.62158205940750121954, 351.63421627366972188611, 351.64584348432288152253, 351.65652464845351232725, 351.666412353515625, 351.67547608236770884105, 351.68380738818058262041, 351.69149782325223441148, 351.69854734887508129759, 351.70507811736035819195, 351.71105956893006805331, 351.71655273819482090403, 351.72164917781617532455, 351.72628785380197768973, 351.73059081049012775111, 351.7345275824337704762, 351.73815917801402974874, 351.74151611473644152284, 351.74456787524098899667, 351.74737549446570028522, 351.74993895844102098636, 351.75228881453955409597, 351.75445556487829890102, 351.75640869184280745685, 351.75820923051645650048, 351.7598571813359171756, 351.76138305227510727491, 351.76278686261508710231, 351.76409911992959678173, 351.765350341796875]
time=[0., 1.]
