last-generated=2026-10-10
statistics-simulation=
{
  "linear": " ",
  "nonlinear": "0",
  "number of continuous time states": "7",
  "numerical Jacobians": "0"
}
time=[0e+00, 3e+00]
senPPMTwoPort.ppm=[0e+00, 9.086503825220952e-01, 3.446123270281536e+00, 7.22578951470564e+00, 1.21379800051457e+01, 1.812960689324714e+01, 2.501116007331607e+01, 3.273318277788337e+01, 4.117613377572342e+01, 5.019113209832983e+01, 5.975807567109612e+01, 6.97215608194588e+01, 8.008161425149879e+01, 9.075318661498069e+01, 1.016589098497606e+02, 1.127528883570977e+02, 1.239891092638763e+02, 1.353075139817335e+02, 1.466743387511477e+02, 1.581132534594588e+02, 1.695376648847794e+02, 1.808991564595615e+02, 1.921492822065113e+02, 2.033030251793039e+02, 2.144185227741119e+02, 2.253923797607422e+02, 2.361944987160984e+02, 2.467947379340852e+02, 2.572342620101889e+02, 2.675476363121076e+02, 2.776676715195089e+02, 2.875797095714883e+02, 2.972691718692835e+02, 3.067768524631401e+02, 3.161112729469486e+02, 3.25241194732843e+02, 3.341614863845327e+02, 3.428671223552661e+02, 3.513869058659486e+02, 3.597182734666472e+02, 3.67851214006138e+02, 3.757855174670461e+02, 3.83520815410188e+02, 3.910748996023824e+02, 3.984442926655484e+02, 4.056281986951127e+02, 4.126283885464384e+02, 4.1944675429814e+02, 4.260943478041158e+02, 4.32569665520844e+02, 4.388750610351562e+02, 4.450133419409574e+02, 4.50987407455317e+02, 4.568041012644546e+02, 4.624644461316167e+02, 4.679715314042783e+02, 4.733285919748971e+02, 4.785389643948751e+02, 4.836069320006659e+02, 4.88535189848391e+02, 4.933270033379725e+02, 4.979856501491474e+02, 5.025142800918842e+02, 5.069154073363754e+02, 5.111927245200511e+02, 5.15349358703036e+02, 5.193885472660751e+02, 5.233135388239861e+02, 5.271273851378797e+02, 5.308334431641479e+02, 5.344330556743845e+02, 5.379284536175886e+02, 5.413237208671725e+02, 5.446216978844457e+02, 5.478252533278639e+02, 5.509371337890625e+02, 5.539600858410506e+02, 5.568968560911795e+02, 5.597475666053964e+02, 5.625154522693922e+02, 5.652034217308789e+02, 5.67813837032456e+02, 5.703489348024042e+02, 5.728109733475193e+02, 5.752020278609797e+02, 5.775241735462466e+02, 5.797775935204306e+02, 5.819655226525364e+02, 5.840898364091922e+02, 5.861525216711427e+02, 5.88155270291398e+02, 5.900998522938547e+02, 5.919879766638583e+02, 5.938212913527614e+02, 5.956015053559987e+02, 5.973300224885666e+02, 5.990084775584261e+02, 6.006383010557943e+02, 6.022208832473469e+02, 6.037576889812e+02, 6.05250244140625e+02]
senPPMNoRev.ppm=[0e+00, 9.086503825220952e-01, 3.446123270281536e+00, 7.22578951470564e+00, 1.21379800051457e+01, 1.812960689324714e+01, 2.501116007331607e+01, 3.273318277788337e+01, 4.117613377572342e+01, 5.019113209832983e+01, 5.975807567109612e+01, 6.97215608194588e+01, 8.008161425149879e+01, 9.075318661498069e+01, 1.016589098497606e+02, 1.127528883570977e+02, 1.239891092638763e+02, 1.353075139817335e+02, 1.466743387511477e+02, 1.581132534594588e+02, 1.695376648847794e+02, 1.808991564595615e+02, 1.921492822065113e+02, 2.033030251793039e+02, 2.144185227741119e+02, 2.253923797607422e+02, 2.361944987160984e+02, 2.467947379340852e+02, 2.572342620101889e+02, 2.675476363121076e+02, 2.776676715195089e+02, 2.875797095714883e+02, 2.972691718692835e+02, 3.067768524631401e+02, 3.161112729469486e+02, 3.25241194732843e+02, 3.341614863845327e+02, 3.428671223552661e+02, 3.513869058659486e+02, 3.597182734666472e+02, 3.67851214006138e+02, 3.757855174670461e+02, 3.83520815410188e+02, 3.910748996023824e+02, 3.984442926655484e+02, 4.056281986951127e+02, 4.126283885464384e+02, 4.1944675429814e+02, 4.260943478041158e+02, 4.32569665520844e+02, 4.388750610351562e+02, 4.450133419409574e+02, 4.50987407455317e+02, 4.568041012644546e+02, 4.624644461316167e+02, 4.679715314042783e+02, 4.733285919748971e+02, 4.785389643948751e+02, 4.836069320006659e+02, 4.88535189848391e+02, 4.933270033379725e+02, 4.979856501491474e+02, 5.025142800918842e+02, 5.069154073363754e+02, 5.111927245200511e+02, 5.15349358703036e+02, 5.193885472660751e+02, 5.233135388239861e+02, 5.271273851378797e+02, 5.308334431641479e+02, 5.344330556743845e+02, 5.379284536175886e+02, 5.413237208671725e+02, 5.446216978844457e+02, 5.478252533278639e+02, 5.509371337890625e+02, 5.539600858410506e+02, 5.568968560911795e+02, 5.597475666053964e+02, 5.625154522693922e+02, 5.652034217308789e+02, 5.67813837032456e+02, 5.703489348024042e+02, 5.728109733475193e+02, 5.752020278609797e+02, 5.775241735462466e+02, 5.797775935204306e+02, 5.819655226525364e+02, 5.840898364091922e+02, 5.861525216711427e+02, 5.88155270291398e+02, 5.900998522938547e+02, 5.919879766638583e+02, 5.938212913527614e+02, 5.956015053559987e+02, 5.973300224885666e+02, 5.990084775584261e+02, 6.006383010557943e+02, 6.022208832473469e+02, 6.037576889812e+02, 6.05250244140625e+02]
senPPMVol.ppm=[0e+00, 5.600734828632017e+01, 1.069558432343343e+02, 1.539077399561144e+02, 1.970334204032577e+02, 2.364499436003773e+02, 2.725937111893386e+02, 3.055847236399326e+02, 3.357035268386013e+02, 3.633094997697419e+02, 3.884539698141527e+02, 4.115201013718921e+02, 4.325078028776383e+02, 4.516355677228682e+02, 4.691012035067857e+02, 4.850191710183111e+02, 4.995261889914919e+02, 5.127742959842747e+02, 5.248623574658845e+02, 5.357655053852577e+02, 5.456970749106306e+02, 5.547880262763397e+02, 5.631692433822427e+02, 5.70830383863845e+02, 5.776644224260093e+02, 5.839249877929688e+02, 5.897021537081669e+02, 5.950859370829166e+02, 6.000036050487556e+02, 6.04397399227521e+02, 6.084420196685998e+02, 6.12192259872999e+02, 6.157027612143405e+02, 6.188952627110577e+02, 6.217692888478316e+02, 6.244191324381497e+02, 6.268765834980243e+02, 6.291735829161264e+02, 6.312523202655074e+02, 6.33137880983599e+02, 6.34875058361018e+02, 6.364830312341288e+02, 6.379809574860427e+02, 6.393303238837866e+02, 6.405604837616023e+02, 6.416923209069028e+02, 6.427382203737495e+02, 6.437105723002195e+02, 6.44581663438363e+02, 6.453786613750905e+02, 6.461115112304688e+02, 6.467885138008817e+02, 6.474168101902974e+02, 6.479779046707499e+02, 6.484921874209837e+02, 6.489652713543109e+02, 6.494027717281469e+02, 6.498077387700357e+02, 6.501694945179244e+02, 6.505012209035519e+02, 6.50806702123389e+02, 6.51089721286352e+02, 6.513504027153257e+02, 6.515820313544821e+02, 6.517933962820368e+02, 6.519865109340968e+02, 6.52163696180215e+02, 6.523270874519169e+02, 6.524787599507241e+02, 6.52620849914284e+02, 6.527498783090048e+02, 6.528651729149308e+02, 6.529712521480417e+02, 6.530692136861629e+02, 6.53159789955244e+02, 6.532437744140625e+02, 6.533219605205227e+02, 6.533948365590759e+02, 6.534623414928197e+02, 6.535249636070787e+02, 6.53583068669154e+02, 6.536369017393453e+02, 6.536863402714957e+02, 6.537314452987243e+02, 6.53771972680309e+02, 6.538086548559751e+02, 6.538527833141069e+02, 6.538959962431486e+02, 6.539383543449231e+02, 6.539796141538155e+02, 6.540195922225835e+02, 6.5405786130426e+02, 6.540939941515874e+02, 6.54127441446219e+02, 6.541574707649218e+02, 6.541833496821341e+02, 6.542041625266434e+02, 6.542189330705444e+02, 6.54226562491851e+02, 6.542280273376382e+02, 6.542581787109375e+02]
senPPMRev.ppm=[0e+00, 9.086503825220952e-01, 3.446123270281536e+00, 7.22578951470564e+00, 1.21379800051457e+01, 1.812960689324714e+01, 2.501116007331607e+01, 3.273318277788337e+01, 4.117613377572342e+01, 5.019113209832983e+01, 5.975807567109612e+01, 6.97215608194588e+01, 8.008161425149879e+01, 9.075318661498069e+01, 1.016589098497606e+02, 1.127528883570977e+02, 1.239891092638763e+02, 1.353075139817335e+02, 1.466743387511477e+02, 1.581132534594588e+02, 1.695376648847794e+02, 1.808991564595615e+02, 1.921492822065113e+02, 2.033030251793039e+02, 2.144185227741119e+02, 2.253923797607422e+02, 2.361944987160984e+02, 2.467947379340852e+02, 2.572342620101889e+02, 2.675476363121076e+02, 2.776676715195089e+02, 2.875797095714883e+02, 2.972691718692835e+02, 3.067768524631401e+02, 3.161112729469486e+02, 3.25241194732843e+02, 3.341614863845327e+02, 3.428671223552661e+02, 3.513869058659486e+02, 3.597182734666472e+02, 3.67851214006138e+02, 3.757855174670461e+02, 3.83520815410188e+02, 3.910748996023824e+02, 3.984442926655484e+02, 4.056281986951127e+02, 4.126283885464384e+02, 4.1944675429814e+02, 4.260943478041158e+02, 4.32569665520844e+02, 4.388750610351562e+02, 4.450133419409574e+02, 4.50987407455317e+02, 4.568041012644546e+02, 4.624644461316167e+02, 4.679715314042783e+02, 4.733285919748971e+02, 4.785389643948751e+02, 4.836069320006659e+02, 4.88535189848391e+02, 4.933270033379725e+02, 4.979856501491474e+02, 5.025142800918842e+02, 5.069154073363754e+02, 5.111927245200511e+02, 5.15349358703036e+02, 5.193885472660751e+02, 5.233135388239861e+02, 5.271273851378797e+02, 5.308334431641479e+02, 5.344330556743845e+02, 5.379284536175886e+02, 5.413237208671725e+02, 5.446216978844457e+02, 5.478252533278639e+02, 5.509371337890625e+02, 5.539600858410506e+02, 5.568968560911795e+02, 5.597475666053964e+02, 5.625154522693922e+02, 5.652034217308789e+02, 5.67813837032456e+02, 5.703489348024042e+02, 5.728109733475193e+02, 5.752020278609797e+02, 5.775241735462466e+02, 5.797775935204306e+02, 5.819655226525364e+02, 5.840898364091922e+02, 5.861525216711427e+02, 5.88155270291398e+02, 5.900998522938547e+02, 5.919879766638583e+02, 5.938212913527614e+02, 5.956015053559987e+02, 5.973300224885666e+02, 5.990084775584261e+02, 6.006383010557943e+02, 6.022208832473469e+02, 6.037576889812e+02, 6.05250244140625e+02]
senPPMSta.ppm=[0e+00, 5.600734828632017e+01, 1.069558432343343e+02, 1.539077399561144e+02, 1.970334204032577e+02, 2.364499436003773e+02, 2.725937111893386e+02, 3.055847236399326e+02, 3.357035268386013e+02, 3.633094997697419e+02, 3.884539698141527e+02, 4.115201013718921e+02, 4.325078028776383e+02, 4.516355677228682e+02, 4.691012035067857e+02, 4.850191710183111e+02, 4.995261889914919e+02, 5.127742959842747e+02, 5.248623574658845e+02, 5.357655053852577e+02, 5.456970749106306e+02, 5.547880262763397e+02, 5.631692433822427e+02, 5.70830383863845e+02, 5.776644224260093e+02, 5.839249877929688e+02, 5.897021537081669e+02, 5.950859370829166e+02, 6.000036050487556e+02, 6.04397399227521e+02, 6.084420196685998e+02, 6.12192259872999e+02, 6.157027612143405e+02, 6.188952627110577e+02, 6.217692888478316e+02, 6.244191324381497e+02, 6.268765834980243e+02, 6.291735829161264e+02, 6.312523202655074e+02, 6.33137880983599e+02, 6.34875058361018e+02, 6.364830312341288e+02, 6.379809574860427e+02, 6.393303238837866e+02, 6.405604837616023e+02, 6.416923209069028e+02, 6.427382203737495e+02, 6.437105723002195e+02, 6.44581663438363e+02, 6.453786613750905e+02, 6.461115112304688e+02, 6.467885138008817e+02, 6.474168101902974e+02, 6.479779046707499e+02, 6.484921874209837e+02, 6.489652713543109e+02, 6.494027717281469e+02, 6.498077387700357e+02, 6.501694945179244e+02, 6.505012209035519e+02, 6.50806702123389e+02, 6.51089721286352e+02, 6.513504027153257e+02, 6.515820313544821e+02, 6.517933962820368e+02, 6.519865109340968e+02, 6.52163696180215e+02, 6.523270874519169e+02, 6.524787599507241e+02, 6.52620849914284e+02, 6.527498783090048e+02, 6.528651729149308e+02, 6.529712521480417e+02, 6.530692136861629e+02, 6.53159789955244e+02, 6.532437744140625e+02, 6.533219605205227e+02, 6.533948365590759e+02, 6.534623414928197e+02, 6.535249636070787e+02, 6.53583068669154e+02, 6.536369017393453e+02, 6.536863402714957e+02, 6.537314452987243e+02, 6.53771972680309e+02, 6.538086548559751e+02, 6.538527833141069e+02, 6.538959962431486e+02, 6.539383543449231e+02, 6.539796141538155e+02, 6.540195922225835e+02, 6.5405786130426e+02, 6.540939941515874e+02, 6.54127441446219e+02, 6.541574707649218e+02, 6.541833496821341e+02, 6.542041625266434e+02, 6.542189330705444e+02, 6.54226562491851e+02, 6.542280273376382e+02, 6.542581787109375e+02]
senPPMIn.ppm=[0e+00, 0e+00]
senPPMVol2.ppm=[6.541798095703125e+02, 6.541798095703125e+02]
