last-generated=2026-10-02
statistics-initialization=
{
  "linear": "0, 0, 0, 0, 0, 0",
  "nonlinear": "0, 0, 0, 0, 0, 0, 0, 0, 0, 0, 0, 0, 0, 0, 0, 0, 0, 0, 0, 0, 0, 0, 0, 0, 1, 1, 1,   1, 1, 1, 5, 1, 5, 1, 5, 1, 5, 1, 5, 1, 1",
  "numerical Jacobians": "0"
}
statistics-simulation=
{
  "linear": "0, 0, 0, 0, 0, 0",
  "nonlinear": "1, 5, 1, 5, 1, 5, 1, 5, 1, 5, 1, 1, 1",
  "number of continuous time states": "43",
  "numerical Jacobians": "0"
}
time=[0e+00, 6.048e+05]
bui.maxTSet[1].y=[2.971499938964844e+02, 2.971499938964844e+02]
bui.minTSet[1].y=[2.931499938964844e+02, 2.931499938964844e+02]
bui.znAttic.TAir=[2.931499938964844e+02, 2.696248168945312e+02, 2.647601623535156e+02, 2.633650817871094e+02, 2.627608337402344e+02, 2.640186767578125e+02, 2.708359680175781e+02, 2.774660949707031e+02, 2.775525207519531e+02, 2.762177734375e+02, 2.729598388671875e+02, 2.704551391601562e+02, 2.701816101074219e+02, 2.697094421386719e+02, 2.690176391601562e+02, 2.672326965332031e+02, 2.668397521972656e+02, 2.670538024902344e+02, 2.686611633300781e+02, 2.699333801269531e+02, 2.736177673339844e+02, 2.777817687988281e+02, 2.818801574707031e+02, 2.807268676757812e+02, 2.764589538574219e+02, 2.736166381835938e+02, 2.730738220214844e+02, 2.734976501464844e+02, 2.728435668945312e+02, 2.720896606445312e+02, 2.722489624023438e+02, 2.725906677246094e+02, 2.714765014648438e+02, 2.700828552246094e+02, 2.717578125e+02, 2.752990417480469e+02, 2.77912109375e+02, 2.783533630371094e+02, 2.760372924804688e+02, 2.716868591308594e+02, 2.700904541015625e+02, 2.694209594726562e+02, 2.69435546875e+02, 2.694670715332031e+02, 2.69460693359375e+02, 2.69479736328125e+02, 2.691253967285156e+02, 2.69084228515625e+02, 2.708527526855469e+02, 2.746115417480469e+02, 2.781950988769531e+02, 2.799570007324219e+02, 2.777320556640625e+02, 2.728532104492188e+02, 2.699518737792969e+02, 2.686413879394531e+02, 2.684074096679688e+02, 2.661282043457031e+02, 2.652015991210938e+02, 2.647178344726562e+02, 2.62292236328125e+02, 2.588802795410156e+02, 2.592286682128906e+02, 2.652902221679688e+02, 2.734689636230469e+02, 2.759569091796875e+02, 2.744514770507812e+02, 2.704776916503906e+02, 2.675332946777344e+02, 2.659035034179688e+02, 2.640466918945312e+02, 2.625533142089844e+02, 2.612828063964844e+02, 2.601283264160156e+02, 2.580777893066406e+02, 2.569004821777344e+02, 2.567781982421875e+02, 2.617930603027344e+02, 2.688900756835938e+02, 2.697471923828125e+02, 2.683959655761719e+02, 2.654727783203124e+02, 2.591742858886719e+02, 2.559187622070312e+02, 2.535172576904297e+02, 2.530016021728516e+02, 2.525249786376953e+02, 2.517329864501953e+02, 2.507530059814453e+02, 2.499160003662109e+02, 2.483439025878906e+02, 2.536296234130859e+02, 2.641052551269531e+02, 2.707304992675781e+02, 2.714434204101562e+02, 2.664327392578125e+02, 2.591914672851562e+02, 2.552892608642578e+02, 2.529208374023438e+02, 2.512074127197266e+02, 2.501965179443359e+02]
bui.znCore_ZN.TAir=[2.931499938964844e+02, 2.946950988769531e+02, 2.944135131835938e+02, 2.942106323242188e+02, 2.940286254882812e+02, 2.939566955566406e+02, 2.939712219238281e+02, 2.938870544433594e+02, 2.9370751953125e+02, 2.935421752929688e+02, 2.933799743652344e+02, 2.932565307617188e+02, 2.931695251464844e+02, 2.931498413085938e+02, 2.931498107910156e+02, 2.931500549316406e+02, 2.931500244140625e+02, 2.931500244140625e+02, 2.931499938964844e+02, 2.933421325683594e+02, 2.951775512695312e+02, 2.956441345214844e+02, 2.956264038085938e+02, 2.962158203125e+02, 2.964443664550781e+02, 2.954508666992188e+02, 2.947314758300781e+02, 2.944177551269531e+02, 2.941794738769531e+02, 2.939431762695312e+02, 2.937971801757812e+02, 2.936777648925781e+02, 2.936050415039062e+02, 2.937882690429688e+02, 2.954325256347656e+02, 2.959651489257812e+02, 2.9600341796875e+02, 2.964985656738281e+02, 2.967274475097656e+02, 2.9593505859375e+02, 2.950706787109375e+02, 2.946838989257812e+02, 2.944021911621094e+02, 2.941187133789062e+02, 2.939273376464844e+02, 2.937706298828125e+02, 2.936570129394531e+02, 2.93638916015625e+02, 2.950994567871094e+02, 2.9580810546875e+02, 2.961666259765625e+02, 2.96330078125e+02, 2.965955505371094e+02, 2.9655322265625e+02, 2.951290588378906e+02, 2.946856994628906e+02, 2.944276733398438e+02, 2.941355285644531e+02, 2.939003601074219e+02, 2.937366027832031e+02, 2.935840759277344e+02, 2.935498046875e+02, 2.947767639160156e+02, 2.957921142578125e+02, 2.96230224609375e+02, 2.965853881835938e+02, 2.969353332519531e+02, 2.970769348144531e+02, 2.955730285644531e+02, 2.950321350097656e+02, 2.946075134277344e+02, 2.942598266601562e+02, 2.939699401855469e+02, 2.937612609863281e+02, 2.935776977539062e+02, 2.934502563476562e+02, 2.936017150878906e+02, 2.955048828125e+02, 2.959613647460938e+02, 2.957955017089844e+02, 2.961849365234375e+02, 2.963682556152344e+02, 2.953637084960938e+02, 2.945148315429688e+02, 2.941159057617188e+02, 2.938154296875e+02, 2.933634643554688e+02, 2.931499938964844e+02, 2.931498718261719e+02, 2.931489562988281e+02, 2.931495666503906e+02, 2.935099792480469e+02, 2.936332702636719e+02, 2.933365173339844e+02, 2.932196350097656e+02, 2.933021850585938e+02, 2.931471252441406e+02, 2.931499938964844e+02, 2.931501159667969e+02, 2.931500854492188e+02, 2.931499938964844e+02]
bui.znPerimeter_ZN_1.TAir=[2.931499938964844e+02, 2.931474914550781e+02, 2.931492004394531e+02, 2.931505126953125e+02, 2.931505737304688e+02, 2.931475219726562e+02, 2.943126831054688e+02, 2.9483984375e+02, 2.933582458496094e+02, 2.93151123046875e+02, 2.931501770019531e+02, 2.931498107910156e+02, 2.931499633789062e+02, 2.931496276855469e+02, 2.931495056152344e+02, 2.931500244140625e+02, 2.931502990722656e+02, 2.931499938964844e+02, 2.931500549316406e+02, 2.931503295898438e+02, 2.937262573242188e+02, 2.942290954589844e+02, 2.942869567871094e+02, 2.946596984863281e+02, 2.945689086914062e+02, 2.933353271484375e+02, 2.931488647460938e+02, 2.931497192382812e+02, 2.931507568359375e+02, 2.931503601074219e+02, 2.931499938964844e+02, 2.931497192382812e+02, 2.931500244140625e+02, 2.931491088867188e+02, 2.936070861816406e+02, 2.942753601074219e+02, 2.94333984375e+02, 2.948003540039062e+02, 2.947978515625e+02, 2.935882568359375e+02, 2.931498718261719e+02, 2.931507263183594e+02, 2.931504211425781e+02, 2.931497802734375e+02, 2.931498107910156e+02, 2.93150146484375e+02, 2.931499938964844e+02, 2.931499938964844e+02, 2.932952270507812e+02, 2.93924072265625e+02, 2.943574829101562e+02, 2.944778137207031e+02, 2.94524658203125e+02, 2.94085205078125e+02, 2.931520690917969e+02, 2.931500549316406e+02, 2.931487731933594e+02, 2.931500854492188e+02, 2.931500854492188e+02, 2.9314990234375e+02, 2.931499938964844e+02, 2.931500549316406e+02, 2.931486206054688e+02, 2.955065307617188e+02, 3.014519653320312e+02, 3.005936279296875e+02, 2.998826293945312e+02, 2.985343933105469e+02, 2.953804626464843e+02, 2.938466186523438e+02, 2.931487426757812e+02, 2.931505737304688e+02, 2.931502685546875e+02, 2.931497192382812e+02, 2.931500854492188e+02, 2.931499938964844e+02, 2.93158935546875e+02, 2.949248352050781e+02, 2.956722412109375e+02, 2.946476440429688e+02, 2.946755065917969e+02, 2.9452734375e+02, 2.931480712890625e+02, 2.931504516601562e+02, 2.931498413085938e+02, 2.931499938964844e+02, 2.931500244140625e+02, 2.931499633789062e+02, 2.93149169921875e+02, 2.931497497558594e+02, 2.931501770019531e+02, 2.931421203613281e+02, 2.943600463867188e+02, 2.95100830078125e+02, 2.951225280761719e+02, 2.940066833496094e+02, 2.931509094238281e+02, 2.931498107910156e+02, 2.931500854492188e+02, 2.931499938964844e+02, 2.931499938964844e+02]
bui.znPerimeter_ZN_2.TAir=[2.931499938964844e+02, 2.931479187011719e+02, 2.931498718261719e+02, 2.931506042480469e+02, 2.931499633789062e+02, 2.931528015136719e+02, 2.931493530273438e+02, 2.931502075195312e+02, 2.931500244140625e+02, 2.931498718261719e+02, 2.931499938964844e+02, 2.931500244140625e+02, 2.931499938964844e+02, 2.931497497558594e+02, 2.931498413085938e+02, 2.931500244140625e+02, 2.931499938964844e+02, 2.931500549316406e+02, 2.931500244140625e+02, 2.931498413085938e+02, 2.933628540039062e+02, 2.937294311523438e+02, 2.936655578613281e+02, 2.940462036132812e+02, 2.94047607421875e+02, 2.931499633789062e+02, 2.931492614746094e+02, 2.931499633789062e+02, 2.931509399414062e+02, 2.931500244140625e+02, 2.931498718261719e+02, 2.931499938964844e+02, 2.931500854492188e+02, 2.931499328613281e+02, 2.933894958496094e+02, 2.938295593261719e+02, 2.937506103515625e+02, 2.941422729492188e+02, 2.941849975585938e+02, 2.931846008300781e+02, 2.931505737304688e+02, 2.93150390625e+02, 2.931497802734375e+02, 2.931498413085938e+02, 2.931500854492188e+02, 2.931500549316406e+02, 2.931499938964844e+02, 2.931499938964844e+02, 2.931499938964844e+02, 2.936109924316406e+02, 2.938961791992188e+02, 2.939888000488281e+02, 2.940686645507812e+02, 2.937362365722656e+02, 2.931504211425781e+02, 2.931496276855469e+02, 2.931499328613281e+02, 2.931501770019531e+02, 2.931499938964844e+02, 2.931499328613281e+02, 2.931500854492188e+02, 2.931499938964844e+02, 2.931504821777344e+02, 2.943117980957031e+02, 2.939734802246094e+02, 2.941713256835938e+02, 2.943323974609375e+02, 2.941165161132812e+02, 2.931484375e+02, 2.93150146484375e+02, 2.93150146484375e+02, 2.931498718261719e+02, 2.931500244140625e+02, 2.931500244140625e+02, 2.931499938964844e+02, 2.931499938964844e+02, 2.93158447265625e+02, 2.938617858886719e+02, 2.935866394042969e+02, 2.931497192382812e+02, 2.931981201171875e+02, 2.931499938964844e+02, 2.931505126953125e+02, 2.9314990234375e+02, 2.931499938964844e+02, 2.931500244140625e+02, 2.931499938964844e+02, 2.931499938964844e+02, 2.931493530273438e+02, 2.931499328613281e+02, 2.931500854492188e+02, 2.931478881835938e+02, 2.931488647460938e+02, 2.931500244140625e+02, 2.931499938964844e+02, 2.9314990234375e+02, 2.931500244140625e+02, 2.931499938964844e+02, 2.931499938964844e+02, 2.931499938964844e+02, 2.931499938964844e+02]
bui.znPerimeter_ZN_3.TAir=[2.931499938964844e+02, 2.931475830078125e+02, 2.931493225097656e+02, 2.931505126953125e+02, 2.931504211425781e+02, 2.931501770019531e+02, 2.931500854492188e+02, 2.931499938964844e+02, 2.931500549316406e+02, 2.931499938964844e+02, 2.931499328613281e+02, 2.931500244140625e+02, 2.931499938964844e+02, 2.931498413085938e+02, 2.931498413085938e+02, 2.931499938964844e+02, 2.931501159667969e+02, 2.931500549316406e+02, 2.931501770019531e+02, 2.93150146484375e+02, 2.933523559570312e+02, 2.937478637695312e+02, 2.936949157714844e+02, 2.941017150878906e+02, 2.941435241699219e+02, 2.931500854492188e+02, 2.931492004394531e+02, 2.931498107910156e+02, 2.931506652832031e+02, 2.931502380371094e+02, 2.931499633789062e+02, 2.931498107910156e+02, 2.931500244140625e+02, 2.93149658203125e+02, 2.933923034667969e+02, 2.938596496582031e+02, 2.938578491210938e+02, 2.942789306640625e+02, 2.943593444824219e+02, 2.933721008300781e+02, 2.9314990234375e+02, 2.931506042480469e+02, 2.931503295898438e+02, 2.931498107910156e+02, 2.931498413085938e+02, 2.931501159667969e+02, 2.931499938964844e+02, 2.931499938964844e+02, 2.931993408203125e+02, 2.936975708007812e+02, 2.940401916503906e+02, 2.941668395996094e+02, 2.942778625488281e+02, 2.939750061035156e+02, 2.9315185546875e+02, 2.931500549316406e+02, 2.931488647460938e+02, 2.931500244140625e+02, 2.931500854492188e+02, 2.931499328613281e+02, 2.9314990234375e+02, 2.931500549316406e+02, 2.931599426269531e+02, 2.931514282226562e+02, 2.933127746582031e+02, 2.9343115234375e+02, 2.936763000488281e+02, 2.936531372070312e+02, 2.931490478515625e+02, 2.93149658203125e+02, 2.931501770019531e+02, 2.931499938964844e+02, 2.9314990234375e+02, 2.931500549316406e+02, 2.931499938964844e+02, 2.931499938964844e+02, 2.93151123046875e+02, 2.931517028808594e+02, 2.931499633789062e+02, 2.931503295898438e+02, 2.931501159667969e+02, 2.931500854492188e+02, 2.931499328613281e+02, 2.931500244140625e+02, 2.931499328613281e+02, 2.931500244140625e+02, 2.931499938964844e+02, 2.931499938964844e+02, 2.931494140625e+02, 2.931498413085938e+02, 2.931500854492188e+02, 2.931497192382812e+02, 2.931501159667969e+02, 2.931500244140625e+02, 2.931499938964844e+02, 2.931499938964844e+02, 2.931499633789062e+02, 2.931500244140625e+02, 2.931499938964844e+02, 2.931499938964844e+02, 2.931499938964844e+02]
bui.znPerimeter_ZN_4.TAir=[2.931499938964844e+02, 2.931475830078125e+02, 2.931499328613281e+02, 2.931505737304688e+02, 2.931499328613281e+02, 2.931502990722656e+02, 2.931500244140625e+02, 2.931499938964844e+02, 2.931499938964844e+02, 2.931498413085938e+02, 2.931500244140625e+02, 2.931500244140625e+02, 2.931499938964844e+02, 2.931498413085938e+02, 2.9314990234375e+02, 2.931498413085938e+02, 2.931500549316406e+02, 2.931500549316406e+02, 2.931499938964844e+02, 2.931498413085938e+02, 2.932076110839844e+02, 2.935838317871094e+02, 2.935585021972656e+02, 2.940106201171875e+02, 2.940220336914062e+02, 2.931502380371094e+02, 2.931492919921875e+02, 2.931499633789062e+02, 2.931508483886719e+02, 2.931500244140625e+02, 2.931498718261719e+02, 2.931500244140625e+02, 2.931500854492188e+02, 2.931499938964844e+02, 2.932024230957031e+02, 2.936524658203125e+02, 2.936576843261719e+02, 2.941971435546875e+02, 2.943605346679688e+02, 2.932224426269531e+02, 2.931505737304688e+02, 2.931504516601562e+02, 2.931497802734375e+02, 2.931498413085938e+02, 2.931500854492188e+02, 2.931500244140625e+02, 2.931499938964844e+02, 2.931499938964844e+02, 2.931499938964844e+02, 2.934945373535156e+02, 2.938311462402344e+02, 2.940057983398438e+02, 2.941477966308594e+02, 2.937599792480469e+02, 2.931504211425781e+02, 2.931495971679688e+02, 2.931499328613281e+02, 2.931501770019531e+02, 2.931499938964844e+02, 2.931499328613281e+02, 2.931500854492188e+02, 2.931499938964844e+02, 2.931479187011719e+02, 2.931521301269531e+02, 2.934147338867188e+02, 2.941633911132812e+02, 2.950137023925781e+02, 2.943094482421875e+02, 2.931483154296875e+02, 2.93150146484375e+02, 2.93150146484375e+02, 2.931498718261719e+02, 2.931500244140625e+02, 2.931500244140625e+02, 2.931499938964844e+02, 2.931499938964844e+02, 2.931510314941406e+02, 2.931505737304688e+02, 2.931499938964844e+02, 2.931499938964844e+02, 2.931804809570312e+02, 2.933370056152344e+02, 2.931505737304688e+02, 2.9314990234375e+02, 2.931500244140625e+02, 2.931500244140625e+02, 2.931499938964844e+02, 2.931499938964844e+02, 2.931493530273438e+02, 2.931499633789062e+02, 2.931500854492188e+02, 2.931500854492188e+02, 2.931502990722656e+02, 2.931500244140625e+02, 2.931494445800781e+02, 2.931505126953125e+02, 2.931500244140625e+02, 2.931499938964844e+02, 2.931499938964844e+02, 2.931499938964844e+02, 2.931499938964844e+02]
bui.terUni[1].QActHea_flow=[-0e+00, 0e+00, 0e+00, 0e+00, 0e+00, 0e+00, 0e+00, 0e+00, 0e+00, 0e+00, 0e+00, 0e+00, 0e+00, 3.963139343261719e+01, 8.623006439208983e+01, 1.945368194580078e+01, 4.60792350769043e+01, 7.232673645019536e+01, 1.162940979003906e+01, 0e+00, 0e+00, 0e+00, 0e+00, 0e+00, 0e+00, 0e+00, 0e+00, 0e+00, 0e+00, 0e+00, 0e+00, 0e+00, 0e+00, 0e+00, 0e+00, 0e+00, 0e+00, 0e+00, 0e+00, 0e+00, 0e+00, 0e+00, 0e+00, 0e+00, 0e+00, 0e+00, 0e+00, 0e+00, 0e+00, 0e+00, 0e+00, 0e+00, 0e+00, 0e+00, 0e+00, 0e+00, 0e+00, 0e+00, 0e+00, 0e+00, 0e+00, 0e+00, 0e+00, 0e+00, 0e+00, 0e+00, 0e+00, 0e+00, 0e+00, 0e+00, 0e+00, 0e+00, 0e+00, 0e+00, 0e+00, 0e+00, 0e+00, 0e+00, 0e+00, 0e+00, 0e+00, 0e+00, 0e+00, 0e+00, 0e+00, 0e+00, 0e+00, 3.574124908447266e+01, 1.67814697265625e+02, 2.904381103515625e+02, 1.970238952636719e+02, 0e+00, 0e+00, 0e+00, 0e+00, 0e+00, 2.504882049560547e+02, 3.96751708984375e+02, 4.34251220703125e+02, 4.622048645019531e+02, 4.912715148925781e+02]
bui.terUni[2].QActHea_flow=[-0e+00, 4.242675476074219e+02, 6.185518798828125e+02, 7.4084814453125e+02, 8.440870361328125e+02, 3.605492553710938e+02, 0e+00, 0e+00, 0e+00, 2.441390533447266e+02, 5.754756469726562e+02, 7.054711303710938e+02, 7.61861572265625e+02, 8.125100708007812e+02, 8.85593505859375e+02, 9.0649755859375e+02, 9.353372192382812e+02, 9.387328491210938e+02, 9.101052856445312e+02, 8.010440063476562e+02, 0e+00, 0e+00, 0e+00, 0e+00, 0e+00, 0e+00, 3.522054443359375e+02, 5.0301318359375e+02, 6.484992675781245e+02, 7.450884399414062e+02, 8.055127563476562e+02, 8.558931274414062e+02, 9.073245239257812e+02, 8.247498779296875e+02, 0e+00, 0e+00, 0e+00, 0e+00, 0e+00, 0e+00, 3.536615295410156e+02, 5.498227539062476e+02, 6.888807373046875e+02, 8.053189086914062e+02, 8.77798095703125e+02, 9.317742309570312e+02, 9.581629028320312e+02, 9.504984741210938e+02, 0e+00, 0e+00, 0e+00, 0e+00, 0e+00, 0e+00, 4.814024963378906e+02, 6.872977905273438e+02, 8.150817871093752e+02, 9.461239013671853e+02, 1.007849914550781e+03, 1.050320556640625e+03, 1.153933959960938e+03, 1.200906616210938e+03, 3.0757373046875e+02, 0e+00, 0e+00, 0e+00, 0e+00, 0e+00, 0e+00, 0e+00, 1.26417366027832e+02, 4.875055541992188e+02, 7.171729736328125e+02, 8.653233032226562e+02, 1.000770446777344e+03, 1.077253540039062e+03, 9.016369018554688e+02, 0e+00, 0e+00, 0e+00, 0e+00, 0e+00, 3.660866394042858e+02, 8.713763427734375e+02, 1.03210791015625e+03, 1.140163452148438e+03, 1.267430297851562e+03, 1.329008422851562e+03, 1.387802368164062e+03, 1.432988037109375e+03, 1.421183715820312e+03, 3.315195922851562e+02, 0e+00, 0e+00, 0e+00, 0e+00, 9.199041748046875e+02, 1.119487060546875e+03, 1.1848701171875e+03, 1.24573193359375e+03, 1.292508056640625e+03]
bui.terUni[3].QActHea_flow=[-0e+00, 3.649734191894531e+02, 5.084609069824219e+02, 5.9003759765625e+02, 6.65806884765625e+02, 2.895532836914062e+02, 1.578445892333984e+02, 4.27022216796875e+02, 4.9852587890625e+02, 5.75223388671875e+02, 6.480430908203125e+02, 6.879874267578125e+02, 7.048909912109375e+02, 7.20220458984375e+02, 7.55774658203125e+02, 7.530657958984375e+02, 7.648967895507812e+02, 7.5864892578125e+02, 7.317133178710938e+02, 6.46472900390625e+02, 0e+00, 0e+00, 0e+00, 0e+00, 0e+00, 9.338674163818359e+01, 3.604775390625e+02, 4.397565307617188e+02, 5.187078247070312e+02, 5.82802001953125e+02, 6.203220825195312e+02, 6.504351196289062e+02, 6.808663940429688e+02, 6.127200927734375e+02, 0e+00, 0e+00, 0e+00, 0e+00, 0e+00, 0e+00, 3.506520690917969e+02, 4.568107910156241e+02, 5.454549560546875e+02, 6.225616455078125e+02, 6.672918090820312e+02, 7.032000122070312e+02, 7.20576416015625e+02, 7.109375610351562e+02, 1.136807441711426e+01, 0e+00, 0e+00, 0e+00, 0e+00, 0e+00, 3.952716979980469e+02, 5.312736206054688e+02, 6.176277465820303e+02, 7.066024169921862e+02, 7.551356201171875e+02, 7.879228515625e+02, 8.683803100585938e+02, 9.068805541992188e+02, 1.345108642578125e+02, 0e+00, 0e+00, 0e+00, 0e+00, 0e+00, 3.1360479736328e+02, 5.130771484374972e+02, 6.489085693359375e+02, 7.4641552734375e+02, 8.310553588867188e+02, 8.7417919921875e+02, 9.26859619140625e+02, 9.539066162109375e+02, 7.492651977539062e+02, 0e+00, 0e+00, 8.082388305664062e+01, 0e+00, 3.927667999267574e+01, 5.903640136718714e+02, 8.279094848632812e+02, 9.128640747070312e+02, 9.72055419921875e+02, 1.0576630859375e+03, 1.096425048828125e+03, 1.136411376953125e+03, 1.167098388671875e+03, 1.151135986328125e+03, 4.703743591308594e+02, 5.4666162109375e+02, 8.549552001953125e+02, 8.642799072265625e+02, 9.112578735351562e+02, 1.062107788085938e+03, 1.112543579101562e+03, 1.12728369140625e+03, 1.145617431640625e+03, 1.1589755859375e+03]
bui.terUni[4].QActHea_flow=[-0e+00, 5.558666381835938e+02, 7.382696533203125e+02, 8.377909545898438e+02, 9.192200317382812e+02, 9.286544799804688e+02, 8.909395141601562e+02, 8.705564575195312e+02, 8.8718115234375e+02, 9.4311474609375e+02, 9.986885375976562e+02, 1.028564086914062e+03, 1.039663696289062e+03, 1.046645629882812e+03, 1.072586181640625e+03, 1.063012939453125e+03, 1.06857275390625e+03, 1.058792846679688e+03, 1.020579895019531e+03, 9.202639770507812e+02, 0e+00, 0e+00, 0e+00, 0e+00, 0e+00, 8.142073059082031e+01, 5.053054809570312e+02, 6.1774658203125e+02, 7.251448974609372e+02, 7.972308349609375e+02, 8.440879516601562e+02, 8.812442016601562e+02, 9.165059204101562e+02, 8.417689819335938e+02, 0e+00, 0e+00, 0e+00, 0e+00, 0e+00, 0e+00, 4.463307495117188e+02, 6.103980102539044e+02, 7.238109741210938e+02, 8.24141357421875e+02, 8.823228149414062e+02, 9.26439208984375e+02, 9.479493408203125e+02, 9.365333251953125e+02, 0e+00, 0e+00, 0e+00, 0e+00, 0e+00, 0e+00, 4.973448791503906e+02, 6.84396728515625e+02, 8.012851562500003e+02, 9.158637695312482e+02, 9.748905639648438e+02, 1.010865600585938e+03, 1.106151977539062e+03, 1.145375e+03, 5.5392919921875e+02, 5.984480285644531e+01, 0e+00, 0e+00, 0e+00, 0e+00, 6.949413452148448e+02, 8.701343383789037e+02, 9.849473266601562e+02, 1.065414184570312e+03, 1.141654418945312e+03, 1.17484228515625e+03, 1.219732299804688e+03, 1.241158447265625e+03, 1.180985473632812e+03, 3.469451293945312e+02, 1.394735565185547e+02, 3.33951171875e+02, 8.356739044189453e+01, 1.341658782958995e+02, 8.940999145507773e+02, 1.135077880859375e+03, 1.213724853515625e+03, 1.270877197265625e+03, 1.356242553710938e+03, 1.391768188476562e+03, 1.428982421875e+03, 1.45676806640625e+03, 1.434417236328125e+03, 1.284802368164062e+03, 1.22403515625e+03, 1.300605346679688e+03, 1.31539404296875e+03, 1.323123291015625e+03, 1.425061279296875e+03, 1.456116333007812e+03, 1.459857177734375e+03, 1.469881591796875e+03, 1.476756225585938e+03]
bui.terUni[5].QActHea_flow=[-0e+00, 4.094129028320312e+02, 5.491148071289062e+02, 6.258402099609375e+02, 6.97040771484375e+02, 6.929671020507812e+02, 6.155296630859375e+02, 5.5960693359375e+02, 5.591095581054688e+02, 5.840446166992188e+02, 7.1820751953125e+02, 7.58962890625e+02, 7.695010375976562e+02, 7.779595947265625e+02, 8.016354370117188e+02, 7.976179809570312e+02, 8.042610473632812e+02, 7.98706787109375e+02, 7.649674682617188e+02, 6.82933349609375e+02, 0e+00, 0e+00, 0e+00, 0e+00, 0e+00, 1.266410064697266e+02, 3.889442749023438e+02, 4.641807556152344e+02, 5.372156372070312e+02, 5.961785888671875e+02, 6.346909790039062e+02, 6.63840576171875e+02, 6.927911987304688e+02, 6.398828735351562e+02, 0e+00, 0e+00, 0e+00, 0e+00, 0e+00, 0e+00, 3.446304626464844e+02, 4.577628784179677e+02, 5.457279663085938e+02, 6.229334106445312e+02, 6.6657080078125e+02, 7.019929809570312e+02, 7.210186767578125e+02, 7.121688842773438e+02, 6.421260833740234e+01, 0e+00, 0e+00, 0e+00, 0e+00, 0e+00, 3.965144653320312e+02, 5.331002807617188e+02, 6.21207214355468e+02, 7.061660766601551e+02, 7.550665283203125e+02, 7.852052001953125e+02, 8.6769677734375e+02, 9.060916137695312e+02, 5.070116577148438e+02, 7.265044403076172e+01, 0e+00, 0e+00, 0e+00, 0e+00, 3.123206481933581e+02, 5.162344360351535e+02, 6.482413330078125e+02, 7.438524169921875e+02, 8.293363037109375e+02, 8.707168579101562e+02, 9.22635009765625e+02, 9.49765625e+02, 9.004996948242188e+02, 2.275915832519531e+02, 6.621760559082031e+01, 2.047494659423828e+02, 0e+00, 0e+00, 6.297129516601525e+02, 8.621262817382812e+02, 9.367423706054688e+02, 9.921571655273438e+02, 1.073533325195312e+03, 1.108577514648438e+03, 1.14659814453125e+03, 1.174438842773438e+03, 1.157070556640625e+03, 1.003579772949219e+03, 9.017547607421875e+02, 9.376154174804688e+02, 6.184719848632812e+02, 4.528483276367188e+02, 1.0422373046875e+03, 1.108147705078125e+03, 1.115829956054688e+03, 1.131310913085938e+03, 1.144247436523438e+03]
bui.terUni[1].QActCoo_flow=[-0e+00, -0e+00, -0e+00, -0e+00, -0e+00, -0e+00, -0e+00, 0e+00, -0e+00, -0e+00, -0e+00, -0e+00, -0e+00, 0e+00, 0e+00, -0e+00, -0e+00, 0e+00, -0e+00, -0e+00, -0e+00, -0e+00, -0e+00, -0e+00, -0e+00, -0e+00, -0e+00, -0e+00, 0e+00, -0e+00, -0e+00, -0e+00, -0e+00, -0e+00, 0e+00, -0e+00, -0e+00, -0e+00, -0e+00, -0e+00, -0e+00, 0e+00, -0e+00, -0e+00, -0e+00, -0e+00, -0e+00, -0e+00, -0e+00, -0e+00, -0e+00, -0e+00, -0e+00, -0e+00, -0e+00, -0e+00, 0e+00, 0e+00, -0e+00, -0e+00, -0e+00, -0e+00, -0e+00, -0e+00, -0e+00, -0e+00, -0e+00, -0e+00, 0e+00, 0e+00, -0e+00, -0e+00, -0e+00, -0e+00, -0e+00, -0e+00, -0e+00, -0e+00, -0e+00, -0e+00, -0e+00, 0e+00, 0e+00, -0e+00, -0e+00, -0e+00, -0e+00, -0e+00, -0e+00, -0e+00, -0e+00, -0e+00, -0e+00, -0e+00, -0e+00, -0e+00, -0e+00, -0e+00, -0e+00, -0e+00, -0e+00]
bui.terUni[2].QActCoo_flow=[-0e+00, -0e+00, -0e+00, -0e+00, -0e+00, -0e+00, -0e+00, 0e+00, -0e+00, -0e+00, -0e+00, -0e+00, -0e+00, -0e+00, 0e+00, -0e+00, -0e+00, 0e+00, -0e+00, -0e+00, -0e+00, -0e+00, -0e+00, -0e+00, -0e+00, -0e+00, -0e+00, -0e+00, 0e+00, -0e+00, -0e+00, -0e+00, -0e+00, -0e+00, 0e+00, -0e+00, -0e+00, -0e+00, -0e+00, -0e+00, -0e+00, 0e+00, -0e+00, -0e+00, -0e+00, -0e+00, -0e+00, -0e+00, -0e+00, -0e+00, -0e+00, -0e+00, -0e+00, -0e+00, -0e+00, -0e+00, 0e+00, 0e+00, -0e+00, -0e+00, -0e+00, -0e+00, -0e+00, -0e+00, -5.03648876953125e+03, -3.1226640625e+03, -2.673865478515625e+03, -2.43683935546875e+03, 0e+00, 0e+00, -0e+00, -0e+00, -0e+00, -0e+00, -0e+00, -0e+00, -0e+00, -0e+00, -0e+00, -0e+00, -0e+00, 0e+00, 0e+00, -0e+00, -0e+00, -0e+00, -0e+00, -0e+00, -0e+00, -0e+00, -0e+00, -0e+00, -0e+00, -0e+00, -0e+00, -0e+00, -0e+00, -0e+00, -0e+00, -0e+00, -0e+00]
bui.terUni[3].QActCoo_flow=[-0e+00, -0e+00, -0e+00, -0e+00, -0e+00, -0e+00, -0e+00, 0e+00, -0e+00, -0e+00, -0e+00, -0e+00, -0e+00, -0e+00, 0e+00, -0e+00, -0e+00, 0e+00, -0e+00, -0e+00, -0e+00, -0e+00, -0e+00, -0e+00, -0e+00, -0e+00, -0e+00, -0e+00, 0e+00, -0e+00, -0e+00, -0e+00, -0e+00, -0e+00, 0e+00, -0e+00, -0e+00, -0e+00, -0e+00, -0e+00, -0e+00, 0e+00, -0e+00, -0e+00, -0e+00, -0e+00, -0e+00, -0e+00, -0e+00, -0e+00, -0e+00, -0e+00, -0e+00, -0e+00, -0e+00, -0e+00, 0e+00, 0e+00, -0e+00, -0e+00, -0e+00, -0e+00, -0e+00, -0e+00, -0e+00, -0e+00, -0e+00, -0e+00, 0e+00, 0e+00, -0e+00, -0e+00, -0e+00, -0e+00, -0e+00, -0e+00, -0e+00, -0e+00, -0e+00, -0e+00, -0e+00, 0e+00, 0e+00, -0e+00, -0e+00, -0e+00, -0e+00, -0e+00, -0e+00, -0e+00, -0e+00, -0e+00, -0e+00, -0e+00, -0e+00, -0e+00, -0e+00, -0e+00, -0e+00, -0e+00, -0e+00]
bui.terUni[4].QActCoo_flow=[-0e+00, -0e+00, -0e+00, -0e+00, -0e+00, -0e+00, -0e+00, 0e+00, -0e+00, -0e+00, -0e+00, -0e+00, -0e+00, -0e+00, 0e+00, -0e+00, -0e+00, 0e+00, -0e+00, -0e+00, -0e+00, -0e+00, -0e+00, -0e+00, -0e+00, -0e+00, -0e+00, -0e+00, 0e+00, -0e+00, -0e+00, -0e+00, -0e+00, -0e+00, 0e+00, -0e+00, -0e+00, -0e+00, -0e+00, -0e+00, -0e+00, 0e+00, -0e+00, -0e+00, -0e+00, -0e+00, -0e+00, -0e+00, -0e+00, -0e+00, -0e+00, -0e+00, -0e+00, -0e+00, -0e+00, -0e+00, 0e+00, 0e+00, -0e+00, -0e+00, -0e+00, -0e+00, -0e+00, -0e+00, -0e+00, -0e+00, -0e+00, -0e+00, 0e+00, 0e+00, -0e+00, -0e+00, -0e+00, -0e+00, -0e+00, -0e+00, -0e+00, -0e+00, -0e+00, -0e+00, -0e+00, 0e+00, 0e+00, -0e+00, -0e+00, -0e+00, -0e+00, -0e+00, -0e+00, -0e+00, -0e+00, -0e+00, -0e+00, -0e+00, -0e+00, -0e+00, -0e+00, -0e+00, -0e+00, -0e+00, -0e+00]
bui.terUni[5].QActCoo_flow=[-0e+00, -0e+00, -0e+00, -0e+00, -0e+00, -0e+00, -0e+00, 0e+00, -0e+00, -0e+00, -0e+00, -0e+00, -0e+00, -0e+00, 0e+00, -0e+00, -0e+00, 0e+00, -0e+00, -0e+00, -0e+00, -0e+00, -0e+00, -0e+00, -0e+00, -0e+00, -0e+00, -0e+00, 0e+00, -0e+00, -0e+00, -0e+00, -0e+00, -0e+00, 0e+00, -0e+00, -0e+00, -0e+00, -0e+00, -0e+00, -0e+00, 0e+00, -0e+00, -0e+00, -0e+00, -0e+00, -0e+00, -0e+00, -0e+00, -0e+00, -0e+00, -0e+00, -0e+00, -0e+00, -0e+00, -0e+00, 0e+00, 0e+00, -0e+00, -0e+00, -0e+00, -0e+00, -0e+00, -0e+00, -0e+00, -0e+00, -0e+00, -0e+00, 0e+00, 0e+00, -0e+00, -0e+00, -0e+00, -0e+00, -0e+00, -0e+00, -0e+00, -0e+00, -0e+00, -0e+00, -0e+00, 0e+00, 0e+00, -0e+00, -0e+00, -0e+00, -0e+00, -0e+00, -0e+00, -0e+00, -0e+00, -0e+00, -0e+00, -0e+00, -0e+00, -0e+00, -0e+00, -0e+00, -0e+00, -0e+00, -0e+00]
supHeaWat.T_in=[3.131499938964844e+02, 3.131499938964844e+02]
bui.terUni[1].T_aHeaWat_nominal=[3.131499938964844e+02, 3.131499938964844e+02]
bui.terUni[2].T_aHeaWat_nominal=[3.131499938964844e+02, 3.131499938964844e+02]
bui.terUni[3].T_aHeaWat_nominal=[3.131499938964844e+02, 3.131499938964844e+02]
bui.terUni[4].T_aHeaWat_nominal=[3.131499938964844e+02, 3.131499938964844e+02]
bui.terUni[5].T_aHeaWat_nominal=[3.131499938964844e+02, 3.131499938964844e+02]
bui.disFloHea.mAct_flow[1].y=[0e+00, 0e+00, 0e+00, 0e+00, 0e+00, 0e+00, 0e+00, 0e+00, 0e+00, 0e+00, 0e+00, 0e+00, 0e+00, 4.846123338211328e-04, 1.350525300949812e-03, 2.325946697965264e-04, 5.733840516768396e-04, 1.022113952785731e-03, 1.389754324918613e-04, 0e+00, 0e+00, 0e+00, 0e+00, 0e+00, 0e+00, 0e+00, 0e+00, 0e+00, 0e+00, 0e+00, 0e+00, 0e+00, 0e+00, 0e+00, 0e+00, 0e+00, 0e+00, 0e+00, 0e+00, 0e+00, 0e+00, 0e+00, 0e+00, 0e+00, 0e+00, 0e+00, 0e+00, 0e+00, 0e+00, 0e+00, 0e+00, 0e+00, 0e+00, 0e+00, 0e+00, 0e+00, 0e+00, 0e+00, 0e+00, 0e+00, 0e+00, 0e+00, 0e+00, 0e+00, 0e+00, 0e+00, 0e+00, 0e+00, 0e+00, 0e+00, 0e+00, 0e+00, 0e+00, 0e+00, 0e+00, 0e+00, 0e+00, 0e+00, 0e+00, 0e+00, 0e+00, 0e+00, 0e+00, 0e+00, 0e+00, 0e+00, 0e+00, 4.335099074523896e-04, 4.839836619794369e-03, 9.933286346495152e-03, 6.155670154839754e-03, 0e+00, 0e+00, 0e+00, 0e+00, 0e+00, 8.351407945156097e-03, 1.429714076220989e-02, 1.589090935885906e-02, 1.709559187293053e-02, 1.836258172988892e-02]
bui.disFloHea.mAct_flow[2].y=[0e+00, 1.546954829245806e-02, 2.408330887556076e-02, 2.979888021945953e-02, 3.477932885289192e-02, 1.278902217745781e-02, 0e+00, 0e+00, 0e+00, 8.105253800749779e-03, 2.21233181655407e-02, 2.812355197966099e-02, 3.08002345263958e-02, 3.323944658041e-02, 3.681791946291924e-02, 3.785515576601028e-02, 3.929413482546806e-02, 3.946346044540405e-02, 3.803457319736481e-02, 3.268542885780334e-02, 0e+00, 0e+00, 0e+00, 0e+00, 0e+00, 0e+00, 1.244398392736912e-02, 1.888631843030453e-02, 2.546296082437036e-02, 2.999751828610897e-02, 3.289777413010597e-02, 3.535215929150581e-02, 3.789212182164192e-02, 3.382950648665428e-02, 0e+00, 0e+00, 0e+00, 0e+00, 0e+00, 0e+00, 1.250375527888536e-02, 2.096569351851929e-02, 2.734030224382877e-02, 3.288473561406136e-02, 3.642592206597328e-02, 3.9106834679842e-02, 4.042999818921089e-02, 4.00446318089962e-02, 0e+00, 0e+00, 0e+00, 0e+00, 0e+00, 0e+00, 1.793762668967247e-02, 2.726317569613457e-02, 3.335257247090341e-02, 3.982100635766972e-02, 4.294049367308617e-02, 4.511328041553497e-02, 5.050744116306305e-02, 5.299575999379158e-02, 1.062204968184233e-02, 0e+00, 0e+00, 0e+00, 0e+00, 0e+00, 0e+00, 0e+00, 2.848121337592602e-03, 1.8207136541605e-02, 2.86755058914423e-02, 3.581799566745758e-02, 4.259388521313667e-02, 4.651902988553047e-02, 3.763263300061226e-02, 0e+00, 0e+00, 0e+00, 0e+00, 0e+00, 1.301780156791165e-02, 3.611357882618904e-02, 4.418743401765823e-02, 4.979420453310013e-02, 5.657992511987686e-02, 5.993467941880226e-02, 6.31791427731514e-02, 6.570716947317123e-02, 6.504633277654648e-02, 1.1590083129704e-02, 0e+00, 0e+00, 0e+00, 0e+00, 3.851812332868576e-02, 4.870856925845146e-02, 5.21540604531765e-02, 5.540716648101807e-02, 5.793853849172592e-02]
bui.disFloHea.mAct_flow[3].y=[0e+00, 1.297283545136452e-02, 1.912834495306015e-02, 2.278384007513523e-02, 2.626724541187286e-02, 9.905139915645123e-03, 4.369277507066727e-03, 1.558967120945453e-02, 1.869070716202259e-02, 2.211152017116547e-02, 2.544301003217697e-02, 2.730288356542587e-02, 2.809657528996468e-02, 2.88193691521883e-02, 3.050908632576466e-02, 3.038009628653526e-02, 3.094555623829365e-02, 3.06467916816473e-02, 2.936409786343575e-02, 2.537002973258495e-02, 0e+00, 0e+00, 0e+00, 0e+00, 0e+00, 1.554117538034916e-03, 1.278634462505579e-02, 1.613384485244751e-02, 1.958121731877327e-02, 2.245284058153629e-02, 2.416341006755829e-02, 2.555153518915176e-02, 2.696741931140423e-02, 2.381514385342598e-02, 0e+00, 0e+00, 0e+00, 0e+00, 0e+00, 0e+00, 1.238019019365311e-02, 1.686823740601536e-02, 2.076911367475986e-02, 2.426405996084213e-02, 2.633197046816349e-02, 2.801205217838287e-02, 2.883140742778778e-02, 2.837632223963737e-02, 1.359001907985657e-04, 0e+00, 0e+00, 0e+00, 0e+00, 0e+00, 1.423899084329605e-02, 2.013452351093292e-02, 2.403588779270645e-02, 2.816993556916708e-02, 3.047045134007931e-02, 3.204245120286942e-02, 3.59594039618969e-02, 3.786241263151169e-02, 3.232002258300781e-03, 0e+00, 0e+00, 0e+00, 0e+00, 0e+00, 1.086454279720778e-02, 1.932634599506843e-02, 2.547452785074711e-02, 3.005176223814487e-02, 3.412869200110435e-02, 3.624112531542778e-02, 3.885325044393539e-02, 4.020781069993973e-02, 3.020278923213482e-02, 0e+00, 0e+00, 1.212261384353042e-03, 0e+00, 4.79803944472223e-04, 2.27892138063906e-02, 3.397231549024582e-02, 3.815234825015068e-02, 4.111764207482338e-02, 4.548186436295509e-02, 4.748720303177834e-02, 4.957290366292e-02, 5.11898472905159e-02, 5.034859851002693e-02, 1.744991168379784e-02, 2.081681415438652e-02, 3.529282659292221e-02, 3.575024008750916e-02, 3.807152807712555e-02, 4.570997506380081e-02, 4.832526296377182e-02, 4.909537360072136e-02, 5.005696415901184e-02, 5.076012015342712e-02]
bui.disFloHea.mAct_flow[4].y=[0e+00, 2.123650163412094e-02, 2.967420965433121e-02, 3.447148948907852e-02, 3.848928213119507e-02, 3.895965591073036e-02, 3.708364069461823e-02, 3.607712686061859e-02, 3.689760342240334e-02, 3.968311101198196e-02, 4.248898476362228e-02, 4.401332885026932e-02, 4.458233714103699e-02, 4.494063928723335e-02, 4.627859592437744e-02, 4.578426107764244e-02, 4.607176408171654e-02, 4.556668177247047e-02, 4.360530897974968e-02, 3.854059427976608e-02, 0e+00, 0e+00, 0e+00, 0e+00, 0e+00, 1.227453351020813e-03, 1.898685283958912e-02, 2.404524572193623e-02, 2.905132435262202e-02, 3.249800205230713e-02, 3.477466851472855e-02, 3.659998998045921e-02, 3.834911063313484e-02, 3.466057777404785e-02, 0e+00, 0e+00, 0e+00, 0e+00, 0e+00, 0e+00, 1.64153091609478e-02, 2.370788156986228e-02, 2.898493036627769e-02, 3.379824012517929e-02, 3.664960712194443e-02, 3.884059563279152e-02, 3.991707041859627e-02, 3.934484720230103e-02, 0e+00, 0e+00, 0e+00, 0e+00, 0e+00, 0e+00, 1.863624341785908e-02, 2.712767757475376e-02, 3.268501162528993e-02, 3.830913454294196e-02, 4.126947000622749e-02, 4.30942066013813e-02, 4.800426959991455e-02, 5.00577837228775e-02, 2.115955576300621e-02, 7.869131513871253e-04, 0e+00, 0e+00, 0e+00, 0e+00, 2.761774137616162e-02, 3.60414348542689e-02, 4.177408292889595e-02, 4.588671028614044e-02, 4.985587298870087e-02, 5.160614848136902e-02, 5.399419739842415e-02, 5.514263734221458e-02, 5.193479731678963e-02, 1.222624070942402e-02, 3.472206415608525e-03, 1.169218216091394e-02, 1.280275406315923e-03, 3.21427988819783e-03, 3.72215323150156e-02, 4.950552806258202e-02, 5.366629734635353e-02, 5.673767626285553e-02, 6.139926239848137e-02, 6.336608529090881e-02, 6.544114649295807e-02, 6.700544804334641e-02, 6.574857234954834e-02, 5.749038979411125e-02, 5.42171411216259e-02, 5.834958702325821e-02, 5.915587767958641e-02, 5.957827344536781e-02, 6.522157788276672e-02, 6.696717441082001e-02, 6.717816740274429e-02, 6.774474680423737e-02, 6.813404709100723e-02]
bui.disFloHea.mAct_flow[5].y=[0e+00, 1.483769621700048e-02, 2.093658410012722e-02, 2.441984787583351e-02, 2.772734127938747e-02, 2.753675915300846e-02, 2.394599094986916e-02, 2.140759862959385e-02, 2.138523384928703e-02, 2.25108303129673e-02, 2.872470207512379e-02, 3.066173568367958e-02, 3.116617724299431e-02, 3.157183900475502e-02, 3.271329775452614e-02, 3.251900151371956e-02, 3.284061327576637e-02, 3.257205709815025e-02, 3.094897978007793e-02, 2.706596441566944e-02, 0e+00, 0e+00, 0e+00, 0e+00, 0e+00, 2.858633175492287e-03, 1.397412549704313e-02, 1.71885509043932e-02, 2.04040352255106e-02, 2.306036092340946e-02, 2.482404746115208e-02, 2.617361024022102e-02, 2.752573788166046e-02, 2.506365440785885e-02, 0e+00, 0e+00, 0e+00, 0e+00, 0e+00, 0e+00, 1.21323224157095e-02, 1.690949872136112e-02, 2.078135497868061e-02, 2.428114600479603e-02, 2.629843540489674e-02, 2.7955312281847e-02, 2.885234169661999e-02, 2.843441069126129e-02, 8.637706050649285e-04, 0e+00, 0e+00, 0e+00, 0e+00, 0e+00, 1.42913805320859e-02, 2.021585032343864e-02, 2.420004457235332e-02, 2.814941108226771e-02, 3.0467189848423e-02, 3.191164508461952e-02, 3.592582792043686e-02, 3.782327473163605e-02, 1.90574936568737e-02, 1.028627157211304e-03, 0e+00, 0e+00, 0e+00, 0e+00, 1.081262994557614e-02, 1.94660499691962e-02, 2.544370293617249e-02, 2.992985583841801e-02, 3.404506295919418e-02, 3.607075661420822e-02, 3.864261135458946e-02, 3.999996557831764e-02, 3.754421696066856e-02, 7.436475716531277e-03, 9.006435866467655e-04, 6.488103419542313e-03, 0e+00, 0e+00, 2.458777837455255e-02, 3.564507514238358e-02, 3.934360295534134e-02, 4.213463887572289e-02, 4.630094766616821e-02, 4.811989516019821e-02, 5.010808631777763e-02, 5.157823115587234e-02, 5.066140368580818e-02, 4.271460324525833e-02, 3.760102018713951e-02, 3.938667476177216e-02, 2.406968921422958e-02, 1.669295318424702e-02, 4.468825832009315e-02, 4.809636250138283e-02, 4.849699139595032e-02, 4.930655658245087e-02, 4.998526349663734e-02]
supChiWat.T_in=[2.801499938964844e+02, 2.801499938964844e+02]
bui.terUni[1].T_aChiWat_nominal=[2.801499938964844e+02, 2.801499938964844e+02]
bui.terUni[2].T_aChiWat_nominal=[2.801499938964844e+02, 2.801499938964844e+02]
bui.terUni[3].T_aChiWat_nominal=[2.801499938964844e+02, 2.801499938964844e+02]
bui.terUni[4].T_aChiWat_nominal=[2.801499938964844e+02, 2.801499938964844e+02]
bui.terUni[5].T_aChiWat_nominal=[2.801499938964844e+02, 2.801499938964844e+02]
bui.disFloCoo.mAct_flow[1].y=[0e+00, 0e+00, 0e+00, 0e+00, 0e+00, 0e+00, 0e+00, 0e+00, 0e+00, 0e+00, 0e+00, 0e+00, 0e+00, 0e+00, 0e+00, 0e+00, 0e+00, 0e+00, 0e+00, 0e+00, 0e+00, 0e+00, 0e+00, 0e+00, 0e+00, 0e+00, 0e+00, 0e+00, 0e+00, 0e+00, 0e+00, 0e+00, 0e+00, 0e+00, 0e+00, 0e+00, 0e+00, 0e+00, 0e+00, 0e+00, 0e+00, 0e+00, 0e+00, 0e+00, 0e+00, 0e+00, 0e+00, 0e+00, 0e+00, 0e+00, 0e+00, 0e+00, 0e+00, 0e+00, 0e+00, 0e+00, 0e+00, 0e+00, 0e+00, 0e+00, 0e+00, 0e+00, 0e+00, 0e+00, 0e+00, 0e+00, 0e+00, 0e+00, 0e+00, 0e+00, 0e+00, 0e+00, 0e+00, 0e+00, 0e+00, 0e+00, 0e+00, 0e+00, 0e+00, 0e+00, 0e+00, 0e+00, 0e+00, 0e+00, 0e+00, 0e+00, 0e+00, 0e+00, 0e+00, 0e+00, 0e+00, 0e+00, 0e+00, 0e+00, 0e+00, 0e+00, 0e+00, 0e+00, 0e+00, 0e+00, 0e+00]
bui.disFloCoo.mAct_flow[2].y=[0e+00, 0e+00, 0e+00, 0e+00, 0e+00, 0e+00, 0e+00, 0e+00, 0e+00, 0e+00, 0e+00, 0e+00, 0e+00, 0e+00, 0e+00, 0e+00, 0e+00, 0e+00, 0e+00, 0e+00, 0e+00, 0e+00, 0e+00, 0e+00, 0e+00, 0e+00, 0e+00, 0e+00, 0e+00, 0e+00, 0e+00, 0e+00, 0e+00, 0e+00, 0e+00, 0e+00, 0e+00, 0e+00, 0e+00, 0e+00, 0e+00, 0e+00, 0e+00, 0e+00, 0e+00, 0e+00, 0e+00, 0e+00, 0e+00, 0e+00, 0e+00, 0e+00, 0e+00, 0e+00, 0e+00, 0e+00, 0e+00, 0e+00, 0e+00, 0e+00, 0e+00, 0e+00, 0e+00, 0e+00, 9.560229629278183e-02, 9.560229629278183e-02, 9.560229629278183e-02, 9.560229629278183e-02, 0e+00, 0e+00, 0e+00, 0e+00, 0e+00, 0e+00, 0e+00, 0e+00, 0e+00, 0e+00, 0e+00, 0e+00, 0e+00, 0e+00, 0e+00, 0e+00, 0e+00, 0e+00, 0e+00, 0e+00, 0e+00, 0e+00, 0e+00, 0e+00, 0e+00, 0e+00, 0e+00, 0e+00, 0e+00, 0e+00, 0e+00, 0e+00, 0e+00]
bui.disFloCoo.mAct_flow[3].y=[0e+00, 0e+00, 0e+00, 0e+00, 0e+00, 0e+00, 0e+00, 0e+00, 0e+00, 0e+00, 0e+00, 0e+00, 0e+00, 0e+00, 0e+00, 0e+00, 0e+00, 0e+00, 0e+00, 0e+00, 0e+00, 0e+00, 0e+00, 0e+00, 0e+00, 0e+00, 0e+00, 0e+00, 0e+00, 0e+00, 0e+00, 0e+00, 0e+00, 0e+00, 0e+00, 0e+00, 0e+00, 0e+00, 0e+00, 0e+00, 0e+00, 0e+00, 0e+00, 0e+00, 0e+00, 0e+00, 0e+00, 0e+00, 0e+00, 0e+00, 0e+00, 0e+00, 0e+00, 0e+00, 0e+00, 0e+00, 0e+00, 0e+00, 0e+00, 0e+00, 0e+00, 0e+00, 0e+00, 0e+00, 0e+00, 0e+00, 0e+00, 0e+00, 0e+00, 0e+00, 0e+00, 0e+00, 0e+00, 0e+00, 0e+00, 0e+00, 0e+00, 0e+00, 0e+00, 0e+00, 0e+00, 0e+00, 0e+00, 0e+00, 0e+00, 0e+00, 0e+00, 0e+00, 0e+00, 0e+00, 0e+00, 0e+00, 0e+00, 0e+00, 0e+00, 0e+00, 0e+00, 0e+00, 0e+00, 0e+00, 0e+00]
bui.disFloCoo.mAct_flow[4].y=[0e+00, 0e+00, 0e+00, 0e+00, 0e+00, 0e+00, 0e+00, 0e+00, 0e+00, 0e+00, 0e+00, 0e+00, 0e+00, 0e+00, 0e+00, 0e+00, 0e+00, 0e+00, 0e+00, 0e+00, 0e+00, 0e+00, 0e+00, 0e+00, 0e+00, 0e+00, 0e+00, 0e+00, 0e+00, 0e+00, 0e+00, 0e+00, 0e+00, 0e+00, 0e+00, 0e+00, 0e+00, 0e+00, 0e+00, 0e+00, 0e+00, 0e+00, 0e+00, 0e+00, 0e+00, 0e+00, 0e+00, 0e+00, 0e+00, 0e+00, 0e+00, 0e+00, 0e+00, 0e+00, 0e+00, 0e+00, 0e+00, 0e+00, 0e+00, 0e+00, 0e+00, 0e+00, 0e+00, 0e+00, 0e+00, 0e+00, 0e+00, 0e+00, 0e+00, 0e+00, 0e+00, 0e+00, 0e+00, 0e+00, 0e+00, 0e+00, 0e+00, 0e+00, 0e+00, 0e+00, 0e+00, 0e+00, 0e+00, 0e+00, 0e+00, 0e+00, 0e+00, 0e+00, 0e+00, 0e+00, 0e+00, 0e+00, 0e+00, 0e+00, 0e+00, 0e+00, 0e+00, 0e+00, 0e+00, 0e+00, 0e+00]
bui.disFloCoo.mAct_flow[5].y=[0e+00, 0e+00, 0e+00, 0e+00, 0e+00, 0e+00, 0e+00, 0e+00, 0e+00, 0e+00, 0e+00, 0e+00, 0e+00, 0e+00, 0e+00, 0e+00, 0e+00, 0e+00, 0e+00, 0e+00, 0e+00, 0e+00, 0e+00, 0e+00, 0e+00, 0e+00, 0e+00, 0e+00, 0e+00, 0e+00, 0e+00, 0e+00, 0e+00, 0e+00, 0e+00, 0e+00, 0e+00, 0e+00, 0e+00, 0e+00, 0e+00, 0e+00, 0e+00, 0e+00, 0e+00, 0e+00, 0e+00, 0e+00, 0e+00, 0e+00, 0e+00, 0e+00, 0e+00, 0e+00, 0e+00, 0e+00, 0e+00, 0e+00, 0e+00, 0e+00, 0e+00, 0e+00, 0e+00, 0e+00, 0e+00, 0e+00, 0e+00, 0e+00, 0e+00, 0e+00, 0e+00, 0e+00, 0e+00, 0e+00, 0e+00, 0e+00, 0e+00, 0e+00, 0e+00, 0e+00, 0e+00, 0e+00, 0e+00, 0e+00, 0e+00, 0e+00, 0e+00, 0e+00, 0e+00, 0e+00, 0e+00, 0e+00, 0e+00, 0e+00, 0e+00, 0e+00, 0e+00, 0e+00, 0e+00, 0e+00, 0e+00]
