last-generated=2014-02-12
quadraticLinear.y=[9.00000000000000000000, 9.32402992983701572882, 9.65624047833064302893, 9.99680998259017528085, 10.34591964074794567807, 10.70374962975372135077, 11.07048039658855564937, 11.44629000486473024978, 11.83135993314479605942, 12.22586998999242169361, 12.63000005364131972385, 13.04393007873819065878, 13.46784031003110015945, 13.90191003811063019668, 14.34632012554476254707, 14.80125018406884862543, 15.26688020424717073809, 15.74338999732072252868, 16.23096049401445739591, 16.72977078095139447100, 17.23999961768387834127, 17.76182972297394968564, 18.29544073829070427450, 18.84100891037281755303, 19.39872009072480452119, 19.96875000000000000000, 20.55127963076915520446, 21.14648945296465853971, 21.75456039747488290459, 22.37567000426004426572, 23.00999946635165471776, 23.65772994682024332747, 24.31904077735083191669, 24.99410921492743753447, 25.68312047911791040633, 26.38624996642948161707, 27.10367862245248460340, 27.83559001076608652170, 28.58216130992986947490, 29.34357181127465707959, 30.12000037283409525912, 30.91163091689132613737, 31.71864044421487349723, 32.54120958173036370908, 33.37952061839909845276, 34.23375041944446195430, 35.10407946853104732554, 35.99068843084229030183, 36.89376166072389651163, 37.81346804962410601547, 38.75000000000000000000, 39.70353027706632076388, 40.67424198357655029668, 41.66231441079328590149, 42.66791698602123261708, 43.69124861902388801127, 44.73247884549024888656, 45.79179077402181974321, 46.86936369420816816955, 47.96537308181264336326, 49.07999915573035565330, 50.21342686513560238382, 51.36584035871992170996, 52.53741130024309313740, 53.72832279571956348718, 54.93875413462934886866, 56.16887721575989189660, 57.41888980724168334291, 58.68896011487597519363, 59.97927124560955292054, 61.29000249270087863351, 62.62133314458908728284, 63.97343437071361904600, 65.34650920587687039642, 66.74072131851507094780, 68.15625000000000000000, 69.59327836038416137399, 71.05198950157114268222, 72.53256652946626559242, 74.03516826560405661439, 75.55999573026750226745, 77.10723076909448536753, 78.67704123264493887291, 80.26961022475379081698, 81.88512085027329590048, 83.52374637631612586119, 85.18567418399516100180, 86.87109294183669305767, 88.58016287007258426911, 90.31307470405725723595, 92.07000391817327056287, 93.85112292790601884462, 95.65663606956367459588, 97.48670827871910660178, 99.34152266258233510143, 101.22125470009810044303, 103.12608749369184124589, 105.05618493966113646820, 107.01175314758964418616, 108.99297142838926788500, 111.00000000000000000000]
time=[0.00000000000000000000, 1.00000000000000000000]
