last-generated=2026-10-10
statistics-initialization=
{
  "linear": "0",
  "nonlinear": "0",
  "numerical Jacobians": "0"
}
statistics-simulation=
{
  "linear": "0",
  "nonlinear": "0",
  "number of continuous time states": "98",
  "numerical Jacobians": "0"
}
time=[0e+00, 3.6e+03]
hex.Q2_flow=[0e+00, -3.21767041015625e+03, -3.29961279296875e+03, -3.301911376953125e+03, -3.301949951171875e+03, -3.301953857421875e+03, -3.3019541015625e+03, -3.301953369140625e+03, -3.301953369140625e+03, -3.301953369140625e+03, -3.301953369140625e+03, -3.253827392578125e+03, -3.164407470703125e+03, -3.05560595703125e+03, -2.92264453125e+03, -2.757384521484375e+03, -2.548379150390625e+03, -2.278530029296875e+03, -1.926634033203125e+03, -1.4670400390625e+03, -8.853233642578125e+02, -4.583397216796875e+02, -3.384113159179688e+02, -2.674715576171875e+02, -2.197382965087891e+02, -1.8578662109375e+02, -1.612232208251953e+02, -1.434116058349609e+02, -1.305228424072265e+02, -1.212361068725586e+02, -1.145683975219727e+02, -1.097968597412109e+02, -1.063975143432617e+02, -1.039854507446289e+02, -1.022801513671875e+02, -1.010775909423828e+02, -1.00229606628418e+02, -9.963240051269531e+01, -9.921220397949219e+01, -9.891817474365234e+01, -9.871690368652344e+01, -9.857927703857422e+01, -9.848519134521484e+01, -9.842076110839844e+01, -9.837579345703125e+01, -9.834358215332031e+01, -9.832099914550781e+01, -9.830419921875e+01, -9.82939453125e+01, -9.828659820556641e+01, -9.828333282470703e+01, -8.915373229980469e+01, -8.026016998291016e+01, -6.856466674804688e+01, -4.925885391235334e+01, -8.536301612854272e+00, -6.367969894409216e+01, -1.129454803466797e+02, -1.408919525146484e+02, -1.516991424560547e+02, -1.519028167724609e+02, -1.326883392333984e+02, -1.192567901611328e+02, -1.091387939453125e+02, -1.00798698425293e+02, -9.306092071533203e+01, -8.481375885009766e+01, -7.485446929931641e+01, -6.061928176879883e+01, -3.908816909790039e+01, -3.640094995498657e+00, -2.109741449356079e+00, -2.105179309844971e+00, -2.095385074615479e+00, -2.088258028030396e+00, -2.081228494644165e+00, -2.951244354248047e+00, -2.871407747268677e+00, -2.754588842391968e+00, -2.652436971664429e+00, -2.571431159973145e+00, -2.495478868484497e+00, -2.435385704040527e+00, -2.373790979385376e+00, -2.324850797653198e+00, -2.280003786087036e+00, -2.237968921661377e+00, -2.202345132827759e+00, -2.168424367904663e+00, -2.527901649475098e+00, -2.591203689575195e+00, -2.524566411972046e+00, -2.463625192642212e+00, -2.406882047653198e+00, -2.353775501251221e+00, -2.30415678024292e+00, -2.257488250732422e+00, -2.213443040847778e+00, -2.172101259231567e+00, -2.132278442382812e+00, -2.095100164413452e+00]
hex.QLat2_flow=[0e+00, -2.028978271484375e+03, -2.08351123046875e+03, -2.08503515625e+03, -2.0850615234375e+03, -2.085063720703125e+03, -2.085063720703125e+03, -2.085063232421875e+03, -2.085063232421875e+03, -2.0850634765625e+03, -2.0850634765625e+03, -2.053106201171875e+03, -1.993400268554688e+03, -1.920186157226562e+03, -1.82990625e+03, -1.716502319335938e+03, -1.5713134765625e+03, -1.381158325195312e+03, -1.129074096679688e+03, -7.937584838867188e+02, -3.612563171386719e+02, -5.907550430297852e+01, -2.343597412109375e+01, -1.412245082855225e+01, -1.168653297424316e+01, -1.101760768890381e+01, -1.081061840057373e+01, -1.073506259918213e+01, -1.069851112365723e+01, -1.068013286590576e+01, -1.06686897277832e+01, -1.06607666015625e+01, -1.065575408935547e+01, -1.065249538421631e+01, -1.06504373550415e+01, -1.064887046813965e+01, -1.064777755737305e+01, -1.064706897735596e+01, -1.064658451080322e+01, -1.064627361297607e+01, -1.064607429504395e+01, -1.064593315124512e+01, -1.064583206176758e+01, -1.064575862884521e+01, -1.064570617675781e+01, -1.064566612243652e+01, -1.06456413269043e+01, -1.064562225341797e+01, -1.064561367034912e+01, -1.064560699462891e+01, -1.064560604095459e+01, -1.263721942901611e+01, -1.638409042358398e+01, -2.034880447387695e+01, -2.170977020263669e+01, -5.77474784851069e+00, 0e+00, 0e+00, 0e+00, 0e+00, 0e+00, 0e+00, 0e+00, 0e+00, 0e+00, 0e+00, 0e+00, 0e+00, 0e+00, 0e+00, 0e+00, 0e+00, 0e+00, 0e+00, 0e+00, 0e+00, -9.012155532836914e-01, -8.186028599739075e-01, -7.086541652679443e-01, -6.142048835754395e-01, -5.394968390464783e-01, -4.712028205394745e-01, -4.188773036003113e-01, -3.653687536716461e-01, -3.248872458934784e-01, -2.886030375957489e-01, -2.555544376373291e-01, -2.292198091745377e-01, -2.049529999494553e-01, -5.816711783409119e-01, -6.557397246360779e-01, -5.991533398628235e-01, -5.489262342453003e-01, -5.033502578735352e-01, -4.619161784648895e-01, -4.244923293590546e-01, -3.905623257160187e-01, -3.59807938337326e-01, -3.32321435213089e-01, -3.069344758987427e-01, -2.847524881362915e-01]
hex.port_a2.m_flow=[0e+00, 1.400000005960464e-01, 1.400000005960464e-01, 1.400000005960464e-01, 1.400000005960464e-01, 1.400000005960464e-01, 1.400000005960464e-01, 1.400000005960464e-01, 1.400000005960464e-01, 1.400000005960464e-01, 1.400000005960464e-01, 1.400000005960464e-01, 1.400000005960464e-01, 1.400000005960464e-01, 1.400000005960464e-01, 1.400000005960464e-01, 1.400000005960464e-01, 1.400000005960464e-01, 1.400000005960464e-01, 1.400000005960464e-01, 1.400000005960464e-01, 1.400000005960464e-01, 1.400000005960464e-01, 1.400000005960464e-01, 1.400000005960464e-01, 1.400000005960464e-01, 1.400000005960464e-01, 1.400000005960464e-01, 1.400000005960464e-01, 1.400000005960464e-01, 1.400000005960464e-01, 1.400000005960464e-01, 1.400000005960464e-01, 1.400000005960464e-01, 1.400000005960464e-01, 1.400000005960464e-01, 1.400000005960464e-01, 1.400000005960464e-01, 1.400000005960464e-01, 1.400000005960464e-01, 1.400000005960464e-01, 1.400000005960464e-01, 1.400000005960464e-01, 1.400000005960464e-01, 1.400000005960464e-01, 1.400000005960464e-01, 1.400000005960464e-01, 1.400000005960464e-01, 1.400000005960464e-01, 1.400000005960464e-01, 1.400000005960464e-01, 1.120040938258171e-01, 8.400306850671768e-02, 5.600415915250778e-02, 2.79765594750641e-02, 1.085854591843171e-06, -2.800142019987124e-02, -5.599700286984444e-02, -8.397500962018967e-02, -1.120056211948395e-01, -1.399948298931122e-01, -1.260022968053818e-01, -1.120020523667336e-01, -9.800180047750473e-02, -8.400169014930725e-02, -7.001106441020966e-02, -5.601150915026665e-02, -4.023700952529907e-02, -2.84909326583147e-02, -1.458006910979748e-02, -9.097602315932818e-08, 0e+00, 0e+00, 0e+00, 0e+00, 0e+00, 0e+00, 0e+00, -2.86490828890068e-13, -5.729816577801361e-13, 0e+00, 1.43245414445034e-13, 0e+00, 0e+00, 0e+00, 0e+00, 0e+00, 0e+00, 0e+00, 0e+00, 0e+00, 0e+00, 0e+00, 0e+00, 0e+00, 0e+00, 0e+00, 0e+00, 0e+00, 0e+00, 0e+00]
hex.port_b2.m_flow=[-1.400000005960464e-01, -1.400000005960464e-01, -1.400000005960464e-01, -1.400000005960464e-01, -1.400000005960464e-01, -1.400000005960464e-01, -1.400000005960464e-01, -1.400000005960464e-01, -1.400000005960464e-01, -1.400000005960464e-01, -1.400000005960464e-01, -1.400000005960464e-01, -1.400000005960464e-01, -1.400000005960464e-01, -1.400000005960464e-01, -1.400000005960464e-01, -1.400000005960464e-01, -1.400000005960464e-01, -1.400000005960464e-01, -1.400000005960464e-01, -1.400000005960464e-01, -1.400000005960464e-01, -1.400000005960464e-01, -1.400000005960464e-01, -1.400000005960464e-01, -1.400000005960464e-01, -1.400000005960464e-01, -1.400000005960464e-01, -1.400000005960464e-01, -1.400000005960464e-01, -1.400000005960464e-01, -1.400000005960464e-01, -1.400000005960464e-01, -1.400000005960464e-01, -1.400000005960464e-01, -1.400000005960464e-01, -1.400000005960464e-01, -1.400000005960464e-01, -1.400000005960464e-01, -1.400000005960464e-01, -1.400000005960464e-01, -1.400000005960464e-01, -1.400000005960464e-01, -1.400000005960464e-01, -1.400000005960464e-01, -1.400000005960464e-01, -1.400000005960464e-01, -1.400000005960464e-01, -1.400000005960464e-01, -1.400000005960464e-01, -1.400000005960464e-01, -1.120000034570694e-01, -8.399999886751175e-02, -5.60000017285347e-02, -2.800000086426717e-02, 4.255373436036178e-16, 2.800000086426753e-02, 5.60000017285347e-02, 8.399999886751175e-02, 1.120000034570694e-01, 1.400000005960464e-01, 1.260000020265579e-01, 1.120000034570694e-01, 9.799999743700027e-02, 8.399999886751175e-02, 7.000000029802322e-02, 5.60000017285347e-02, 4.199999943375587e-02, 2.800000086426735e-02, 1.400000043213367e-02, -0e+00, -0e+00, -0e+00, -0e+00, -0e+00, -0e+00, -0e+00, -0e+00, -0e+00, -0e+00, -0e+00, -0e+00, -0e+00, -0e+00, -0e+00, -0e+00, -0e+00, -0e+00, -0e+00, -0e+00, -0e+00, -0e+00, -0e+00, -0e+00, -0e+00, -0e+00, -0e+00, -0e+00, -0e+00, -0e+00, -0e+00]
