last-generated=2016-11-28
statistics-initialization=
{
  "linear": "2, 2, 4, 2, 2, 2, 3, 2"
}
statistics-simulation=
{
  "numerical Jacobians": "0", 
  "nonlinear": " ", 
  "linear": " "
}
R3.v[2]=[-0.66813921928405761719, -0.66813921928405761719]
R2.v[2]=[-0.66813921928405761719, -0.66813921928405761719]
R2.v[1]=[117.16843414306640625, 117.16843414306640625]
R1.v[1]=[117.16843414306640625, 117.16843414306640625]
R3.v[1]=[117.16843414306640625, 117.16843414306640625]
R1.v[2]=[-0.66813921928405761719, -0.66813921928405761719]
time=[0., 1.]
R3.i[1]=[11.71684360504150390625, 11.71684360504150390625]
R1.i[1]=[11.71684360504150390625, 11.71684360504150390625]
load_sc.i[1]=[469.73077392578125, 469.73077392578125]
R2.i[2]=[-0.0668139234185218811, -0.0668139234185218811]
R3.i[2]=[-0.0668139234185218811, -0.0668139234185218811]
R2.i[1]=[11.71684360504150390625, 11.71684360504150390625]
R1.i[2]=[-0.0668139234185218811, -0.0668139234185218811]
load_sc.i[2]=[-113.66965484619140625, -113.66965484619140625]
