last-generated=2026-08-06
statistics-simulation=
{
  "linear": "0, 0, 0, 0, 0, 0, 0, 0, 0, 0, 0, 0, 0, 0, 0, 0, 0, 0, 0, 0",
  "nonlinear": " ",
  "number of continuous time states": "40",
  "numerical Jacobians": "0"
}
time=[0e+00, 3.6e+05]
TBorOut.T=[2.931499938964844e+02, 2.981741333007812e+02, 2.982327880859375e+02, 2.982326965332031e+02, 2.982327270507812e+02, 2.982327270507812e+02, 2.982327270507812e+02, 2.982327270507812e+02, 2.982327270507812e+02, 2.982327270507812e+02, 2.982327270507812e+02, 2.982327270507812e+02, 2.982327270507812e+02, 2.982327270507812e+02, 2.982327270507812e+02, 2.982327270507812e+02, 2.982327270507812e+02, 2.982327270507812e+02, 2.982327270507812e+02, 2.982327270507812e+02, 2.982327270507812e+02, 2.982327270507812e+02, 2.982327270507812e+02, 2.982327270507812e+02, 2.982327270507812e+02, 2.982327270507812e+02, 2.982327270507812e+02, 2.982327270507812e+02, 2.982327270507812e+02, 2.982327270507812e+02, 2.982327270507812e+02, 2.982327270507812e+02, 2.982327270507812e+02, 2.982327270507812e+02, 2.982327270507812e+02, 2.982327270507812e+02, 2.982327270507812e+02, 2.982327270507812e+02, 2.982327270507812e+02, 2.982327270507812e+02, 2.982327270507812e+02, 2.982327270507812e+02, 2.982327270507812e+02, 2.982327270507812e+02, 2.982327270507812e+02, 2.982327270507812e+02, 2.982327270507812e+02, 2.982327270507812e+02, 2.982327270507812e+02, 2.982327270507812e+02, 2.982327270507812e+02, 2.982327270507812e+02, 2.982327270507812e+02, 2.982327270507812e+02, 2.982327270507812e+02, 2.982327270507812e+02, 2.982327270507812e+02, 2.982327270507812e+02, 2.982327270507812e+02, 2.982327270507812e+02, 2.982327270507812e+02, 2.982327270507812e+02, 2.982327270507812e+02, 2.982327270507812e+02, 2.982327270507812e+02, 2.982327270507812e+02, 2.982327270507812e+02, 2.982327270507812e+02, 2.982327270507812e+02, 2.982327270507812e+02, 2.982327270507812e+02, 2.982327270507812e+02, 2.982327270507812e+02, 2.982327270507812e+02, 2.982327270507812e+02, 2.982327270507812e+02, 2.982327270507812e+02, 2.982327270507812e+02, 2.982327270507812e+02, 2.982327270507812e+02, 2.982327270507812e+02, 2.982327270507812e+02, 2.982327270507812e+02, 2.982327270507812e+02, 2.982327270507812e+02, 2.982327270507812e+02, 2.982327270507812e+02, 2.982327270507812e+02, 2.982327270507812e+02, 2.982327270507812e+02, 2.982327270507812e+02, 2.982327270507812e+02, 2.982327270507812e+02, 2.982327270507812e+02, 2.982327270507812e+02, 2.982327270507812e+02, 2.982327270507812e+02, 2.982327270507812e+02, 2.982327270507812e+02, 2.982327270507812e+02, 2.982327270507812e+02]
TBorIn.T=[3.031499938964844e+02, 3.031499938964844e+02]
