last-generated=2015-05-08
statistics-simulation={'numerical Jacobians': '0', 'nonlinear': ' ', 'linear': ' '}
hANatCyl.hA=[0.08016002923250198364, 3.65064311027526855469, 4.56265783309936523438, 5.22833299636840820312, 5.77916812896728515625, 6.2617053985595703125, 6.69834089279174804688, 7.1017169952392578125, 7.4797229766845703125, 7.83763647079467773438, 8.17917346954345703125, 8.50705623626708984375, 8.8233432769775390625, 9.12963104248046875, 9.42718601226806640625, 9.717029571533203125, 10., 10.27679443359375, 10.54799938201904296875, 10.81411457061767578125, 11.07556819915771484375, 11.33273220062255859375, 11.58593273162841796875, 11.8354549407958984375, 12.0815525054931640625, 12.32445049285888671875, 12.5643520355224609375, 12.80144023895263671875, 13.03588008880615234375, 13.267822265625, 13.49740505218505859375, 13.72475433349609375, 13.94998645782470703125, 14.17320919036865234375, 14.3945217132568359375, 14.6140193939208984375, 14.83178615570068359375, 15.04790496826171875, 15.262451171875, 15.4754962921142578125, 15.68710803985595703125, 15.68710803985595703125, 15.68710803985595703125, 15.68710803985595703125, 15.68710803985595703125, 15.68710803985595703125, 15.68710803985595703125, 15.68710803985595703125, 15.68710803985595703125, 15.68710803985595703125, 15.68710803985595703125, 15.68710803985595703125, 15.68710803985595703125, 15.68710803985595703125, 15.68710803985595703125, 15.68710803985595703125, 15.68710803985595703125, 15.68710803985595703125, 15.68710803985595703125, 15.68710803985595703125, 15.68710803985595703125, 15.64611911773681640625, 15.60086822509765625, 15.55126190185546875, 15.4971904754638671875, 15.43853759765625, 15.375171661376953125, 15.3069477081298828125, 15.233707427978515625, 15.15527439117431640625, 15.07145595550537109375, 14.982036590576171875, 14.88678073883056640625, 14.78542423248291015625, 14.67767810821533203125, 14.56321811676025390625, 14.44168376922607421875, 14.3126697540283203125, 14.175724029541015625, 14.03033447265625, 13.87592315673828125, 13.7118320465087890625, 13.53730487823486328125, 13.351474761962890625, 13.15333080291748046875, 12.941692352294921875, 12.7151622772216796875, 12.472072601318359375, 12.2104034423828125, 11.92767333984375, 11.62078380584716796875, 11.2857799530029296875, 10.91749286651611328125, 10.50895023345947265625, 10.05038166046142578125, 9.52738189697265625, 8.91720485687255859375, 8.18016910552978515625, 7.2351512908935546875, 5.85697603225708007812, 0.07777636498212814331]
time=[0., 250.]
