last-generated=2019-02-01
statistics-initialization=
{
  "linear": "2, 2, 3, 2, 2, 2, 3, 2"
}
statistics-simulation=
{
  "linear": " ",
  "nonlinear": " ",
  "numerical Jacobians": "0"
}
R3.v[2]=[-6.681392192840576e-01, -6.681392192840576e-01]
R2.v[2]=[-6.681392192840576e-01, -6.681392192840576e-01]
R2.v[1]=[1.171684341430664e+02, 1.171684341430664e+02]
R1.v[1]=[1.171684341430664e+02, 1.171684341430664e+02]
R3.v[1]=[1.171684341430664e+02, 1.171684341430664e+02]
R1.v[2]=[-6.681392192840576e-01, -6.681392192840576e-01]
time=[0e+00, 1e+00]
R3.i[1]=[1.17168436050415e+01, 1.17168436050415e+01]
R1.i[1]=[1.17168436050415e+01, 1.17168436050415e+01]
load_sc.i[1]=[4.697307739257812e+02, 4.697307739257812e+02]
R2.i[2]=[-6.681392341852188e-02, -6.681392341852188e-02]
R3.i[2]=[-6.681392341852188e-02, -6.681392341852188e-02]
R2.i[1]=[1.17168436050415e+01, 1.17168436050415e+01]
R1.i[2]=[-6.681392341852188e-02, -6.681392341852188e-02]
load_sc.i[2]=[-1.136696548461914e+02, -1.136696548461914e+02]
