last-generated=2026-09-30
statistics-initialization=
{
  "linear": "0",
  "nonlinear": "0, 0, 0, 0, 1",
  "numerical Jacobians": "0"
}
statistics-simulation=
{
  "linear": "0, 0, 0, 0, 0",
  "nonlinear": "1",
  "number of continuous time states": "42",
  "numerical Jacobians": "0"
}
time=[7.776e+06, 9.504e+06]
livFlo.heaPorFro.T=[2.931499938964844e+02, 2.96048583984375e+02, 2.95086181640625e+02, 2.951488647460938e+02, 2.956381530761719e+02, 2.954661254882812e+02, 2.95447998046875e+02, 2.950288391113281e+02, 2.948163452148438e+02, 2.953905334472656e+02, 2.955447998046875e+02, 2.955462341308594e+02, 2.949896545410156e+02, 2.943165283203125e+02, 2.946876220703125e+02, 2.954517211914062e+02, 2.955824279785156e+02, 2.950551147460938e+02, 2.942444763183594e+02, 2.950931091308594e+02, 2.956471252441406e+02, 2.957531127929688e+02, 2.952528381347656e+02, 2.944147338867188e+02, 2.94722900390625e+02, 2.955208740234375e+02, 2.957421875e+02, 2.951281127929688e+02, 2.945046691894531e+02, 2.945647277832031e+02, 2.949682922363281e+02, 2.951321716308594e+02, 2.947212524414062e+02, 2.940328369140625e+02, 2.9425830078125e+02, 2.94325439453125e+02, 2.947322692871094e+02, 2.945753784179688e+02, 2.9453369140625e+02, 2.946470947265625e+02, 2.948438110351562e+02, 2.950283203125e+02, 2.950460510253906e+02, 2.945568542480469e+02, 2.950061645507812e+02, 2.953933410644531e+02, 2.952584838867188e+02, 2.947569580078125e+02, 2.945607604980469e+02, 2.943671569824219e+02, 2.939826354980469e+02, 2.939617004394531e+02, 2.939900512695312e+02, 2.943305358886719e+02, 2.945015563964844e+02, 2.94412109375e+02, 2.943492736816406e+02, 2.944089660644531e+02, 2.945112609863281e+02, 2.943527221679688e+02, 2.940682373046875e+02, 2.944568786621094e+02, 2.943670043945312e+02, 2.945202026367188e+02, 2.944288635253906e+02, 2.940834655761719e+02, 2.943020629882812e+02, 2.944020690917969e+02, 2.947215576171875e+02, 2.948620300292969e+02, 2.948023986816406e+02, 2.946839294433594e+02, 2.948182373046875e+02, 2.952085266113281e+02, 2.954618835449219e+02, 2.954935913085938e+02, 2.954720153808594e+02, 2.956617736816406e+02, 2.960547790527344e+02, 2.962611083984375e+02, 2.9628759765625e+02, 2.962735900878906e+02, 2.965088195800781e+02, 2.97017578125e+02, 2.972748413085938e+02, 2.971940612792969e+02, 2.971166076660156e+02, 2.973642578125e+02, 2.977558288574219e+02, 2.977713317871094e+02, 2.976631774902344e+02, 2.974705505371094e+02, 2.975096740722656e+02, 2.976579895019531e+02, 2.974797973632812e+02, 2.970281372070312e+02, 2.966151733398438e+02, 2.964910583496094e+02, 2.964974975585938e+02, 2.96203125e+02, 2.957570495605469e+02]
zon.TAir=[2.931499938964844e+02, 2.92805419921875e+02, 2.931742248535156e+02, 2.928417053222656e+02, 2.929873657226562e+02, 2.929410095214844e+02, 2.9296484375e+02, 2.931383361816406e+02, 2.929807739257812e+02, 2.928759765625e+02, 2.928739929199219e+02, 2.929227294921875e+02, 2.941571655273438e+02, 2.941676025390625e+02, 2.924840087890625e+02, 2.929026794433594e+02, 2.928950500488281e+02, 2.9426806640625e+02, 2.936631469726562e+02, 2.925577392578125e+02, 2.927283630371094e+02, 2.928315124511719e+02, 2.944148864746094e+02, 2.940144653320312e+02, 2.925124206542969e+02, 2.927775268554688e+02, 2.928451843261719e+02, 2.944695434570312e+02, 2.945224914550781e+02, 2.924227600097656e+02, 2.928772583007812e+02, 2.929329223632812e+02, 2.936702575683594e+02, 2.939414367675781e+02, 2.926747741699219e+02, 2.929732971191406e+02, 2.929251708984375e+02, 2.929878540039062e+02, 2.931081848144531e+02, 2.928703002929688e+02, 2.927940063476562e+02, 2.929554138183594e+02, 2.929729614257812e+02, 2.933072509765625e+02, 2.928263854980469e+02, 2.928619689941406e+02, 2.929602355957031e+02, 2.9507373046875e+02, 2.956632080078125e+02, 2.936705932617188e+02, 2.93245361328125e+02, 2.93108154296875e+02, 2.955238647460938e+02, 2.96223388671875e+02, 2.948166198730469e+02, 2.944256896972656e+02, 2.942029113769531e+02, 2.957603149414062e+02, 2.9542822265625e+02, 2.93391845703125e+02, 2.931651611328125e+02, 2.930704040527344e+02, 2.954158630371094e+02, 2.958890991210938e+02, 2.936268920898438e+02, 2.930875244140625e+02, 2.9314013671875e+02, 2.958832702636719e+02, 2.966079711914062e+02, 2.952297058105469e+02, 2.950123291015625e+02, 2.941851806640625e+02, 2.955964965820312e+02, 2.96489990234375e+02, 2.960579223632812e+02, 2.957311401367188e+02, 2.953298950195312e+02, 2.964462280273438e+02, 2.972898559570312e+02, 2.968739318847656e+02, 2.963964538574219e+02, 2.961302490234375e+02, 2.983070678710938e+02, 2.991893005371094e+02, 2.977644653320312e+02, 2.970079040527344e+02, 2.970851745605469e+02, 2.992105407714844e+02, 2.997876586914062e+02, 2.982990417480469e+02, 2.972427368164062e+02, 2.970058898925781e+02, 2.988097534179688e+02, 2.986654663085938e+02, 2.96283203125e+02, 2.957642517089844e+02, 2.952606811523438e+02, 2.971221923828125e+02, 2.968746032714844e+02, 2.948510131835938e+02, 2.944259033203125e+02]
TSetRooHea.y=[2.931499938964844e+02, 2.931499938964844e+02]
TSetRooCoo.y=[2.991499938964844e+02, 2.991499938964844e+02]
attFlo.heaPorBac.T=[2.931499938964844e+02, 2.933175048828125e+02, 2.935386352539062e+02, 2.935473022460938e+02, 2.936557312011719e+02, 2.936616516113281e+02, 2.936437377929688e+02, 2.936226196289062e+02, 2.935470581054688e+02, 2.935520935058594e+02, 2.935760498046875e+02, 2.935590515136719e+02, 2.935688781738281e+02, 2.935057678222656e+02, 2.933550720214844e+02, 2.934557800292969e+02, 2.934802856445312e+02, 2.935569152832031e+02, 2.934253234863281e+02, 2.932877197265625e+02, 2.933959655761719e+02, 2.934375e+02, 2.935226135253906e+02, 2.934303588867188e+02, 2.932738342285156e+02, 2.933726806640625e+02, 2.934131469726562e+02, 2.935219116210938e+02, 2.935509643554688e+02, 2.934417419433594e+02, 2.935421142578125e+02, 2.935321350097656e+02, 2.934876403808594e+02, 2.933682556152344e+02, 2.932105407714844e+02, 2.932195739746094e+02, 2.932506408691406e+02, 2.93263427734375e+02, 2.932665710449219e+02, 2.93267822265625e+02, 2.933142700195312e+02, 2.933611145019531e+02, 2.934020080566406e+02, 2.934628601074219e+02, 2.93452880859375e+02, 2.93576416015625e+02, 2.935804138183594e+02, 2.937100219726562e+02, 2.939129028320312e+02, 2.939503784179688e+02, 2.938354187011719e+02, 2.937151184082031e+02, 2.938358459472656e+02, 2.941422729492188e+02, 2.943114624023438e+02, 2.943247985839844e+02, 2.943291015625e+02, 2.944218444824219e+02, 2.945008239746094e+02, 2.943958740234375e+02, 2.942098388671875e+02, 2.940506896972656e+02, 2.941107177734375e+02, 2.942996520996094e+02, 2.943000793457031e+02, 2.941577453613281e+02, 2.940495300292969e+02, 2.94177490234375e+02, 2.944978332519531e+02, 2.94665771484375e+02, 2.947153930664062e+02, 2.946923217773438e+02, 2.948194274902344e+02, 2.951363830566406e+02, 2.953890686035156e+02, 2.955079650878906e+02, 2.955534362792969e+02, 2.957220458984375e+02, 2.960404663085938e+02, 2.962513122558594e+02, 2.963475646972656e+02, 2.963887939453125e+02, 2.966114196777344e+02, 2.970254211425781e+02, 2.972240600585938e+02, 2.972647094726562e+02, 2.972618408203125e+02, 2.974757690429688e+02, 2.972702026367188e+02, 2.973665161132812e+02, 2.975182495117188e+02, 2.97516845703125e+02, 2.976103820800781e+02, 2.977155151367188e+02, 2.976116027832031e+02, 2.973373718261719e+02, 2.969981384277344e+02, 2.967841796875e+02, 2.966358947753906e+02, 2.963646850585938e+02, 2.960120544433594e+02]
conHea.y=[1.13686837721616e-13, 6.891853213310242e-01, 0e+00, 6.166033744812012e-01, 3.252488970756531e-01, 4.179806709289551e-01, 3.7028568983078e-01, 2.334046922624111e-02, 3.384261131286621e-01, 5.480192303657532e-01, 5.519956946372986e-01, 4.545265436172485e-01, 0e+00, 0e+00, 1e+00, 4.946155846118927e-01, 5.098856091499329e-01, 0e+00, 0e+00, 1e+00, 8.432787656784058e-01, 6.369898915290833e-01, 0e+00, 0e+00, 1e+00, 7.449692487716675e-01, 6.096439957618713e-01, 0e+00, 0e+00, 1e+00, 5.454909801483154e-01, 4.3415367603302e-01, 0e+00, 0e+00, 9.504544138908386e-01, 3.533994853496552e-01, 4.496597051620483e-01, 3.243119120597839e-01, 8.365568518638611e-02, 5.594070553779602e-01, 7.119600176811218e-01, 3.891525864601135e-01, 3.540606498718262e-01, 0e+00, 6.47235095500946e-01, 5.760765075683594e-01, 3.795538544654846e-01, 0e+00, 0e+00, 0e+00, 0e+00, 8.367731422185898e-02, 0e+00, 0e+00, 0e+00, 0e+00, 0e+00, 0e+00, 0e+00, 0e+00, 0e+00, 1.592017561197281e-01, 0e+00, 0e+00, 0e+00, 1.24968484044075e-01, 1.972760073840618e-02, 0e+00, 0e+00, 0e+00, 0e+00, 0e+00, 0e+00, 0e+00, 0e+00, 0e+00, 0e+00, 0e+00, 0e+00, 0e+00, 0e+00, 0e+00, 0e+00, 0e+00, 0e+00, 0e+00, 0e+00, 0e+00, 0e+00, 0e+00, 0e+00, 0e+00, 0e+00, 0e+00, 0e+00, 0e+00, 0e+00, 0e+00, 0e+00, 0e+00, 0e+00]
conCoo.y=[0e+00, 0e+00, 0e+00, 0e+00, 0e+00, 0e+00, 0e+00, 0e+00, 0e+00, 0e+00, 0e+00, 0e+00, 0e+00, 0e+00, 0e+00, 0e+00, 0e+00, 0e+00, 0e+00, 0e+00, 0e+00, 0e+00, 0e+00, 0e+00, 0e+00, 0e+00, 0e+00, 0e+00, 0e+00, 0e+00, 0e+00, 0e+00, 0e+00, 0e+00, 0e+00, 0e+00, 0e+00, 0e+00, 0e+00, 0e+00, 0e+00, 0e+00, 0e+00, 0e+00, 0e+00, 0e+00, 0e+00, 0e+00, 0e+00, 0e+00, 0e+00, 0e+00, 0e+00, 0e+00, 0e+00, 0e+00, 0e+00, 0e+00, 0e+00, 0e+00, 0e+00, 0e+00, 0e+00, 0e+00, 0e+00, 0e+00, 0e+00, 0e+00, 0e+00, 0e+00, 0e+00, 0e+00, 0e+00, 0e+00, 0e+00, 0e+00, 0e+00, 0e+00, 0e+00, 0e+00, 0e+00, 0e+00, 0e+00, 7.858113944530487e-02, 0e+00, 0e+00, 0e+00, 1.21061384677887e-01, 1e+00, 0e+00, 0e+00, 0e+00, 0e+00, 0e+00, 0e+00, 0e+00, 0e+00, 0e+00, 0e+00, 0e+00, 0e+00]
livFlo.qFro_flow=[1.036617398262024e+00, 2.262608528137207e+01, 1.158062648773193e+01, 1.379858779907227e+01, 1.748823165893555e+01, 1.629772758483887e+01, 1.612856292724609e+01, 1.151563358306885e+01, 1.082943916320801e+01, 1.625312995910645e+01, 1.739578628540039e+01, 1.762931251525879e+01, 9.46222972869873e+00, 4.121398448944092e+00, 1.268464756011963e+01, 1.705544853210449e+01, 1.825328063964844e+01, 8.805542945861816e+00, 6.152299880981445e+00, 1.601784515380859e+01, 1.937005043029785e+01, 2.009668922424316e+01, 1.00886116027832e+01, 6.374157905578613e+00, 1.318636703491211e+01, 1.818233680725098e+01, 1.996949195861816e+01, 8.465246200561523e+00, 4.061071872711182e+00, 1.158302593231201e+01, 1.293475437164307e+01, 1.419946479797363e+01, 1.004140853881836e+01, 4.374155044555664e+00, 9.119972229003906e+00, 8.762385368347168e+00, 1.15804386138916e+01, 9.978431701660156e+00, 9.260750770568848e+00, 1.119965648651123e+01, 1.303105640411377e+01, 1.36365385055542e+01, 1.329442882537842e+01, 6.749752998352051e+00, 1.344585800170898e+01, 1.601572227478027e+01, 1.499123764038086e+01, 4.06076192855835e+00, 4.72254753112793e-01, 3.66681981086731e+00, 2.939142942428589e+00, 3.680991411209106e+00, -2.406651258468628e+00, -3.656874895095825e+00, 2.855731844902039e-01, 5.793593525886536e-01, 6.140394806861877e-01, -1.674561381340027e+00, -3.844702243804932e-01, 2.843035221099854e+00, 2.334714651107788e+00, 6.286942481994629e+00, -6.073392629623413e-01, -1.917873740196228e+00, 2.894612789154053e+00, 2.939757347106934e+00, 4.947354316711426e+00, -2.016121625900269e+00, -3.59064793586731e+00, 2.474886626005173e-01, 2.180399894714355e-01, 1.214248061180115e+00, -2.928142070770264e+00, -4.163030624389648e+00, -1.117754817008972e+00, -4.900083243846893e-01, -2.755884081125259e-02, -3.184587955474854e+00, -4.259352207183838e+00, -1.337295055389404e+00, -3.97271990776062e-01, 1.063996329903603e-01, -3.940599918365479e+00, -5.409572124481201e+00, -4.99920517206192e-01, 2.540349066257477e-01, -1.517231315374374e-01, -4.194329261779785e+00, -3.745849132537842e+00, 1.821345090866089e-01, 1.635747790336609e+00, 1.139070749282837e+00, -2.667451858520508e+00, -1.680825710296631e+00, 3.394037961959839e+00, 3.096362352371216e+00, 3.293920040130615e+00, -1.430288791656494e+00, 1.562981456518173e-01, 4.033902645111084e+00, 3.632863998413086e+00]
livFlo.qBac_flow=[-0e+00, -0e+00, -0e+00, -0e+00, -0e+00, -0e+00, -0e+00, -0e+00, -0e+00, -0e+00, -0e+00, -0e+00, -0e+00, -0e+00, -0e+00, -0e+00, -0e+00, -0e+00, -0e+00, -0e+00, -0e+00, -0e+00, -0e+00, -0e+00, -0e+00, -0e+00, -0e+00, -0e+00, -0e+00, -0e+00, -0e+00, -0e+00, -0e+00, -0e+00, -0e+00, -0e+00, -0e+00, -0e+00, -0e+00, -0e+00, -0e+00, -0e+00, -0e+00, -0e+00, -0e+00, -0e+00, -0e+00, -0e+00, -0e+00, -0e+00, -0e+00, -0e+00, -0e+00, -0e+00, -0e+00, -0e+00, -0e+00, -0e+00, -0e+00, -0e+00, -0e+00, -0e+00, -0e+00, -0e+00, -0e+00, -0e+00, -0e+00, -0e+00, -0e+00, -0e+00, -0e+00, -0e+00, -0e+00, -0e+00, -0e+00, -0e+00, -0e+00, -0e+00, -0e+00, -0e+00, -0e+00, -0e+00, -0e+00, -0e+00, -0e+00, -0e+00, -0e+00, -0e+00, -0e+00, -0e+00, -0e+00, -0e+00, -0e+00, -0e+00, -0e+00, -0e+00, -0e+00, -0e+00, -0e+00, -0e+00, -0e+00]
attFlo.qFro_flow=[8.880946350097656e+01, 5.563167953491211e+01, -4.535643768310547e+01, 1.453072643280029e+01, 3.038424491882324e+01, 1.895446586608887e+01, 1.319871807098389e+01, -2.97176570892334e+01, -4.222281455993652e+00, 1.851532936096191e+01, 1.904358291625977e+01, 2.247389793395996e+01, -1.09659252166748e+01, -4.883795928955078e+01, 2.567981910705566e+01, 2.3366943359375e+01, 2.057179069519043e+01, -5.12813835144043e+01, 4.193977355957031e+00, 2.252006340026855e+01, 3.235604095458984e+01, 2.25145263671875e+01, -4.705088424682617e+01, -3.996062994003296e+00, 1.82879581451416e+01, 2.951021385192871e+01, 3.088772773742676e+01, -8.851371002197266e+01, -4.435076904296875e+01, 4.095861053466797e+01, 2.342670440673828e+01, 1.848410034179688e+01, 1.570454406738281e+01, -9.116700172424316e+00, 1.93806529045105e+00, -2.241978168487549e+00, 3.775212049484253e+00, -1.081113052368164e+01, -9.90772819519043e+00, 7.42026424407959e+00, 7.828718662261963e+00, 9.855978965759277e+00, -8.007997274398804e-01, -7.9305908203125e+01, 3.690652465820312e+01, 3.513530349731445e+01, 2.805597686767578e+01, -5.918228912353516e+01, -4.919950103759766e+01, 2.389870834350586e+01, 2.094974708557129e+01, 1.618366813659668e+01, -5.437787246704102e+01, -5.085125732421875e+01, 1.490752410888672e+01, 1.768730354309082e+01, 1.407221508026123e+01, -6.420367240905762e+00, 1.091384696960449e+01, 3.25037727355957e+01, 2.740806198120117e+01, 2.608540344238281e+01, -6.689834594726562e+01, -5.952957916259766e+01, 4.204452896118164e+01, 3.924403381347656e+01, 3.195010566711426e+01, -7.091422271728516e+01, -4.897520446777344e+01, 1.607640075683594e+01, 1.329545116424561e+01, 2.070065116882324e+01, -5.719248199462891e+01, -4.795321273803711e+01, 2.08518238067627e+01, 2.362189483642578e+01, 2.181429100036621e+01, -4.421003341674805e+01, -3.712466812133789e+01, 1.879968643188477e+01, 2.508746147155762e+01, 2.639921569824219e+01, -2.515114402770996e+01, -5.733998870849609e+01, 3.536767578125e+01, 3.435702133178711e+01, 2.171671485900879e+01, -3.078057479858398e+01, -4.485126495361328e+01, 1.608609580993652e+01, 4.180567169189453e+01, 3.213693237304688e+01, -2.712767791748047e+01, -3.47104811668396e+00, 5.30693359375e+01, 3.966177749633789e+01, 3.239233779907227e+01, -2.744664573669434e+01, 5.946516036987305e+00, 3.019794273376465e+01, 2.261583709716797e+01]
attFlo.qBac_flow=[1.543786764144897e+00, -6.5074143409729e+00, -4.782219886779785e+00, -3.377856731414795e+00, -4.047637939453125e+00, -3.327943325042725e+00, -3.412069797515869e+00, -3.499578952789307e+00, -2.605153322219849e+00, -3.565984487533569e+00, -3.855308294296265e+00, -3.808300018310547e+00, -4.315481185913086e+00, -3.537677764892578e+00, -1.665038466453552e+00, -4.104331493377686e+00, -4.261420249938965e+00, -5.739824295043945e+00, -1.535580515861511e+00, -3.296237230300903e+00, -4.612576007843018e+00, -4.882479667663574e+00, -6.846109867095947e+00, -2.913996934890747e+00, -2.220580816268921e+00, -4.49647045135498e+00, -5.005859851837158e+00, -7.193208694458008e+00, -5.264860153198242e+00, -7.313622832298279e-01, -2.326200008392334e+00, -2.809182643890381e+00, -2.008810043334961e+00, -1.855830073356628e+00, -1.617220044136047e+00, -2.286499261856079e+00, -3.551569938659668e+00, -3.360836505889893e+00, -3.550465822219849e+00, -3.052817583084106e+00, -2.827813386917114e+00, -3.756189346313477e+00, -3.950073719024658e+00, -4.28756046295166e+00, -3.039112091064453e+00, -3.480297803878784e+00, -2.998294830322266e+00, -6.756088733673096e+00, -7.238223552703857e+00, -5.437123775482178e-01, 1.035281538963318e+00, 8.804612755775452e-01, -5.375104427337646e+00, -7.490308284759521e+00, -1.736854672431946e+00, -2.393231242895126e-01, 3.735150396823883e-01, -2.695339918136597e+00, -1.176181674003601e+00, 2.535415410995483e+00, 2.99177360534668e+00, 1.470941781997681e+00, -4.084228992462158e+00, -5.422530651092529e+00, 1.162016272544861e+00, 2.848329305648804e+00, 1.61610746383667e+00, -5.693946838378906e+00, -7.815718650817871e+00, -1.892672061920166e+00, -7.405061721801758e-01, 9.890380501747131e-01, -3.448262453079224e+00, -6.011008739471436e+00, -2.259651899337769e+00, -5.10623574256897e-01, 6.265767216682434e-01, -3.12346887588501e+00, -5.453708648681641e+00, -1.860039234161377e+00, 7.77827724814415e-02, 1.06616747379303e+00, -4.500192642211914e+00, -7.502439975738525e+00, -1.330297350883484e+00, 7.925475239753723e-01, 1.126782178878784e+00, -4.708905696868896e+00, -1.104010486602783e+01, -4.387861728668213e+00, 3.316285610198975e-01, 1.271203637123108e+00, -2.703254222869873e+00, -1.85986340045929e+00, 3.704482316970825e+00, 5.02502965927124e+00, 5.867398262023926e+00, 1.145235657691956e+00, 1.328613996505737e+00, 4.465770721435547e+00, 4.972063064575195e+00]
slaFlo.surf_a.Q_flow=[-1.926390533447266e+02, -4.2047021484375e+03, -2.1520771484375e+03, -2.56425048828125e+03, -3.249912841796875e+03, -3.028676513671875e+03, -2.99723974609375e+03, -2.13999951171875e+03, -2.012481079101562e+03, -3.020388671875e+03, -3.2327333984375e+03, -3.276130615234375e+03, -1.758406494140625e+03, -7.658970947265625e+02, -2.357242431640625e+03, -3.169487060546875e+03, -3.39208544921875e+03, -1.63637158203125e+03, -1.14330810546875e+03, -2.976664794921875e+03, -3.599619384765625e+03, -3.734653564453125e+03, -1.874809814453125e+03, -1.184536987304688e+03, -2.45047900390625e+03, -3.378901611328125e+03, -3.71101611328125e+03, -1.5731328125e+03, -7.546863403320312e+02, -2.152523193359375e+03, -2.403720703125e+03, -2.638747314453125e+03, -1.866037841796875e+03, -8.12867919921875e+02, -1.694803466796875e+03, -1.628351684570312e+03, -2.15204248046875e+03, -1.854334716796875e+03, -1.720964965820312e+03, -2.081280029296875e+03, -2.421616943359375e+03, -2.53413623046875e+03, -2.470560546875e+03, -1.25433544921875e+03, -2.498701171875e+03, -2.976270263671875e+03, -2.7858857421875e+03, -7.546287231445312e+02, -8.776112365722656e+01, -6.814207763671875e+02, -5.461935424804688e+02, -6.840543823242188e+02, 4.472383117675781e+02, 6.795726928710938e+02, -5.306928253173828e+01, -1.076648254394531e+02, -1.141095886230469e+02, 3.1119091796875e+02, 7.144774627685547e+01, -5.283333740234375e+02, -4.338700256347656e+02, -1.168329467773438e+03, 1.128644485473633e+02, 3.564066772460938e+02, -5.379182739257812e+02, -5.463076782226562e+02, -9.193880004882812e+02, 3.746644897460938e+02, 6.672654418945312e+02, -4.599187469482422e+01, -4.051930618286133e+01, -2.256488952636719e+02, 5.44149169921875e+02, 7.736337890625e+02, 2.077171630859375e+02, 9.106034088134766e+01, 5.121376991271973e+00, 5.918056030273438e+02, 7.9153369140625e+02, 2.485152740478516e+02, 7.382675170898438e+01, -1.97726993560791e+01, 7.322985229492188e+02, 1.005283874511719e+03, 9.290236663818359e+01, -4.720839309692383e+01, 2.819535636901855e+01, 7.794501342773438e+02, 6.96107177734375e+02, -3.384683609008789e+01, -3.0397802734375e+02, -2.116784057617188e+02, 4.957039794921875e+02, 3.123550415039062e+02, -6.307285766601562e+02, -5.754102172851562e+02, -6.121232299804688e+02, 2.657966918945312e+02, -2.904555320739746e+01, -7.496373901367188e+02, -6.751106567382812e+02]
hea.Q_flow=[0e+00, 4.935029296875e+03, -0e+00, 5.16521826171875e+03, 1.770619506835938e+03, 2.785009033203125e+03, 2.262159423828125e+03, 0e+00, 2.454366455078125e+03, 4.2086845703125e+03, 4.144337890625e+03, 3.083657958984375e+03, 0e+00, 0e+00, 9.327900390625e+03, 3.5013603515625e+03, 3.606559326171875e+03, 0e+00, 0e+00, 8.9891796875e+03, 7.16411181640625e+03, 4.93219287109375e+03, -0e+00, -0e+00, 9.2988984375e+03, 6.1525234375e+03, 4.5700859375e+03, 0e+00, 0e+00, 9.471666015625e+03, 4.61873046875e+03, 3.175339599609375e+03, -0e+00, -0e+00, 9.1243515625e+03, 2.929378662109375e+03, 3.630267333984375e+03, 2.40669287109375e+03, -9.81538201411114e-13, 4.9360458984375e+03, 6.43231103515625e+03, 2.749302734375e+03, 2.381239501953125e+03, 0e+00, 5.44215185546875e+03, 4.5000830078125e+03, 2.4958359375e+03, 0e+00, 0e+00, 0e+00, 0e+00, 9.792511853484731e-13, 0e+00, 0e+00, 0e+00, 0e+00, 0e+00, 0e+00, 0e+00, 0e+00, 0e+00, 7.448624267578125e+02, 0e+00, 0e+00, 0e+00, 1.64774010408264e-12, 0e+00, -0e+00, -0e+00, -0e+00, -0e+00, -0e+00, -0e+00, -0e+00, -0e+00, -0e+00, -0e+00, -0e+00, -0e+00, -0e+00, -0e+00, -0e+00, -0e+00, -0e+00, -0e+00, -0e+00, -0e+00, -0e+00, -0e+00, -0e+00, -0e+00, -0e+00, -0e+00, -0e+00, -0e+00, -0e+00, -0e+00, -0e+00, -0e+00, -0e+00, -0e+00]
livFlo.heaPorBac.T=[2.931499938964844e+02, 2.931499938964844e+02, 2.931499938964844e+02, 2.931499938964844e+02, 2.931499938964844e+02, 2.931499938964844e+02, 2.931499938964844e+02, 2.931499938964844e+02, 2.931499938964844e+02, 2.931499938964844e+02, 2.931500244140625e+02, 2.931500244140625e+02, 2.931500549316406e+02, 2.931501159667969e+02, 2.931502075195312e+02, 2.931502990722656e+02, 2.931504516601562e+02, 2.93150634765625e+02, 2.931508483886719e+02, 2.931510925292969e+02, 2.931514282226562e+02, 2.931517639160156e+02, 2.931521911621094e+02, 2.931526489257812e+02, 2.931531677246094e+02, 2.931537475585938e+02, 2.931543579101562e+02, 2.93155029296875e+02, 2.931557312011719e+02, 2.93156494140625e+02, 2.931573181152344e+02, 2.931581726074219e+02, 2.931590881347656e+02, 2.931600341796875e+02, 2.931610412597656e+02, 2.931620788574219e+02, 2.931631774902344e+02, 2.93164306640625e+02, 2.931654663085938e+02, 2.931666870117188e+02, 2.931679077148438e+02, 2.93169189453125e+02, 2.931705017089844e+02, 2.931718444824219e+02, 2.931732177734375e+02, 2.931745910644531e+02, 2.93176025390625e+02, 2.931774291992188e+02, 2.931788940429688e+02, 2.931803588867188e+02, 2.931818542480469e+02, 2.93183349609375e+02, 2.931848754882812e+02, 2.931864013671875e+02, 2.931879272460938e+02, 2.931894836425781e+02, 2.931910705566406e+02, 2.931926574707031e+02, 2.931942443847656e+02, 2.931958312988281e+02, 2.931974487304688e+02, 2.931990661621094e+02, 2.9320068359375e+02, 2.932023010253906e+02, 2.932039184570312e+02, 2.932055053710938e+02, 2.932070922851562e+02, 2.932086791992188e+02, 2.932102661132812e+02, 2.932118225097656e+02, 2.9321337890625e+02, 2.932149353027344e+02, 2.932164611816406e+02, 2.932179565429688e+02, 2.932194519042969e+02, 2.93220947265625e+02, 2.93222412109375e+02, 2.93223876953125e+02, 2.932253112792969e+02, 2.932267761230469e+02, 2.932281799316406e+02, 2.932295837402344e+02, 2.932309875488281e+02, 2.932323913574219e+02, 2.932337951660156e+02, 2.932351684570312e+02, 2.932365417480469e+02, 2.932379455566406e+02, 2.932393188476562e+02, 2.932406921386719e+02, 2.932420959472656e+02, 2.932434997558594e+02, 2.932449340820312e+02, 2.932463684082031e+02, 2.932478332519531e+02, 2.932492980957031e+02, 2.932508239746094e+02, 2.932523498535156e+02, 2.932539367675781e+02, 2.932555236816406e+02, 2.932571716308594e+02]
