last-generated=2013-10-03
dummy=[3.00000000000000000000, 3.00000000000000000000]
time=[0.00000000000000000000, 1.00000000000000000000]
