last-generated=2026-09-28
statistics-initialization=
{
  "nonlinear": "1, 1",
  "numerical Jacobians": "0"
}
statistics-simulation=
{
  "linear": " ",
  "nonlinear": "1, 1",
  "number of continuous time states": "13",
  "numerical Jacobians": "0"
}
time=[0e+00, 7.2e+03]
utiLiq.y[1]=[0e+00, 0e+00, 0e+00, 0e+00, 0e+00, 0e+00, 0e+00, 0e+00, 0e+00, 0e+00, 0e+00, 0e+00, 0e+00, 1.999999955296516e-02, 5.999999865889556e-02, 1.000000014901161e-01, 1.400000005960464e-01, 1.800000071525574e-01, 2.199999988079071e-01, 2.599999904632568e-01, 3.00000011920929e-01, 3.400000035762787e-01, 3.799999952316284e-01, 4.199999868869781e-01, 4.600000083446503e-01, 5e-01, 5e-01, 5e-01, 5e-01, 5e-01, 5e-01, 5e-01, 5e-01, 5e-01, 5e-01, 5e-01, 5e-01, 5e-01, 5e-01, 5e-01, 5e-01, 5e-01, 5e-01, 5e-01, 5e-01, 5e-01, 5e-01, 5e-01, 5e-01, 5e-01, 5e-01, 5e-01, 5e-01, 5e-01, 5e-01, 5e-01, 5e-01, 5e-01, 5e-01, 5e-01, 5e-01, 5e-01, 5e-01, 5e-01, 5e-01, 5e-01, 5e-01, 5e-01, 5e-01, 5e-01, 5e-01, 5e-01, 5e-01, 5e-01, 5e-01, 5e-01, 5.400000214576721e-01, 5.799999833106995e-01, 6.200000047683716e-01, 6.600000262260437e-01, 6.99999988079071e-01, 7.400000095367432e-01, 7.799999713897705e-01, 8.199999928474426e-01, 8.600000143051147e-01, 8.999999761581421e-01, 9.399999976158142e-01, 9.800000190734863e-01, 1e+00, 1e+00, 1e+00, 1e+00, 1e+00, 1e+00, 1e+00, 1e+00, 1e+00, 1e+00, 1e+00, 1e+00, 1e+00]
utiAir.y=[1e+00, 1e+00]
senTLiq_a.T=[3.031499938964844e+02, 2.983207397460938e+02, 2.985506286621094e+02, 2.988166198730469e+02, 2.991201782226562e+02, 2.994463806152344e+02, 2.997854614257812e+02, 3.001315002441406e+02, 3.004812622070312e+02, 3.008329467773438e+02, 3.011856994628906e+02, 3.015389709472656e+02, 3.018925476074219e+02, 3.027746276855469e+02, 3.079453430175781e+02, 3.151889343261719e+02, 3.15212646484375e+02, 3.15212646484375e+02, 3.15212646484375e+02, 3.15212646484375e+02, 3.15212646484375e+02, 3.152093200683594e+02, 3.152051086425781e+02, 3.152015991210938e+02, 3.151986694335938e+02, 3.151961059570312e+02, 3.151959838867188e+02, 3.151960144042969e+02, 3.15196044921875e+02, 3.15196044921875e+02, 3.15196044921875e+02, 3.15196044921875e+02, 3.15196044921875e+02, 3.15196044921875e+02, 3.15196044921875e+02, 3.15196044921875e+02, 3.15196044921875e+02, 3.15196044921875e+02, 3.15196044921875e+02, 3.15196044921875e+02, 3.15196044921875e+02, 3.15196044921875e+02, 3.15196044921875e+02, 3.15196044921875e+02, 3.15196044921875e+02, 3.15196044921875e+02, 3.15196044921875e+02, 3.15196044921875e+02, 3.15196044921875e+02, 3.15196044921875e+02, 3.15196044921875e+02, 3.15196044921875e+02, 3.15196044921875e+02, 3.15196044921875e+02, 3.15196044921875e+02, 3.15196044921875e+02, 3.15196044921875e+02, 3.15196044921875e+02, 3.15196044921875e+02, 3.15196044921875e+02, 3.15196044921875e+02, 3.15196044921875e+02, 3.15196044921875e+02, 3.15196044921875e+02, 3.15196044921875e+02, 3.15196044921875e+02, 3.15196044921875e+02, 3.15196044921875e+02, 3.15196044921875e+02, 3.15196044921875e+02, 3.15196044921875e+02, 3.15196044921875e+02, 3.15196044921875e+02, 3.15196044921875e+02, 3.15196044921875e+02, 3.15196044921875e+02, 3.151939086914062e+02, 3.151919250488281e+02, 3.151902160644531e+02, 3.151886901855469e+02, 3.151873779296875e+02, 3.151861877441406e+02, 3.151851501464844e+02, 3.151841735839844e+02, 3.151833190917969e+02, 3.151825256347656e+02, 3.151818237304688e+02, 3.151812438964844e+02, 3.151809692382812e+02, 3.151810302734375e+02, 3.151810913085938e+02, 3.151811218261719e+02, 3.151811218261719e+02, 3.151811218261719e+02, 3.151811218261719e+02, 3.1518115234375e+02, 3.1518115234375e+02, 3.1518115234375e+02, 3.1518115234375e+02, 3.1518115234375e+02, 3.1518115234375e+02]
senTLiq_b.T=[2.931499938964844e+02, 2.983106384277344e+02, 2.985261840820312e+02, 2.987893371582031e+02, 2.990911254882812e+02, 2.994162902832031e+02, 2.997547912597656e+02, 3.001005249023438e+02, 3.004501037597656e+02, 3.008017272949219e+02, 3.011544189453125e+02, 3.015076904296875e+02, 3.018612365722656e+02, 3.029466857910156e+02, 3.085635681152344e+02, 3.172301330566406e+02, 3.182568359375e+02, 3.19149169921875e+02, 3.2004150390625e+02, 3.209338073730469e+02, 3.218261413574219e+02, 3.221476135253906e+02, 3.22155517578125e+02, 3.221565246582031e+02, 3.22156982421875e+02, 3.22157470703125e+02, 3.221506958007812e+02, 3.221500549316406e+02, 3.221499938964844e+02, 3.221499938964844e+02, 3.221499938964844e+02, 3.221499938964844e+02, 3.221499938964844e+02, 3.221499938964844e+02, 3.221499938964844e+02, 3.221499938964844e+02, 3.221499938964844e+02, 3.221499938964844e+02, 3.221499938964844e+02, 3.221499938964844e+02, 3.221499938964844e+02, 3.221499938964844e+02, 3.221499938964844e+02, 3.221499938964844e+02, 3.221499938964844e+02, 3.221499938964844e+02, 3.221499938964844e+02, 3.221499938964844e+02, 3.221499938964844e+02, 3.221499938964844e+02, 3.221499938964844e+02, 3.221499938964844e+02, 3.221499938964844e+02, 3.221499938964844e+02, 3.221499938964844e+02, 3.221499938964844e+02, 3.221499938964844e+02, 3.221499938964844e+02, 3.221499938964844e+02, 3.221499938964844e+02, 3.221499938964844e+02, 3.221499938964844e+02, 3.221499938964844e+02, 3.221499938964844e+02, 3.221499938964844e+02, 3.221499938964844e+02, 3.221499938964844e+02, 3.221499938964844e+02, 3.221499938964844e+02, 3.221499938964844e+02, 3.221499938964844e+02, 3.221499938964844e+02, 3.221499938964844e+02, 3.221499938964844e+02, 3.221499938964844e+02, 3.221499938964844e+02, 3.221573486328125e+02, 3.2215869140625e+02, 3.221596374511719e+02, 3.221607055664062e+02, 3.22162109375e+02, 3.221639404296875e+02, 3.221664428710938e+02, 3.22169921875e+02, 3.221750793457031e+02, 3.221832275390625e+02, 3.221972351074219e+02, 3.222237548828125e+02, 3.222063903808594e+02, 3.221934814453125e+02, 3.22187744140625e+02, 3.221846618652344e+02, 3.221830139160156e+02, 3.221821594238281e+02, 3.221816711425781e+02, 3.221814270019531e+02, 3.221813049316406e+02, 3.221812438964844e+02, 3.221811828613281e+02, 3.221811828613281e+02, 3.2218115234375e+02]
senTAir_a.T=[3.031499938964844e+02, 3.031499938964844e+02]
senTAir_b.T=[2.931499938964844e+02, 3.131505432128906e+02, 3.131505432128906e+02, 3.131505432128906e+02, 3.131505432128906e+02, 3.131505432128906e+02, 3.131505432128906e+02, 3.131505432128906e+02, 3.131505432128906e+02, 3.131505432128906e+02, 3.131505432128906e+02, 3.131505432128906e+02, 3.131505432128906e+02, 3.131505432128906e+02, 3.131505432128906e+02, 3.131505432128906e+02, 3.131505432128906e+02, 3.131505432128906e+02, 3.131505432128906e+02, 3.131505432128906e+02, 3.131505432128906e+02, 3.131505432128906e+02, 3.131505432128906e+02, 3.131505432128906e+02, 3.131505432128906e+02, 3.131505432128906e+02, 3.131505432128906e+02, 3.131505432128906e+02, 3.131505432128906e+02, 3.131505432128906e+02, 3.131505432128906e+02, 3.131505432128906e+02, 3.131505432128906e+02, 3.131505432128906e+02, 3.131505432128906e+02, 3.131505432128906e+02, 3.131505432128906e+02, 3.131505432128906e+02, 3.131505432128906e+02, 3.131505432128906e+02, 3.131505432128906e+02, 3.131505432128906e+02, 3.131505432128906e+02, 3.131505432128906e+02, 3.131505432128906e+02, 3.131505432128906e+02, 3.131505432128906e+02, 3.131505432128906e+02, 3.131505432128906e+02, 3.131505432128906e+02, 3.131505432128906e+02, 3.131505432128906e+02, 3.131505432128906e+02, 3.131505432128906e+02, 3.131505432128906e+02, 3.131505432128906e+02, 3.131505432128906e+02, 3.131505432128906e+02, 3.131505432128906e+02, 3.131505432128906e+02, 3.131505432128906e+02, 3.131505432128906e+02, 3.131505432128906e+02, 3.131505432128906e+02, 3.131505432128906e+02, 3.131505432128906e+02, 3.131505432128906e+02, 3.131505432128906e+02, 3.131505432128906e+02, 3.131505432128906e+02, 3.131505432128906e+02, 3.131505432128906e+02, 3.131505432128906e+02, 3.131505432128906e+02, 3.131505432128906e+02, 3.131505432128906e+02, 3.131505432128906e+02, 3.131505432128906e+02, 3.131505432128906e+02, 3.131505432128906e+02, 3.131505432128906e+02, 3.131505432128906e+02, 3.131505432128906e+02, 3.131505432128906e+02, 3.131505432128906e+02, 3.131505432128906e+02, 3.131505432128906e+02, 3.131505432128906e+02, 3.131505432128906e+02, 3.131505432128906e+02, 3.131505432128906e+02, 3.131505432128906e+02, 3.131505432128906e+02, 3.131505432128906e+02, 3.131505432128906e+02, 3.131505432128906e+02, 3.131505432128906e+02, 3.131505432128906e+02, 3.131505432128906e+02, 3.131505432128906e+02, 3.131505432128906e+02]
rac.PLiqTot=[0e+00, 0e+00, 0e+00, 0e+00, 0e+00, 0e+00, 0e+00, 0e+00, 0e+00, 0e+00, 0e+00, 0e+00, 0e+00, 1.2672e+04, 3.801600000000004e+04, 6.336e+04, 8.8704e+04, 1.14048e+05, 1.39392e+05, 1.64736e+05, 1.9008e+05, 2.15424e+05, 2.40768e+05, 2.66112e+05, 2.91456e+05, 3.168e+05, 3.168e+05, 3.168e+05, 3.168e+05, 3.168e+05, 3.168e+05, 3.168e+05, 3.168e+05, 3.168e+05, 3.168e+05, 3.168e+05, 3.168e+05, 3.168e+05, 3.168e+05, 3.168e+05, 3.168e+05, 3.168e+05, 3.168e+05, 3.168e+05, 3.168e+05, 3.168e+05, 3.168e+05, 3.168e+05, 3.168e+05, 3.168e+05, 3.168e+05, 3.168e+05, 3.168e+05, 3.168e+05, 3.168e+05, 3.168e+05, 3.168e+05, 3.168e+05, 3.168e+05, 3.168e+05, 3.168e+05, 3.168e+05, 3.168e+05, 3.168e+05, 3.168e+05, 3.168e+05, 3.168e+05, 3.168e+05, 3.168e+05, 3.168e+05, 3.168e+05, 3.168e+05, 3.168e+05, 3.168e+05, 3.168e+05, 3.168e+05, 3.42144e+05, 3.67488e+05, 3.92832e+05, 4.18176e+05, 4.4352e+05, 4.68864e+05, 4.94208e+05, 5.19552e+05, 5.44896e+05, 5.7024e+05, 5.95584e+05, 6.20928e+05, 6.336e+05, 6.336e+05, 6.336e+05, 6.336e+05, 6.336e+05, 6.336e+05, 6.336e+05, 6.336e+05, 6.336e+05, 6.336e+05, 6.336e+05, 6.336e+05, 6.336e+05]
rac.PAirTot=[6.336e+04, 6.58980078125e+04, 6.58980078125e+04, 6.58980078125e+04, 6.58980078125e+04, 6.58980078125e+04, 6.58980078125e+04, 6.58980078125e+04, 6.58980078125e+04, 6.58980078125e+04, 6.58980078125e+04, 6.58980078125e+04, 6.58980078125e+04, 6.58980078125e+04, 6.58980078125e+04, 6.58980078125e+04, 6.58980078125e+04, 6.58980078125e+04, 6.58980078125e+04, 6.58980078125e+04, 6.58980078125e+04, 6.58980078125e+04, 6.58980078125e+04, 6.58980078125e+04, 6.58980078125e+04, 6.58980078125e+04, 6.58980078125e+04, 6.58980078125e+04, 6.58980078125e+04, 6.58980078125e+04, 6.58980078125e+04, 6.58980078125e+04, 6.58980078125e+04, 6.58980078125e+04, 6.58980078125e+04, 6.58980078125e+04, 6.58980078125e+04, 6.58980078125e+04, 6.58980078125e+04, 6.58980078125e+04, 6.58980078125e+04, 6.58980078125e+04, 6.58980078125e+04, 6.58980078125e+04, 6.58980078125e+04, 6.58980078125e+04, 6.58980078125e+04, 6.58980078125e+04, 6.58980078125e+04, 6.58980078125e+04, 6.58980078125e+04, 6.58980078125e+04, 6.58980078125e+04, 6.58980078125e+04, 6.58980078125e+04, 6.58980078125e+04, 6.58980078125e+04, 6.58980078125e+04, 6.58980078125e+04, 6.58980078125e+04, 6.58980078125e+04, 6.58980078125e+04, 6.58980078125e+04, 6.58980078125e+04, 6.58980078125e+04, 6.58980078125e+04, 6.58980078125e+04, 6.58980078125e+04, 6.58980078125e+04, 6.58980078125e+04, 6.58980078125e+04, 6.58980078125e+04, 6.58980078125e+04, 6.58980078125e+04, 6.58980078125e+04, 6.58980078125e+04, 6.58980078125e+04, 6.58980078125e+04, 6.58980078125e+04, 6.58980078125e+04, 6.58980078125e+04, 6.58980078125e+04, 6.58980078125e+04, 6.58980078125e+04, 6.58980078125e+04, 6.58980078125e+04, 6.58980078125e+04, 6.58980078125e+04, 6.58980078125e+04, 6.58980078125e+04, 6.58980078125e+04, 6.58980078125e+04, 6.58980078125e+04, 6.58980078125e+04, 6.58980078125e+04, 6.58980078125e+04, 6.58980078125e+04, 6.58980078125e+04, 6.58980078125e+04, 6.58980078125e+04, 6.58980078125e+04]
rac.PAirFan=[0e+00, 2.53801171875e+03, 2.53801171875e+03, 2.53801171875e+03, 2.53801171875e+03, 2.53801171875e+03, 2.53801171875e+03, 2.53801171875e+03, 2.53801171875e+03, 2.53801171875e+03, 2.53801171875e+03, 2.53801171875e+03, 2.53801171875e+03, 2.53801171875e+03, 2.53801171875e+03, 2.53801171875e+03, 2.53801171875e+03, 2.53801171875e+03, 2.53801171875e+03, 2.53801171875e+03, 2.53801171875e+03, 2.53801171875e+03, 2.53801171875e+03, 2.53801171875e+03, 2.53801171875e+03, 2.53801171875e+03, 2.53801171875e+03, 2.53801171875e+03, 2.53801171875e+03, 2.53801171875e+03, 2.53801171875e+03, 2.53801171875e+03, 2.53801171875e+03, 2.53801171875e+03, 2.53801171875e+03, 2.53801171875e+03, 2.53801171875e+03, 2.53801171875e+03, 2.53801171875e+03, 2.53801171875e+03, 2.53801171875e+03, 2.53801171875e+03, 2.53801171875e+03, 2.53801171875e+03, 2.53801171875e+03, 2.53801171875e+03, 2.53801171875e+03, 2.53801171875e+03, 2.53801171875e+03, 2.53801171875e+03, 2.53801171875e+03, 2.53801171875e+03, 2.53801171875e+03, 2.53801171875e+03, 2.53801171875e+03, 2.53801171875e+03, 2.53801171875e+03, 2.53801171875e+03, 2.53801171875e+03, 2.53801171875e+03, 2.53801171875e+03, 2.53801171875e+03, 2.53801171875e+03, 2.53801171875e+03, 2.53801171875e+03, 2.53801171875e+03, 2.53801171875e+03, 2.53801171875e+03, 2.53801171875e+03, 2.53801171875e+03, 2.53801171875e+03, 2.53801171875e+03, 2.53801171875e+03, 2.53801171875e+03, 2.53801171875e+03, 2.53801171875e+03, 2.53801171875e+03, 2.53801171875e+03, 2.53801171875e+03, 2.53801171875e+03, 2.53801171875e+03, 2.53801171875e+03, 2.53801171875e+03, 2.53801171875e+03, 2.53801171875e+03, 2.53801171875e+03, 2.53801171875e+03, 2.53801171875e+03, 2.53801171875e+03, 2.53801171875e+03, 2.53801171875e+03, 2.53801171875e+03, 2.53801171875e+03, 2.53801171875e+03, 2.53801171875e+03, 2.53801171875e+03, 2.53801171875e+03, 2.53801171875e+03, 2.53801171875e+03, 2.53801171875e+03, 2.53801171875e+03]
conPI.y=[5.50000011920929e-01, 7.029802203178406e-01, 8.169779777526855e-01, 8.799700736999512e-01, 9.129142761230469e-01, 9.30178701877594e-01, 9.392317533493042e-01, 9.439839720726013e-01, 9.464849829673767e-01, 9.477968215942383e-01, 9.484828114509583e-01, 9.48842465877533e-01, 9.490309357643127e-01, 9.491295218467712e-01, 9.491811394691467e-01, 9.492082595825195e-01, 9.492225050926208e-01, 9.492300152778625e-01, 9.492338895797729e-01, 9.492359757423401e-01, 9.49237048625946e-01, 9.497894644737244e-01, 9.507417678833008e-01, 9.518685340881348e-01, 9.531445503234863e-01, 9.545760750770569e-01, 9.550560116767883e-01, 9.553035497665405e-01, 9.554327130317688e-01, 9.555001258850098e-01, 9.555354118347168e-01, 9.555538296699524e-01, 9.555634260177612e-01, 9.555684924125671e-01, 9.55571174621582e-01, 9.555725455284119e-01, 9.555733203887939e-01, 9.555736780166626e-01, 9.555738568305969e-01, 9.555739164352417e-01, 9.555739760398865e-01, 9.555740356445312e-01, 9.555740356445312e-01, 9.555740356445312e-01, 9.555740356445312e-01, 9.555740356445312e-01, 9.555740356445312e-01, 9.555739760398865e-01, 9.555739760398865e-01, 9.555739760398865e-01, 9.555739760398865e-01, 9.555739760398865e-01, 9.555739760398865e-01, 9.555739760398865e-01, 9.555739760398865e-01, 9.555739760398865e-01, 9.555739760398865e-01, 9.555739760398865e-01, 9.555739760398865e-01, 9.555740356445312e-01, 9.555740356445312e-01, 9.555740356445312e-01, 9.555740356445312e-01, 9.555740356445312e-01, 9.555740356445312e-01, 9.555740356445312e-01, 9.555740356445312e-01, 9.555740356445312e-01, 9.555740356445312e-01, 9.555740356445312e-01, 9.555740356445312e-01, 9.555740356445312e-01, 9.555740356445312e-01, 9.555740356445312e-01, 9.555740356445312e-01, 9.555740356445312e-01, 9.567016363143921e-01, 9.582677483558655e-01, 9.601889252662659e-01, 9.624399542808533e-01, 9.65021550655365e-01, 9.679457545280457e-01, 9.712278842926025e-01, 9.74882185459137e-01, 9.789151549339294e-01, 9.833186268806458e-01, 9.880499243736267e-01, 9.92983341217041e-01, 9.969233274459839e-01, 9.983590245246887e-01, 9.991219639778137e-01, 9.995301961898804e-01, 9.99748706817627e-01, 9.998651742935181e-01, 9.999273419380188e-01, 9.999608397483826e-01, 9.999787211418152e-01, 9.999880790710449e-01, 9.999925494194031e-01, 9.999948740005493e-01, 9.999966025352478e-01]
pum.y=[5.50000011920929e-01, 7.029802203178406e-01, 8.169779777526855e-01, 8.799700736999512e-01, 9.129142761230469e-01, 9.30178701877594e-01, 9.392317533493042e-01, 9.439839720726013e-01, 9.464849829673767e-01, 9.477968215942383e-01, 9.484828114509583e-01, 9.48842465877533e-01, 9.490309357643127e-01, 9.491295218467712e-01, 9.491811394691467e-01, 9.492082595825195e-01, 9.492225050926208e-01, 9.492300152778625e-01, 9.492338895797729e-01, 9.492359757423401e-01, 9.49237048625946e-01, 9.497894644737244e-01, 9.507417678833008e-01, 9.518685340881348e-01, 9.531445503234863e-01, 9.545760750770569e-01, 9.550560116767883e-01, 9.553035497665405e-01, 9.554327130317688e-01, 9.555001258850098e-01, 9.555354118347168e-01, 9.555538296699524e-01, 9.555634260177612e-01, 9.555684924125671e-01, 9.55571174621582e-01, 9.555725455284119e-01, 9.555733203887939e-01, 9.555736780166626e-01, 9.555738568305969e-01, 9.555739164352417e-01, 9.555739760398865e-01, 9.555740356445312e-01, 9.555740356445312e-01, 9.555740356445312e-01, 9.555740356445312e-01, 9.555740356445312e-01, 9.555740356445312e-01, 9.555739760398865e-01, 9.555739760398865e-01, 9.555739760398865e-01, 9.555739760398865e-01, 9.555739760398865e-01, 9.555739760398865e-01, 9.555739760398865e-01, 9.555739760398865e-01, 9.555739760398865e-01, 9.555739760398865e-01, 9.555739760398865e-01, 9.555739760398865e-01, 9.555740356445312e-01, 9.555740356445312e-01, 9.555740356445312e-01, 9.555740356445312e-01, 9.555740356445312e-01, 9.555740356445312e-01, 9.555740356445312e-01, 9.555740356445312e-01, 9.555740356445312e-01, 9.555740356445312e-01, 9.555740356445312e-01, 9.555740356445312e-01, 9.555740356445312e-01, 9.555740356445312e-01, 9.555740356445312e-01, 9.555740356445312e-01, 9.555740356445312e-01, 9.567016363143921e-01, 9.582677483558655e-01, 9.601889252662659e-01, 9.624399542808533e-01, 9.65021550655365e-01, 9.679457545280457e-01, 9.712278842926025e-01, 9.74882185459137e-01, 9.789151549339294e-01, 9.833186268806458e-01, 9.880499243736267e-01, 9.92983341217041e-01, 9.969233274459839e-01, 9.983590245246887e-01, 9.991219639778137e-01, 9.995301961898804e-01, 9.99748706817627e-01, 9.998651742935181e-01, 9.999273419380188e-01, 9.999608397483826e-01, 9.999787211418152e-01, 9.999880790710449e-01, 9.999925494194031e-01, 9.999948740005493e-01, 9.999966025352478e-01]
