last-generated=2022-08-05
statistics-initialization=
{
  "nonlinear": "8",
  "numerical Jacobians": "0"
}
statistics-simulation=
{
  "linear": " ",
  "nonlinear": " ",
  "numerical Jacobians": "0"
}
time=[0e+00, 1e+00]
err_V2[1]=[-6.469273567199707e-01, -6.469273567199707e-01]
err_V2[2]=[-6.689513921737671e-01, -6.689513921737671e-01]
err_V2[3]=[-3.268755972385406e-01, -3.268755972385406e-01]
err_V3[1]=[3.962688148021698e-01, 3.962688148021698e-01]
err_V3[2]=[-7.64855295419693e-02, -7.64855295419693e-02]
err_V3[3]=[3.068805932998657e-01, 3.068805932998657e-01]
err_V4[1]=[4.903569221496582e-01, 4.903569221496582e-01]
err_V4[2]=[5.135566592216492e-01, 5.135566592216492e-01]
err_V4[3]=[-2.513915002346039e-01, -2.513915002346039e-01]
err_Theta2[1]=[-2.907972375396639e-04, -2.907972375396639e-04]
err_Theta2[2]=[-6.726572755724192e-04, -6.726572755724192e-04]
err_Theta2[3]=[-4.449682455742732e-05, -4.449682455742732e-05]
err_Theta3[1]=[-6.424682796932757e-04, -6.424682796932757e-04]
err_Theta3[2]=[-6.414614617824554e-04, -6.414614617824554e-04]
err_Theta3[3]=[-6.198527407832444e-04, -6.198527407832444e-04]
err_Theta4[1]=[-7.087956182658672e-04, -7.087956182658672e-04]
err_Theta4[2]=[4.774264234583825e-04, 4.774264234583825e-04]
err_Theta4[3]=[5.070569459348917e-04, 5.070569459348917e-04]
