last-generated=2015-07-01
statistics-initialization={'numerical Jacobians': '0', 'nonlinear': '12', 'linear': '19'}
statistics-simulation={'numerical Jacobians': '0', 'nonlinear': '1, 1, 12, 1, 1, 1, 1', 'number of continuous time states': '41', 'linear': '0, 0, 0, 0, 0, 0, 0, 0, 0, 0, 0'}
staRes.minT.Max=[251.5500030517578125, 251.5500030517578125]
staRes.maxT.Max=[341.350006103515625, 341.350006103515625]
staRes.maxT.Min=[336.350006103515625, 336.350006103515625]
TRooHou.y=[0., 301.988128662109375, 270.690399169921875, 277.753509521484375, 310.83683471679688636868, 272.346893310546875, 278.23820800781248863132, 275.79088134765623863132, 264.42075805664063636868, 288.69265136718752273737, 283.878631591796875, 274.99017944335935226263, 309.61973266601563636868, 269.91260375976560226263, 272.35426025390626136868, 326.686248779296875, 279.30794677734377273737, 274.50323486328125, 314.87862548828127273737, 274.70975341796872726263, 275.815093994140625, 303.68516845703123863132, 270.52651367187502273737, 281.63274536132814773737, 315.75428466796876136868, 278.601287841796875, 282.76306762695310226263, 297.65281982421873863132, 275.41079101562502273737, 293.319488525390625, 293.364715576171875, 284.27618408203125, 310.45868530273435226263, 284.73045654296873863132, 285.39940185546873863132, 309.314422607421875, 284.8961181640625, 288.67533569335938636868, 312.00295410156252273737, 282.45703735351560226263, 290.256561279296875, 307.47127075195311363132, 285.13237304687498863132, 296.49158325195310226263, 286.21394042968751136868, 295.386322021484375, 289.51915283203123863132, 300.15625610351560226263, 290.24293823242186363132, 302.16028442382810226263, 308.24444580078125, 287.41042480468752273737, 315.471923828125, 297.94733276367185226263, 291.87667236328127273737, 320.26416015625, 296.77603759765622726263, 297.22169799804686363132, 323.11744384765626136868, 293.19572143554688636868, 291.527984619140625, 325.10443115234375, 287.56364746093748863132, 296.89860839843748863132, 316.74891967773436363132, 287.651275634765625, 302.69566650390623863132, 319.69867553710935226263, 288.06049194335935226263, 304.39160766601560226263, 306.247344970703125, 283.18663940429689773737, 315.697509765625, 292.61363525390623863132, 281.75124511718752273737, 293.143310546875, 285.637664794921875, 277.24414672851560226263, 310.10826416015623863132, 281.56475219726564773737, 283.387664794921875, 326.87590332031248863132, 281.699951171875, 276.48233642578122726263, 309.29204101562498863132, 275.0928955078125, 283.33155517578126136868, 281.01815185546877273737, 272.01757202148439773737, 290.74786987304685226263, 307.598480224609375, 283.73299560546877273737, 288.01255493164063636868, 275.15650024414060226263, 271.64581909179685226263, 295.16107177734375, 270.62388305664063636868, 273.84615478515627273737, 321.21385498046873863132, 265.42579345703126136868, 274.95794677734375]
time=[0., 31536000.]
staRes.minT.Min=[250.149993896484375, 250.149993896484375]
staRes.minT.Mean=[250.4499969482421875, 250.4499969482421875]
staRes.maxT.Mean=[337.850006103515625, 337.850006103515625]
staRes.meanT.Min=[291.149993896484375, 291.149993896484375]
TRooAnn.y=[0., 0., 0., 0., 0., 0., 0., 0., 0., 0., 0., 0., 0., 0., 0., 0., 0., 0., 0., 0., 0., 0., 0., 0., 0., 0., 0., 0., 0., 0., 0., 0., 0., 0., 0., 0., 0., 0., 0., 0., 0., 0., 0., 0., 0., 0., 0., 0., 0., 0., 0., 0., 0., 0., 0., 0., 0., 0., 0., 0., 0., 0., 0., 0., 0., 0., 0., 0., 0., 0., 0., 0., 0., 0., 0., 0., 0., 0., 0., 0., 0., 0., 0., 0., 0., 0., 0., 0., 0., 0., 0., 0., 0., 0., 0., 0., 0., 0., 0., 0., 0.]
staRes.meanT.Mean=[291.850006103515625, 291.850006103515625]
staRes.meanT.Max=[292.75, 292.75]
