last-generated=2014-11-13
phi.phi=[0.00000000000000000000, 0.01074016770134800410, 0.02147668089275001427, 0.03220954236817245853, 0.04293875119629581710, 0.05366431096761650060, 0.06438622767444500405, 0.07510448960313732825, 0.08581911964042598928, 0.09653009836333369120, 0.10723744918318590946, 0.11794115666756081751, 0.12864123571754632058, 0.13933766398155389421, 0.15003046329669131320, 0.16071964163317578600, 0.17140520001052308996, 0.18208710658303617347, 0.19276539217700286444, 0.20344007269680214334, 0.21411111632898219281, 0.22477856977683610684, 0.23544237144727828137, 0.24610256704026869934, 0.25675917243294582581, 0.26741212606430053711, 0.27806151928630457038, 0.28870724489701699023, 0.29934939615240713229, 0.30998794131934537255, 0.32062287851161114238, 0.33125421151402689723, 0.34188196823040212236, 0.35250608720204096302, 0.36312666155607392637, 0.37374362982202807837, 0.38435696037506039691, 0.39496674627863687101, 0.40557295589635028454, 0.41617555942587841633, 0.42677455508855860478, 0.43737000605817338839, 0.44796185093951407241, 0.45855011778821475055, 0.46913481010973101526, 0.47971595594752902691, 0.49029346417992786256, 0.50086742765570335667, 0.51143784464792052535, 0.52200471347284516099, 0.53256797790527343750, 0.53871834869239820787, 0.54494918590401275615, 0.55126150282419417170, 0.55765663198066917072, 0.56413566289831251765, 0.57069992861780716176, 0.57735062124945513151, 0.58408899248617984767, 0.59091635362872096948, 0.59783391486655190761, 0.60484312956899100033, 0.61194526808756755099, 0.61914170134246948596, 0.62643391945365289875, 0.63382317411439503818, 0.64131097011469528901, 0.64889876761519593718, 0.65658807201624236338, 0.66438037344338873869, 0.67227722163208192274, 0.68028010668837701758, 0.68839064887873446796, 0.69661043498278407693, 0.70494114553908837628, 0.71338444948196411133, 0.72194195616410472560, 0.73061539410315579079, 0.73940655144442923863, 0.74831710323607436575, 0.75734900345729128102, 0.76650398750189219221, 0.77578390313772194187, 0.78519065770739104870, 0.79472615855888717462, 0.80439237423188958420, 0.81419126770184091502, 0.82412492752657828810, 0.83419538028391904128, 0.84440465253818020042, 0.85475489005017901700, 0.86524823521104055057, 0.87588695886625012044, 0.88667326389853318158, 0.89760935569453259575, 0.90869755885619152291, 0.91994025755504116315, 0.93133970795820264499, 0.94289848971803857935, 0.95461903878648102229, 0.96650385856628417969]
time=[0.00000000000000000000, 1.00000000000000000000]
