last-generated=2026-10-10
statistics-simulation=
{
  "linear": "0",
  "nonlinear": "0",
  "number of continuous time states": "18",
  "numerical Jacobians": "0"
}
time=[0e+00, 3.6e+03]
hex.Q2_flow=[0e+00, -3.3572412109375e+03, -3.357767578125e+03, -3.357768310546875e+03, -3.357768310546875e+03, -3.357768310546875e+03, -3.357768310546875e+03, -3.357768310546875e+03, -3.357768310546875e+03, -3.357768310546875e+03, -3.357768310546875e+03, -3.168927978515625e+03, -2.9569150390625e+03, -2.72322265625e+03, -2.465009765625e+03, -2.17897607421875e+03, -1.861218994140625e+03, -1.506970947265625e+03, -1.109794799804688e+03, -6.705424194335938e+02, -3.106625366210938e+02, -2.653868408203125e+02, -2.344586181640625e+02, -2.0918994140625e+02, -1.885662231445312e+02, -1.717526397705078e+02, -1.580613250732422e+02, -1.469261474609375e+02, -1.378808898925781e+02, -1.305422973632812e+02, -1.245954055786133e+02, -1.197819671630859e+02, -1.158904418945312e+02, -1.127476119995117e+02, -1.102120742797852e+02, -1.081685028076172e+02, -1.065229644775391e+02, -1.051990661621094e+02, -1.04134880065918e+02, -1.032803268432617e+02, -1.025944976806641e+02, -1.02044303894043e+02, -1.016031265258789e+02, -1.0124951171875e+02, -1.009662780761719e+02, -1.007394943237305e+02, -1.005580215454102e+02, -1.004129028320312e+02, -1.002968368530273e+02, -1.002040176391602e+02, -1.001298065185547e+02, -9.628457641601562e+01, -9.1856689453125e+01, -8.459690093994141e+01, -7.137622070312493e+01, -4.789840698242192e+01, -6.071902847290056e+01, -9.319220733642578e+01, -1.063806762695312e+02, -1.117161102294922e+02, -1.137829437255859e+02, -1.072042846679688e+02, -1.029881210327148e+02, -9.891767883300781e+01, -9.474595642089844e+01, -9.0147216796875e+01, -8.463375091552734e+01, -7.740558624267578e+01, -6.699575805664062e+01, -5.00489616394043e+01, -3.20876579284668e+01, -2.829520034790039e+01, -2.501418113708496e+01, -2.276479911804199e+01, -2.120238876342773e+01, -2.008987426757812e+01, -1.92711181640625e+01, -1.936240196228027e+01, -2.010229682922363e+01, -2.035732078552246e+01, -2.034476470947266e+01, -2.014727401733398e+01, -1.982218742370605e+01, -1.940999984741211e+01, -1.893941116333008e+01, -1.843078804016113e+01, -1.78985652923584e+01, -1.826782035827637e+01, -1.834891319274902e+01, -1.820874404907227e+01, -1.791926574707031e+01, -1.752865219116211e+01, -1.707152557373047e+01, -1.657170867919922e+01, -1.604709625244141e+01, -1.550985145568848e+01, -1.496895313262939e+01, -1.495207786560059e+01, -1.500568771362305e+01, -1.487578105926514e+01, -1.462990188598633e+01]
hex.QLat2_flow=[0e+00, -2.098688720703125e+03, -2.098994873046875e+03, -2.098995361328125e+03, -2.098995361328125e+03, -2.098995361328125e+03, -2.098995361328125e+03, -2.098995361328125e+03, -2.098995361328125e+03, -2.098995361328125e+03, -2.098995361328125e+03, -1.970843383789062e+03, -1.825814208984375e+03, -1.6640048828125e+03, -1.4829140625e+03, -1.279585327148438e+03, -1.05047412109375e+03, -7.9121240234375e+02, -4.959490661621094e+02, -1.815089263916016e+02, 0e+00, 0e+00, 0e+00, 0e+00, 0e+00, 0e+00, 0e+00, 0e+00, 0e+00, 0e+00, 0e+00, 0e+00, 0e+00, 0e+00, 0e+00, 0e+00, 0e+00, 0e+00, 0e+00, 0e+00, 0e+00, 0e+00, 0e+00, 0e+00, 0e+00, 0e+00, 0e+00, 0e+00, 0e+00, 0e+00, 0e+00, 0e+00, 0e+00, 0e+00, -2.231086969375799e+00, -1.834957504272448e+01, 0e+00, 0e+00, 0e+00, 0e+00, 0e+00, 0e+00, 0e+00, 0e+00, 0e+00, 0e+00, 0e+00, 0e+00, 0e+00, 0e+00, 0e+00, 0e+00, 0e+00, 0e+00, 0e+00, 0e+00, 0e+00, -8.475884199142456e-01, -2.874597787857056e+00, -3.854202747344971e+00, -4.277042388916016e+00, -4.386863231658936e+00, -4.322919845581055e+00, -4.165283679962158e+00, -3.96073842048645e+00, -3.7359299659729e+00, -3.506115198135376e+00, -4.555023670196533e+00, -5.315471172332764e+00, -5.643351554870605e+00, -5.72346019744873e+00, -5.660793781280518e+00, -5.516849040985107e+00, -5.327462673187256e+00, -5.114302635192871e+00, -4.890196323394775e+00, -4.663195133209229e+00, -5.109567642211914e+00, -5.829249858856201e+00, -6.152226448059082e+00, -6.24992561340332e+00]
hex.port_a2.m_flow=[0e+00, 1.400000005960464e-01, 1.400000005960464e-01, 1.400000005960464e-01, 1.400000005960464e-01, 1.400000005960464e-01, 1.400000005960464e-01, 1.400000005960464e-01, 1.400000005960464e-01, 1.400000005960464e-01, 1.400000005960464e-01, 1.400000005960464e-01, 1.400000005960464e-01, 1.400000005960464e-01, 1.400000005960464e-01, 1.400000005960464e-01, 1.400000005960464e-01, 1.400000005960464e-01, 1.400000005960464e-01, 1.400000005960464e-01, 1.400000005960464e-01, 1.400000005960464e-01, 1.400000005960464e-01, 1.400000005960464e-01, 1.400000005960464e-01, 1.400000005960464e-01, 1.400000005960464e-01, 1.400000005960464e-01, 1.400000005960464e-01, 1.400000005960464e-01, 1.400000005960464e-01, 1.400000005960464e-01, 1.400000005960464e-01, 1.400000005960464e-01, 1.400000005960464e-01, 1.400000005960464e-01, 1.400000005960464e-01, 1.400000005960464e-01, 1.400000005960464e-01, 1.400000005960464e-01, 1.400000005960464e-01, 1.400000005960464e-01, 1.400000005960464e-01, 1.400000005960464e-01, 1.400000005960464e-01, 1.400000005960464e-01, 1.400000005960464e-01, 1.400000005960464e-01, 1.400000005960464e-01, 1.400000005960464e-01, 1.400000005960464e-01, 1.120196580886841e-01, 8.401474356651306e-02, 5.600982904434204e-02, 2.800491452217084e-02, 8.735634080999785e-07, -2.799451164901274e-02, -5.598990619182587e-02, -8.398524671792984e-02, -1.119803562760353e-01, -1.39975443482399e-01, -1.260110586881638e-01, -1.120098307728767e-01, -9.800859540700912e-02, -8.400736749172211e-02, -7.000613957643509e-02, -5.600491538643837e-02, -4.200368374586105e-02, -2.800245769321918e-02, -1.402722019702196e-02, -4.366853545434424e-07, 0e+00, 0e+00, 0e+00, 2.86490828890068e-13, -1.43245414445034e-13, 0e+00, 0e+00, 0e+00, 2.86490828890068e-13, 0e+00, 2.86490828890068e-13, 2.86490828890068e-13, 0e+00, 0e+00, -1.43245414445034e-13, 2.86490828890068e-13, 0e+00, -1.43245414445034e-13, -1.43245414445034e-13, -4.297362433351021e-13, 0e+00, 0e+00, 2.86490828890068e-13, 0e+00, -1.43245414445034e-13, 0e+00, -1.43245414445034e-13, -4.297362433351021e-13, 0e+00, 0e+00]
hex.port_b2.m_flow=[-1.400000005960464e-01, -1.400000005960464e-01, -1.400000005960464e-01, -1.400000005960464e-01, -1.400000005960464e-01, -1.400000005960464e-01, -1.400000005960464e-01, -1.400000005960464e-01, -1.400000005960464e-01, -1.400000005960464e-01, -1.400000005960464e-01, -1.400000005960464e-01, -1.400000005960464e-01, -1.400000005960464e-01, -1.400000005960464e-01, -1.400000005960464e-01, -1.400000005960464e-01, -1.400000005960464e-01, -1.400000005960464e-01, -1.400000005960464e-01, -1.400000005960464e-01, -1.400000005960464e-01, -1.400000005960464e-01, -1.400000005960464e-01, -1.400000005960464e-01, -1.400000005960464e-01, -1.400000005960464e-01, -1.400000005960464e-01, -1.400000005960464e-01, -1.400000005960464e-01, -1.400000005960464e-01, -1.400000005960464e-01, -1.400000005960464e-01, -1.400000005960464e-01, -1.400000005960464e-01, -1.400000005960464e-01, -1.400000005960464e-01, -1.400000005960464e-01, -1.400000005960464e-01, -1.400000005960464e-01, -1.400000005960464e-01, -1.400000005960464e-01, -1.400000005960464e-01, -1.400000005960464e-01, -1.400000005960464e-01, -1.400000005960464e-01, -1.400000005960464e-01, -1.400000005960464e-01, -1.400000005960464e-01, -1.400000005960464e-01, -1.400000005960464e-01, -1.120000034570694e-01, -8.399999886751175e-02, -5.60000017285347e-02, -2.800000086426717e-02, 4.255373436036178e-16, 2.800000086426753e-02, 5.60000017285347e-02, 8.399999886751175e-02, 1.120000034570694e-01, 1.400000005960464e-01, 1.260000020265579e-01, 1.120000034570694e-01, 9.799999743700027e-02, 8.399999886751175e-02, 7.000000029802322e-02, 5.60000017285347e-02, 4.199999943375587e-02, 2.800000086426735e-02, 1.400000043213367e-02, -0e+00, -0e+00, -0e+00, -0e+00, -0e+00, -0e+00, -0e+00, -0e+00, -0e+00, -0e+00, -0e+00, -0e+00, -0e+00, -0e+00, -0e+00, -0e+00, -0e+00, -0e+00, -0e+00, -0e+00, -0e+00, -0e+00, -0e+00, -0e+00, -0e+00, -0e+00, -0e+00, -0e+00, -0e+00, -0e+00, -0e+00]
