last-generated=2015-05-08
statistics-simulation={'numerical Jacobians': '0', 'nonlinear': ' ', 'linear': ' '}
eqnTim.nDay=[0., 864., 1728., 2592., 3456., 4320., 5184., 6048.0000000000009094947, 6912., 7776., 8640., 9504., 10368., 11232., 12096.0000000000018189894, 12960., 13824., 14688.0000000000018189894, 15552., 16416., 17280., 18144., 19008., 19872., 20736., 21600., 22464., 23328., 24192.00000000000363797881, 25056., 25920., 26784., 27648., 28512., 29376.00000000000363797881, 30239.99999999999636202119, 31104., 31968., 32832., 33696., 34560., 35424., 36288., 37152., 38016., 38880., 39744., 40608., 41472., 42336., 43200., 44064., 44928., 45792., 46656., 47520.00000000000727595761, 48384.00000000000727595761, 49247.99999999999272404239, 50112., 50976., 51840., 52704., 53568., 54432., 55296., 56160., 57024., 57888., 58752.00000000000727595761, 59615.99999999999272404239, 60479.99999999999272404239, 61344., 62208., 63072., 63936., 64800., 65664., 66528., 67392., 68256., 69120., 69984., 70848., 71712., 72576., 73440., 74304., 75168., 76032., 76896., 77760., 78624., 79488., 80352., 81216., 82080., 82944., 83808., 84672., 85536., 86400.]
time=[0., 86400.]
eqnTim.eqnTim=[-216.4123992919921875, -216.6817779541015625, -216.951141357421875, -217.2204742431640625, -217.489776611328125, -217.759063720703125, -218.0283203125, -218.29754638671875, -218.566741943359375, -218.8359222412109375, -219.105072021484375, -219.3741912841796875, -219.643280029296875, -219.912353515625, -220.181396484375, -220.4504241943359375, -220.7194061279296875, -220.988372802734375, -221.2573089599609375, -221.526214599609375, -221.79510498046875, -222.06396484375, -222.332794189453125, -222.601593017578125, -222.8703765869140625, -223.139129638671875, -223.4078521728515625, -223.676544189453125, -223.945220947265625, -224.2138671875, -224.48248291015625, -224.751068115234375, -225.0196380615234375, -225.288177490234375, -225.5566864013671875, -225.825164794921875, -226.0936279296875, -226.362060546875, -226.630462646484375, -226.898834228515625, -227.16717529296875, -227.4355010986328125, -227.70379638671875, -227.9720611572265625, -228.2403106689453125, -228.508514404296875, -228.776702880859375, -229.04486083984375, -229.31298828125, -229.5811004638671875, -229.8491668701171875, -230.117218017578125, -230.3852386474609375, -230.6532440185546875, -230.92120361328125, -231.18914794921875, -231.457061767578125, -231.724945068359375, -231.9927978515625, -232.2606353759765625, -232.5284271240234375, -232.79620361328125, -233.0639495849609375, -233.3316802978515625, -233.599365234375, -233.867034912109375, -234.134674072265625, -234.40228271484375, -234.66986083984375, -234.937408447265625, -235.2049407958984375, -235.4724273681640625, -235.739898681640625, -236.0073394775390625, -236.2747650146484375, -236.542144775390625, -236.80950927734375, -237.0768280029296875, -237.3441314697265625, -237.6114044189453125, -237.878662109375, -238.1458740234375, -238.4130706787109375, -238.6802215576171875, -238.947357177734375, -239.2144622802734375, -239.4815521240234375, -239.74859619140625, -240.0156097412109375, -240.2826080322265625, -240.5495758056640625, -240.8165130615234375, -241.0834197998046875, -241.3502960205078125, -241.6171417236328125, -241.88397216796875, -242.1507720947265625, -242.4175262451171875, -242.68426513671875, -242.9509735107421875, -243.2176513671875]
