last-generated=2015-02-06
TOut.T=[263.14999389648437500000, 263.14999389648437500000]
vol.T_start=[293.14999389648437500000, 293.14999389648437500000]
vol.T=[293.14999389648437500000, 292.88549804687500000000, 293.12948608398437500000, 293.13543701171875000000, 293.13555908203125000000, 293.13601684570312500000, 293.13607788085937500000, 293.13610839843750000000, 293.13613891601562500000, 293.13613891601562500000, 293.13613891601562500000, 293.13613891601562500000, 293.13613891601562500000, 293.13613891601562500000, 293.13613891601562500000, 293.13613891601562500000, 293.13613891601562500000, 293.42468261718750000000, 291.96667480468750000000, 294.08441162109375000000, 292.99856567382812500000, 292.28961181640625000000, 294.28613281250000000000, 292.53933715820312500000, 292.65411376953125000000, 294.29647827148437500000, 292.04971313476562500000, 293.03103637695312500000, 294.15194702148437500000, 291.74700927734375000000, 293.39028930664062500000, 293.88653564453125000000, 291.71972656250000000000, 293.71652221679687500000, 293.53939819335931815658, 291.89068603515625000000, 294.00360107421875000000, 293.13134765625000000000, 293.29205322265625000000, 293.14184570312500000000, 293.13583374023437500000, 293.13607788085937500000, 293.13610839843750000000, 293.13613891601562500000, 293.13613891601562500000, 293.13613891601562500000, 293.13613891601562500000, 293.13613891601562500000, 293.13613891601562500000, 293.13613891601562500000, 293.13613891601562500000, 293.13613891601562500000, 293.13613891601562500000, 293.13613891601562500000, 293.13613891601562500000, 293.13613891601562500000, 293.13613891601562500000, 293.13613891601562500000, 293.13613891601562500000, 293.13613891601562500000, 293.13613891601562500000, 293.13613891601562500000, 293.13613891601562500000, 293.13613891601562500000, 293.13613891601562500000, 293.13613891601562500000, 293.13613891601562500000, 293.42468261718750000000, 291.96667480468755684342, 294.08441162109369315658, 292.99856567382818184342, 292.28961181640625000000, 294.28613281250000000000, 292.53933715820312500000, 292.65411376953125000000, 294.29647827148437500000, 292.04971313476562500000, 293.03103637695312500000, 294.15194702148437500000, 291.74700927734375000000, 293.39028930664062500000, 293.88653564453125000000, 291.71972656250000000000, 293.71652221679687500000, 293.53939819335937500000, 291.89068603515625000000, 294.00360107421875000000, 293.13134765625000000000, 293.29205322265625000000, 293.14184570312500000000, 293.13583374023437500000, 293.13607788085937500000, 293.13610839843750000000, 293.13613891601562500000, 293.13613891601562500000, 293.13613891601562500000, 293.13613891601562500000, 293.13613891601562500000, 293.13613891601562500000, 293.13613891601562500000, 293.13613891601562500000]
time=[0.00000000000000000000, 172800.00000000000000000000]
