last-generated=2026-10-02
statistics-initialization=
{
  "linear": "0",
  "nonlinear": "0, 0, 0, 0, 1, 1, 5",
  "numerical Jacobians": "0"
}
statistics-simulation=
{
  "linear": "0",
  "nonlinear": "1, 5, 1",
  "number of continuous time states": "11",
  "numerical Jacobians": "0"
}
time=[0e+00, 6.048e+05]
bui.maxTSet.y=[2.971499938964844e+02, 2.971499938964844e+02]
bui.minTSet.y=[2.931499938964844e+02, 2.931499938964844e+02]
bui.zon.TAir=[2.931499938964844e+02, 2.931473693847656e+02, 2.931480102539062e+02, 2.931492919921875e+02, 2.931504516601562e+02, 2.931482238769531e+02, 2.931498718261719e+02, 2.931499633789062e+02, 2.931495056152344e+02, 2.931497802734375e+02, 2.931499633789062e+02, 2.931501159667969e+02, 2.931500549316406e+02, 2.931499633789062e+02, 2.931497497558594e+02, 2.931499328613281e+02, 2.931499938964844e+02, 2.931500549316406e+02, 2.931489868164062e+02, 2.931497192382812e+02, 2.943583984375e+02, 2.948631896972656e+02, 2.948735046386719e+02, 2.955138549804688e+02, 2.957828674316406e+02, 2.948078308105469e+02, 2.940631713867188e+02, 2.937171630859375e+02, 2.934503784179688e+02, 2.931708679199219e+02, 2.931508483886719e+02, 2.931502990722656e+02, 2.931498107910156e+02, 2.931499328613281e+02, 2.946939392089844e+02, 2.953024597167969e+02, 2.953876342773438e+02, 2.959348754882812e+02, 2.962051696777344e+02, 2.954370727539062e+02, 2.945677490234375e+02, 2.941390380859375e+02, 2.938118896484375e+02, 2.934740600585938e+02, 2.932221374511719e+02, 2.931494140625e+02, 2.931497802734375e+02, 2.931499633789062e+02, 2.943690490722656e+02, 2.9515625e+02, 2.955760498046875e+02, 2.957835998535156e+02, 2.96091552734375e+02, 2.960832824707031e+02, 2.94649658203125e+02, 2.941438903808594e+02, 2.938252563476562e+02, 2.934619750976562e+02, 2.931498718261719e+02, 2.931493530273438e+02, 2.931501159667969e+02, 2.93150390625e+02, 2.939604797363281e+02, 2.950245971679688e+02, 2.955406799316406e+02, 2.958473815917969e+02, 2.962245788574219e+02, 2.963957214355469e+02, 2.948579406738281e+02, 2.942903442382812e+02, 2.93834228515625e+02, 2.934368286132812e+02, 2.931499328613281e+02, 2.931505126953125e+02, 2.93150634765625e+02, 2.931504211425781e+02, 2.931510009765625e+02, 2.9463623046875e+02, 2.951557006835938e+02, 2.950304260253906e+02, 2.954756469726562e+02, 2.957097778320312e+02, 2.946919860839844e+02, 2.937166137695312e+02, 2.931820983886719e+02, 2.931502075195312e+02, 2.93150390625e+02, 2.931507568359375e+02, 2.931494140625e+02, 2.931483459472656e+02, 2.931493530273438e+02, 2.93150634765625e+02, 2.93149658203125e+02, 2.931559143066406e+02, 2.9314990234375e+02, 2.931502685546875e+02, 2.931461181640625e+02, 2.931499328613281e+02, 2.931502990722656e+02, 2.931501770019531e+02, 2.931499328613281e+02]
bui.terUni.QActHea_flow=[-0e+00, 1.369688262939453e+02, 4.202815246582031e+02, 5.983043212890625e+02, 7.337683715820312e+02, 7.100137329101562e+02, 6.22280517578125e+02, 6.22921142578125e+02, 7.089093627929688e+02, 7.710150756835938e+02, 8.509808349609375e+02, 8.9237353515625e+02, 9.1148828125e+02, 9.213106689453125e+02, 9.396116943359375e+02, 8.606600952148438e+02, 8.703602294921875e+02, 8.794159545898438e+02, 8.027560424804688e+02, 6.057634887695312e+02, 0e+00, 0e+00, 0e+00, 0e+00, 0e+00, 0e+00, 0e+00, 0e+00, 0e+00, 0e+00, 1.340325012207031e+02, 2.266263427734375e+02, 2.911459350585938e+02, 1.550040588378906e+02, 0e+00, 0e+00, 0e+00, 0e+00, 0e+00, 0e+00, 0e+00, 0e+00, 0e+00, 0e+00, 0e+00, 1.090713806152344e+02, 2.215732574462891e+02, 2.537398681640625e+02, 0e+00, 0e+00, 0e+00, 0e+00, 0e+00, 0e+00, 0e+00, 0e+00, 0e+00, 0e+00, 1.827083396911621e+01, 1.835044708251953e+02, 3.448164672851562e+02, 4.067106628417969e+02, 0e+00, 0e+00, 0e+00, 0e+00, 0e+00, 0e+00, 0e+00, 0e+00, 0e+00, 0e+00, 6.140317153930664e+01, 2.662593383789062e+02, 4.356793212890625e+02, 5.537955932617188e+02, 4.374418334960938e+02, 0e+00, 0e+00, 0e+00, 0e+00, 0e+00, 0e+00, 0e+00, 0e+00, 3.033996276855469e+02, 6.904224853515625e+02, 8.905623168945312e+02, 1.056607666015625e+03, 1.21067431640625e+03, 1.169304565429688e+03, 5.589855346679688e+02, 4.709933471679688e+02, 7.4448779296875e+02, 7.712882690429688e+02, 6.578301391601562e+02, 1.045117797851562e+03, 1.236410766601562e+03, 1.303541259765625e+03, 1.356487915039062e+03, 1.407536743164062e+03]
bui.terUni.QActCoo_flow=[-0e+00, 0e+00, -0e+00, -0e+00, -0e+00, -0e+00, -0e+00, 0e+00, -0e+00, -0e+00, -0e+00, -0e+00, -0e+00, -0e+00, 0e+00, -0e+00, -0e+00, 0e+00, -0e+00, -0e+00, -0e+00, -0e+00, -0e+00, -0e+00, -0e+00, -0e+00, -0e+00, -0e+00, 0e+00, -0e+00, -0e+00, -0e+00, -0e+00, -0e+00, 0e+00, -0e+00, -0e+00, -0e+00, -0e+00, -0e+00, -0e+00, 0e+00, -0e+00, -0e+00, -0e+00, -0e+00, -0e+00, -0e+00, -0e+00, -0e+00, -0e+00, -0e+00, -0e+00, -0e+00, -0e+00, -0e+00, 0e+00, 0e+00, -0e+00, -0e+00, -0e+00, -0e+00, -0e+00, -0e+00, -0e+00, -0e+00, -0e+00, -0e+00, 0e+00, 0e+00, -0e+00, -0e+00, -0e+00, -0e+00, -0e+00, -0e+00, -0e+00, -0e+00, -0e+00, -0e+00, -0e+00, 0e+00, 0e+00, -0e+00, -0e+00, -0e+00, -0e+00, -0e+00, -0e+00, -0e+00, -0e+00, -0e+00, -0e+00, -0e+00, -0e+00, -0e+00, -0e+00, -0e+00, -0e+00, -0e+00, -0e+00]
supHeaWat.T_in=[3.131499938964844e+02, 3.131499938964844e+02]
bui.terUni.T_aHeaWat_nominal=[3.131499938964844e+02, 3.131499938964844e+02]
bui.disFloHea.mReq_flow[1]=[0e+00, 3.559315344318748e-03, 1.550932507961988e-02, 2.340159751474857e-02, 2.971851266920567e-02, 2.858954481780529e-02, 2.450184151530266e-02, 2.453143894672394e-02, 2.853959426283836e-02, 3.149616345763206e-02, 3.537456318736076e-02, 3.741316869854927e-02, 3.836129233241081e-02, 3.885005041956902e-02, 3.976371511816978e-02, 3.584927693009377e-02, 3.63263227045536e-02, 3.67727056145668e-02, 3.30243818461895e-02, 2.374308556318283e-02, 0e+00, 0e+00, 0e+00, 0e+00, 0e+00, 0e+00, 0e+00, 0e+00, 0e+00, 0e+00, 3.416782943531871e-03, 7.550115697085857e-03, 1.013128738850355e-02, 4.419329576194286e-03, 0e+00, 0e+00, 0e+00, 0e+00, 0e+00, 0e+00, 0e+00, 0e+00, 0e+00, 0e+00, 0e+00, 2.285921713337302e-03, 7.33962981030345e-03, 8.634641766548157e-03, 0e+00, 0e+00, 0e+00, 0e+00, 0e+00, 0e+00, 0e+00, 0e+00, 0e+00, 0e+00, 2.106645843014121e-04, 5.719230975955725e-03, 1.231219060719013e-02, 1.491111516952515e-02, 0e+00, 0e+00, 0e+00, 0e+00, 0e+00, 0e+00, 0e+00, 0e+00, 0e+00, 0e+00, 8.60603351611644e-04, 9.123915806412697e-03, 1.6144884750247e-02, 2.134636789560318e-02, 1.622104085981846e-02, 0e+00, 0e+00, 0e+00, 0e+00, 0e+00, 0e+00, 0e+00, 0e+00, 1.060694362968206e-02, 2.761099860072136e-02, 3.72433178126812e-02, 4.559770971536636e-02, 5.363599583506584e-02, 5.145261064171791e-02, 2.157088741660118e-02, 1.7667381092906e-02, 3.017140552401543e-02, 3.143944963812828e-02, 2.608912065625191e-02, 4.499688372015953e-02, 5.500723794102669e-02, 5.861914530396461e-02, 6.150424852967262e-02, 6.431721150875092e-02]
bui.disFloHea.mAct_flow[1].y=[-0e+00, 3.568901447579265e-03, 1.551889162510633e-02, 2.341116033494473e-02, 2.972807735204697e-02, 2.859910763800144e-02, 2.451140433549881e-02, 2.454100176692009e-02, 2.854915894567966e-02, 3.150572627782822e-02, 3.538412600755692e-02, 3.742273151874542e-02, 3.837085515260696e-02, 3.885961323976517e-02, 3.977327793836594e-02, 3.585883975028992e-02, 3.633588552474976e-02, 3.678226843476295e-02, 3.303394466638565e-02, 2.375265024602413e-02, -0e+00, -0e+00, -0e+00, -0e+00, -0e+00, -0e+00, -0e+00, -0e+00, 0e+00, -0e+00, 3.426369978114963e-03, 7.559688296169043e-03, 1.014085672795773e-02, 4.428910557180643e-03, 0e+00, -0e+00, -0e+00, -0e+00, -0e+00, -0e+00, -0e+00, 0e+00, -0e+00, -0e+00, -0e+00, 2.295522019267082e-03, 7.349202409386635e-03, 8.64421296864748e-03, -0e+00, -0e+00, -0e+00, -0e+00, -0e+00, -0e+00, -0e+00, -0e+00, 0e+00, 0e+00, 2.206792996730655e-04, 5.728807300329208e-03, 1.232175808399916e-02, 1.492068078368902e-02, -0e+00, -0e+00, -0e+00, -0e+00, -0e+00, -0e+00, 0e+00, 0e+00, -0e+00, -0e+00, 8.7027094559744e-04, 9.133486077189445e-03, 1.615445129573345e-02, 2.135593257844448e-02, 1.623060740530491e-02, -0e+00, -0e+00, -0e+00, -0e+00, 0e+00, 0e+00, -0e+00, -0e+00, 1.061651203781366e-02, 2.762056328356266e-02, 3.725288063287735e-02, 4.560727253556252e-02, 5.364555865526199e-02, 5.146217346191406e-02, 2.158045209944248e-02, 1.767694763839245e-02, 3.018096834421158e-02, 3.144901245832443e-02, 2.609868347644806e-02, 4.500644654035568e-02, 5.501679703593254e-02, 5.862870812416077e-02, 6.151381134986877e-02, 6.432677060365677e-02]
bui.disFloHea.m_flow_nominal=[9.560229629278183e-02, 9.560229629278183e-02]
bui.terUni.QHea_flow_nominal=[2e+03, 2e+03]
supChiWat.T_in=[2.801499938964844e+02, 2.801499938964844e+02]
bui.terUni.T_aChiWat_nominal=[2.801499938964844e+02, 2.801499938964844e+02]
bui.disFloCoo.mReq_flow[1]=[0e+00, 0e+00, 0e+00, 0e+00, 0e+00, 0e+00, 0e+00, 0e+00, 0e+00, 0e+00, 0e+00, 0e+00, 0e+00, 0e+00, 0e+00, 0e+00, 0e+00, 0e+00, 0e+00, 0e+00, 0e+00, 0e+00, 0e+00, 0e+00, 0e+00, 0e+00, 0e+00, 0e+00, 0e+00, 0e+00, 0e+00, 0e+00, 0e+00, 0e+00, 0e+00, 0e+00, 0e+00, 0e+00, 0e+00, 0e+00, 0e+00, 0e+00, 0e+00, 0e+00, 0e+00, 0e+00, 0e+00, 0e+00, 0e+00, 0e+00, 0e+00, 0e+00, 0e+00, 0e+00, 0e+00, 0e+00, 0e+00, 0e+00, 0e+00, 0e+00, 0e+00, 0e+00, 0e+00, 0e+00, 0e+00, 0e+00, 0e+00, 0e+00, 0e+00, 0e+00, 0e+00, 0e+00, 0e+00, 0e+00, 0e+00, 0e+00, 0e+00, 0e+00, 0e+00, 0e+00, 0e+00, 0e+00, 0e+00, 0e+00, 0e+00, 0e+00, 0e+00, 0e+00, 0e+00, 0e+00, 0e+00, 0e+00, 0e+00, 0e+00, 0e+00, 0e+00, 0e+00, 0e+00, 0e+00, 0e+00, 0e+00]
bui.disFloCoo.mAct_flow[1].y=[-0e+00, -0e+00, -0e+00, -0e+00, -0e+00, -0e+00, -0e+00, 0e+00, -0e+00, -0e+00, -0e+00, -0e+00, -0e+00, -0e+00, 0e+00, -0e+00, -0e+00, 0e+00, -0e+00, -0e+00, -0e+00, -0e+00, -0e+00, -0e+00, -0e+00, -0e+00, -0e+00, -0e+00, 0e+00, -0e+00, -0e+00, -0e+00, -0e+00, -0e+00, 0e+00, -0e+00, -0e+00, -0e+00, -0e+00, -0e+00, -0e+00, 0e+00, -0e+00, -0e+00, -0e+00, -0e+00, -0e+00, -0e+00, -0e+00, -0e+00, -0e+00, -0e+00, -0e+00, -0e+00, -0e+00, -0e+00, 0e+00, 0e+00, -0e+00, -0e+00, -0e+00, -0e+00, -0e+00, -0e+00, -0e+00, -0e+00, -0e+00, -0e+00, 0e+00, 0e+00, -0e+00, -0e+00, -0e+00, -0e+00, -0e+00, -0e+00, -0e+00, -0e+00, -0e+00, -0e+00, -0e+00, 0e+00, 0e+00, -0e+00, -0e+00, -0e+00, -0e+00, -0e+00, -0e+00, -0e+00, -0e+00, -0e+00, -0e+00, -0e+00, -0e+00, -0e+00, -0e+00, -0e+00, -0e+00, -0e+00, -0e+00]
bui.disFloCoo.m_flow_nominal=[9.560229629278183e-02, 9.560229629278183e-02]
