last-generated=2015-05-08
statistics-simulation={'numerical Jacobians': '0', 'nonlinear': '1', 'number of continuous time states': '2', 'linear': ' '}
volume.medium.T=[293.149993896484375, 297.82058725752335703874, 302.12109393286294789505, 306.0791323325069583916, 309.721893620352545895, 313.07507300056892063367, 316.16168252268784044645, 319.00289908803085836553, 321.61825606008551403647, 324.0254203100647600877, 326.24069181943985995531, 328.27948009604710932763, 330.15576219739335783743, 331.88238603694321682269, 333.47134390255467906172, 334.93356238959484016959, 336.27911422715169464936, 337.51730325269318200299, 338.65661542295288199966, 339.70495629239258050802, 340.6696164211867881022, 341.55731256526337347168, 342.37405404766451511023, 343.12551849565778638862, 343.81692540153852633011, 344.453094482421875, 345.03848319701393165815, 345.57717839617657773488, 346.07281488427190652146, 346.52893102605884223522, 346.94860791458728499492, 347.33474722543195412072, 347.69006371819654077626, 348.01696735885428779511, 348.31774891942791327892, 348.59448257876249499532, 348.84909022387074628568, 349.08334339788439137919, 349.29888925787219022823, 349.49719265260443989973, 349.67965687728451484872, 349.84753423682184347854, 350.00201435284139961368, 350.14416494072816021799, 350.27493289097759543438, 350.39523329072079604884, 350.50595083834940624001, 350.60778809748808271252, 350.70150766396528752011, 350.78771964696369423109, 350.867034912109375, 350.94000250761632742069, 351.00717175251133994607, 351.06893937705615371669, 351.12579333883530807725, 351.17807000815184892417, 351.22619627796649410811, 351.27047732504382793195, 351.31121832640093316513, 351.34869394089605521003, 351.38317863126712836674, 351.41488643073608955092, 351.44409178341470578744, 351.47094727777562184201, 351.49563601994248074334, 351.51837163368969640942, 351.53927607022433221573, 351.55853268377592257821, 351.57623289793286858185, 351.59252930058579522665, 351.60751344483259117624, 351.62130740120437621954, 351.63400265018634627268, 351.64566037885413152253, 351.65640257799549317497, 351.666290283203125, 351.67538452963333384105, 351.68374635302433262041, 351.69143678853254186834, 351.69851683096953820495, 351.7050170823860071323, 351.71102905135194305331, 351.71655273808568153981, 351.72161866023805032455, 351.72628785340185686437, 351.73056029291200275111, 351.7345275824337704762, 351.73815917801402974874, 351.74151611480920109898, 351.74459839281911399667, 351.74740601240762316593, 351.75003051077521831758, 351.75241088485205409597, 351.75460815276892390102, 351.75665283250418724492, 351.75851440647960544084, 351.7602233922734171756, 351.76181029836885727491, 351.76327514357404879775, 351.76458740117959678173, 351.765838623046875]
time=[0., 1.]
