last-generated=2015-05-22
statistics-initialization={'numerical Jacobians': '0', 'nonlinear': '12', 'linear': '19'}
statistics-simulation={'numerical Jacobians': '0', 'nonlinear': '1, 12, 1, 1, 1, 1, 1', 'number of continuous time states': '41', 'linear': '0, 0, 0, 0, 0, 0, 0, 0, 0, 0, 0'}
staRes.minT.Max=[257.54998779296875, 257.54998779296875]
staRes.maxT.Max=[342.649993896484375, 342.649993896484375]
staRes.maxT.Min=[338.04998779296875, 338.04998779296875]
TRooHou.y=[0., 303.23871459960935226263, 276.29248657226560226263, 294.68060913085935226263, 312.4073486328125, 280.04022216796875, 299.22941894531248863132, 278.11790161132813636868, 275.07508544921876136868, 309.79790039062498863132, 284.9239501953125, 283.25608520507813636868, 313.32661132812501136868, 272.87171630859376136868, 284.71134643554688636868, 327.155303955078125, 283.12944335937498863132, 288.58437500000002273737, 316.180908203125, 278.86450805664060226263, 290.065582275390625, 304.83451538085938636868, 278.42023315429685226263, 293.38901367187497726263, 317.22183837890622726263, 284.304290771484375, 299.30142822265622726263, 299.54039306640623863132, 282.48468017578125, 306.321380615234375, 295.8360595703125, 293.11474609375, 313.29288940429688636868, 288.472564697265625, 294.81097412109375, 310.18804931640625, 287.60605468749997726263, 299.30100097656247726263, 312.79005126953126136868, 286.21527099609375, 300.375701904296875, 308.48277587890623863132, 291.4295654296875, 305.67623291015627273737, 287.17081298828122726263, 299.2720947265625, 297.64322509765622726263, 301.78571166992185226263, 297.30750732421876136868, 312.71534423828126136868, 310.242584228515625, 291.84443359375001136868, 317.46256713867188636868, 300.345855712890625, 300.06211547851563636868, 320.95697021484375, 299.51959228515625, 306.09047241210936363132, 323.82302246093752273737, 296.46406860351561363132, 302.448272705078125, 325.92028198242189773737, 292.53313598632814773737, 308.30623779296877273737, 318.02538452148439773737, 294.356903076171875, 314.87007446289061363132, 321.38079833984375, 296.48603515625001136868, 315.22770996093748863132, 308.688812255859375, 292.93590698242189773737, 318.83862915039060226263, 296.36793823242186363132, 293.13157958984373863132, 294.5262451171875, 290.04303588867185226263, 282.84437255859376136868, 311.34281616210938636868, 286.77018432617188636868, 300.275115966796875, 328.62555541992185226263, 287.917083740234375, 293.53607788085935226263, 311.10800781249997726263, 284.313262939453125, 300.24464721679686363132, 282.10596313476560226263, 281.90538330078123863132, 307.01182250976563636868, 308.855010986328125, 288.36851806640623863132, 290.40463867187497726263, 278.09266967773436363132, 281.98737182617185226263, 296.120574951171875, 274.12684326171876136868, 288.349700927734375, 322.36668701171873863132, 272.21404418945314773737, 290.92022705078125]
time=[0., 31536000.]
staRes.minT.Min=[254.350006103515625, 254.350006103515625]
staRes.minT.Mean=[255.5500030517578125, 255.5500030517578125]
staRes.maxT.Mean=[339.350006103515625, 339.350006103515625]
staRes.meanT.Min=[297.350006103515625, 297.350006103515625]
TRooAnn.y=[0., 0., 0., 0., 0., 0., 0., 0., 0., 0., 0., 0., 0., 0., 0., 0., 0., 0., 0., 0., 0., 0., 0., 0., 0., 0., 0., 0., 0., 0., 0., 0., 0., 0., 0., 0., 0., 0., 0., 0., 0., 0., 0., 0., 0., 0., 0., 0., 0., 0., 0., 0., 0., 0., 0., 0., 0., 0., 0., 0., 0., 0., 0., 0., 0., 0., 0., 0., 0., 0., 0., 0., 0., 0., 0., 0., 0., 0., 0., 0., 0., 0., 0., 0., 0., 0., 0., 0., 0., 0., 0., 0., 0., 0., 0., 0., 0., 0., 0., 0., 0.]
staRes.meanT.Mean=[298.25, 298.25]
staRes.meanT.Max=[299.04998779296875, 299.04998779296875]
