last-generated=2016-02-12
statistics-initialization=
{
  "numerical Jacobians": "0", 
  "nonlinear": "18"
}
statistics-simulation=
{
  "numerical Jacobians": "0", 
  "nonlinear": " ", 
  "linear": " "
}
err_V3[3]=[1202., 1202.]
err_V4[1]=[1220., 1220.]
err_V4[3]=[1275., 1275.]
err_V4[2]=[1237., 1237.]
err_V2[3]=[62.557857513427734375, 62.557857513427734375]
err_V2[1]=[71.55785369873046875, 71.55785369873046875]
time=[0., 1.]
err_V3[2]=[1178., 1178.]
err_V2[2]=[54.557857513427734375, 54.557857513427734375]
err_V3[1]=[1154., 1154.]
err_Theta4[1]=[0.0593411959707736969, 0.0593411959707736969]
err_Theta4[3]=[0.06108652427792549133, 0.06108652427792549133]
err_Theta3[2]=[0.0593411959707736969, 0.0593411959707736969]
err_Theta4[2]=[0.06283185631036758423, 0.06283185631036758423]
err_Theta3[3]=[0.057595863938331604, 0.057595863938331604]
err_Theta3[1]=[0.057595863938331604, 0.057595863938331604]
err_Theta2[3]=[0.0069813169538974762, 0.0069813169538974762]
err_Theta2[2]=[0.00523598771542310715, 0.00523598771542310715]
err_Theta2[1]=[0.00523598771542310715, 0.00523598771542310715]
