last-generated=2026-07-31
statistics-simulation=
{
  "linear": " ",
  "nonlinear": "1",
  "numerical Jacobians": "0"
}
time=[0e+00, 2e+03]
dpSet=[0e+00, 6.266661376953125e+02, 1.243449462890625e+03, 1.840622802734375e+03, 2.408768310546875e+03, 2.93892626953125e+03, 3.422735595703125e+03, 3.852566162109375e+03, 4.2216396484375e+03, 4.52413525390625e+03, 4.75528271484375e+03, 4.91143603515625e+03, 4.9901337890625e+03, 4.9901337890625e+03, 4.91143603515625e+03, 4.75528271484375e+03, 4.52413525390625e+03, 4.2216396484375e+03, 3.852566162109375e+03, 3.422735595703125e+03, 2.93892626953125e+03, 2.408768310546875e+03, 1.840622802734375e+03, 1.243449462890625e+03, 6.266661376953125e+02, 6.123233972817055e-13, -6.266661376953125e+02, -1.243449462890625e+03, -1.840622802734375e+03, -2.408768310546875e+03, -2.93892626953125e+03, -3.422735595703125e+03, -3.852566162109375e+03, -4.2216396484375e+03, -4.52413525390625e+03, -4.75528271484375e+03, -4.91143603515625e+03, -4.9901337890625e+03, -4.9901337890625e+03, -4.91143603515625e+03, -4.75528271484375e+03, -4.52413525390625e+03, -4.2216396484375e+03, -3.852566162109375e+03, -3.422735595703125e+03, -2.93892626953125e+03, -2.408768310546875e+03, -1.840622802734375e+03, -1.243449462890625e+03, -6.266661376953125e+02, -1.224646794563411e-12, 6.266661376953125e+02, 1.243449462890625e+03, 1.840622802734375e+03, 2.408768310546875e+03, 2.93892626953125e+03, 3.422735595703125e+03, 3.852566162109375e+03, 4.2216396484375e+03, 4.52413525390625e+03, 4.75528271484375e+03, 4.91143603515625e+03, 4.9901337890625e+03, 4.9901337890625e+03, 4.91143603515625e+03, 4.75528271484375e+03, 4.52413525390625e+03, 4.2216396484375e+03, 3.852566162109375e+03, 3.422735595703125e+03, 2.93892626953125e+03, 2.408768310546875e+03, 1.840622802734375e+03, 1.243449462890625e+03, 6.266661376953125e+02, 1.836970246055225e-12, -6.266661376953125e+02, -1.243449462890625e+03, -1.840622802734375e+03, -2.408768310546875e+03, -2.93892626953125e+03, -3.422735595703125e+03, -3.852566162109375e+03, -4.2216396484375e+03, -4.52413525390625e+03, -4.75528271484375e+03, -4.91143603515625e+03, -4.9901337890625e+03, -4.9901337890625e+03, -4.91143603515625e+03, -4.75528271484375e+03, -4.52413525390625e+03, -4.2216396484375e+03, -3.852566162109375e+03, -3.422735595703125e+03, -2.93892626953125e+03, -2.408768310546875e+03, -1.840622802734375e+03, -1.243449462890625e+03, -6.266661376953125e+02, -2.449293589126822e-12]
preDro.dp=[0e+00, 6.266661376953125e+02, 1.243449462890625e+03, 1.840622802734375e+03, 2.408768310546875e+03, 2.93892626953125e+03, 3.422735595703125e+03, 3.852566162109375e+03, 4.2216396484375e+03, 4.52413525390625e+03, 4.75528271484375e+03, 4.91143603515625e+03, 4.9901337890625e+03, 4.9901337890625e+03, 4.91143603515625e+03, 4.75528271484375e+03, 4.52413525390625e+03, 4.2216396484375e+03, 3.852566162109375e+03, 3.422735595703125e+03, 2.93892626953125e+03, 2.408768310546875e+03, 1.840622802734375e+03, 1.243449462890625e+03, 6.266661376953125e+02, 0e+00, -6.266661376953125e+02, -1.243449462890625e+03, -1.840622802734375e+03, -2.408768310546875e+03, -2.93892626953125e+03, -3.422735595703125e+03, -3.852566162109375e+03, -4.2216396484375e+03, -4.52413525390625e+03, -4.75528271484375e+03, -4.91143603515625e+03, -4.9901337890625e+03, -4.9901337890625e+03, -4.91143603515625e+03, -4.75528271484375e+03, -4.52413525390625e+03, -4.2216396484375e+03, -3.852566162109375e+03, -3.422735595703125e+03, -2.93892626953125e+03, -2.408768310546875e+03, -1.840622802734375e+03, -1.243449462890625e+03, -6.266661376953125e+02, 0e+00, 6.266661376953125e+02, 1.243449462890625e+03, 1.840622802734375e+03, 2.408768310546875e+03, 2.93892626953125e+03, 3.422735595703125e+03, 3.852566162109375e+03, 4.2216396484375e+03, 4.52413525390625e+03, 4.75528271484375e+03, 4.91143603515625e+03, 4.9901337890625e+03, 4.9901337890625e+03, 4.91143603515625e+03, 4.75528271484375e+03, 4.52413525390625e+03, 4.2216396484375e+03, 3.852566162109375e+03, 3.422735595703125e+03, 2.93892626953125e+03, 2.408768310546875e+03, 1.840622802734375e+03, 1.243449462890625e+03, 6.266661376953125e+02, 0e+00, -6.266661376953125e+02, -1.243449462890625e+03, -1.840622802734375e+03, -2.408768310546875e+03, -2.93892626953125e+03, -3.422735595703125e+03, -3.852566162109375e+03, -4.2216396484375e+03, -4.52413525390625e+03, -4.75528271484375e+03, -4.91143603515625e+03, -4.9901337890625e+03, -4.9901337890625e+03, -4.91143603515625e+03, -4.75528271484375e+03, -4.52413525390625e+03, -4.2216396484375e+03, -3.852566162109375e+03, -3.422735595703125e+03, -2.93892626953125e+03, -2.408768310546875e+03, -1.840622802734375e+03, -1.243449462890625e+03, -6.266661376953125e+02, 0e+00]
dpFun=[-0e+00, 6.266661376953125e+02, 1.243449462890625e+03, 1.840622802734375e+03, 2.408768310546875e+03, 2.93892626953125e+03, 3.422735595703125e+03, 3.852566162109375e+03, 4.2216396484375e+03, 4.52413525390625e+03, 4.75528271484375e+03, 4.91143603515625e+03, 4.9901337890625e+03, 4.9901337890625e+03, 4.91143603515625e+03, 4.75528271484375e+03, 4.52413525390625e+03, 4.2216396484375e+03, 3.852566162109375e+03, 3.422735595703125e+03, 2.93892626953125e+03, 2.408768310546875e+03, 1.840622802734375e+03, 1.243449462890625e+03, 6.266661376953125e+02, 1.825021101208835e-33, -6.266661376953125e+02, -1.243449462890625e+03, -1.840622802734375e+03, -2.408768310546875e+03, -2.93892626953125e+03, -3.422735595703125e+03, -3.852566162109375e+03, -4.2216396484375e+03, -4.52413525390625e+03, -4.75528271484375e+03, -4.91143603515625e+03, -4.9901337890625e+03, -4.9901337890625e+03, -4.91143603515625e+03, -4.75528271484375e+03, -4.52413525390625e+03, -4.2216396484375e+03, -3.852566162109375e+03, -3.422735595703125e+03, -2.93892626953125e+03, -2.408768310546875e+03, -1.840622802734375e+03, -1.243449462890625e+03, -6.266661376953125e+02, -1.825021101208835e-33, 6.266661376953125e+02, 1.243449462890625e+03, 1.840622802734375e+03, 2.408768310546875e+03, 2.93892626953125e+03, 3.422735595703125e+03, 3.852566162109375e+03, 4.2216396484375e+03, 4.52413525390625e+03, 4.75528271484375e+03, 4.91143603515625e+03, 4.9901337890625e+03, 4.9901337890625e+03, 4.91143603515625e+03, 4.75528271484375e+03, 4.52413525390625e+03, 4.2216396484375e+03, 3.852566162109375e+03, 3.422735595703125e+03, 2.93892626953125e+03, 2.408768310546875e+03, 1.840622802734375e+03, 1.243449462890625e+03, 6.266661376953125e+02, 1.825021101208835e-33, -6.266661376953125e+02, -1.243449462890625e+03, -1.840622802734375e+03, -2.408768310546875e+03, -2.93892626953125e+03, -3.422735595703125e+03, -3.852566162109375e+03, -4.2216396484375e+03, -4.52413525390625e+03, -4.75528271484375e+03, -4.91143603515625e+03, -4.9901337890625e+03, -4.9901337890625e+03, -4.91143603515625e+03, -4.75528271484375e+03, -4.52413525390625e+03, -4.2216396484375e+03, -3.852566162109375e+03, -3.422735595703125e+03, -2.93892626953125e+03, -2.408768310546875e+03, -1.840622802734375e+03, -1.243449462890625e+03, -6.266661376953125e+02, -1.825021101208835e-33]
preDro.m_flow=[-0e+00, 1.051720157265663e-01, 1.574110984802246e-01, 1.979326158761978e-01, 2.314279824495316e-01, 2.596929967403412e-01, 2.836005091667175e-01, 3.036291897296906e-01, 3.200597763061523e-01, 3.33063155412674e-01, 3.427448272705078e-01, 3.491691052913666e-01, 3.523728847503662e-01, 3.523728847503662e-01, 3.491691052913666e-01, 3.427448272705078e-01, 3.33063155412674e-01, 3.200597763061523e-01, 3.036291897296906e-01, 2.836005091667175e-01, 2.596929967403412e-01, 2.314279824495316e-01, 1.979326158761978e-01, 1.574110984802246e-01, 1.051720157265663e-01, 7.52316384526264e-37, -1.051720157265663e-01, -1.574110984802246e-01, -1.979326158761978e-01, -2.314279824495316e-01, -2.596929967403412e-01, -2.836005091667175e-01, -3.036291897296906e-01, -3.200597763061523e-01, -3.33063155412674e-01, -3.427448272705078e-01, -3.491691052913666e-01, -3.523728847503662e-01, -3.523728847503662e-01, -3.491691052913666e-01, -3.427448272705078e-01, -3.33063155412674e-01, -3.200597763061523e-01, -3.036291897296906e-01, -2.836005091667175e-01, -2.596929967403412e-01, -2.314279824495316e-01, -1.979326158761978e-01, -1.574110984802246e-01, -1.051720157265663e-01, -7.52316384526264e-37, 1.051720157265663e-01, 1.574110984802246e-01, 1.979326158761978e-01, 2.314279824495316e-01, 2.596929967403412e-01, 2.836005091667175e-01, 3.036291897296906e-01, 3.200597763061523e-01, 3.33063155412674e-01, 3.427448272705078e-01, 3.491691052913666e-01, 3.523728847503662e-01, 3.523728847503662e-01, 3.491691052913666e-01, 3.427448272705078e-01, 3.33063155412674e-01, 3.200597763061523e-01, 3.036291897296906e-01, 2.836005091667175e-01, 2.596929967403412e-01, 2.314279824495316e-01, 1.979326158761978e-01, 1.574110984802246e-01, 1.051720157265663e-01, 7.52316384526264e-37, -1.051720157265663e-01, -1.574110984802246e-01, -1.979326158761978e-01, -2.314279824495316e-01, -2.596929967403412e-01, -2.836005091667175e-01, -3.036291897296906e-01, -3.200597763061523e-01, -3.33063155412674e-01, -3.427448272705078e-01, -3.491691052913666e-01, -3.523728847503662e-01, -3.523728847503662e-01, -3.491691052913666e-01, -3.427448272705078e-01, -3.33063155412674e-01, -3.200597763061523e-01, -3.036291897296906e-01, -2.836005091667175e-01, -2.596929967403412e-01, -2.314279824495316e-01, -1.979326158761978e-01, -1.574110984802246e-01, -1.051720157265663e-01, -7.52316384526264e-37]
errDp=[0e+00, 0e+00, 2.273736754432321e-13, 2.273736754432321e-13, 0e+00, 0e+00, 1.364242052659392e-12, 4.547473508864641e-13, 0e+00, 0e+00, 9.094947017729282e-13, 0e+00, 9.094947017729282e-13, 2.728484105318785e-12, 0e+00, -9.094947017729282e-13, 0e+00, 0e+00, 4.547473508864641e-13, 0e+00, 0e+00, 0e+00, -6.821210263296962e-13, 2.273736754432321e-13, 0e+00, -1.825021101208835e-33, 0e+00, -2.273736754432321e-13, -2.273736754432321e-13, 0e+00, 0e+00, -1.364242052659392e-12, -4.547473508864641e-13, 0e+00, 0e+00, -9.094947017729282e-13, 0e+00, -9.094947017729282e-13, -2.728484105318785e-12, 0e+00, 9.094947017729282e-13, 0e+00, 0e+00, -4.547473508864641e-13, 0e+00, 0e+00, 0e+00, 6.821210263296962e-13, -2.273736754432321e-13, 0e+00, 1.825021101208835e-33, 0e+00, 2.273736754432321e-13, 2.273736754432321e-13, 0e+00, 0e+00, 1.364242052659392e-12, 4.547473508864641e-13, 0e+00, 0e+00, 9.094947017729282e-13, 0e+00, 9.094947017729282e-13, 2.728484105318785e-12, 0e+00, -9.094947017729282e-13, 0e+00, 0e+00, 4.547473508864641e-13, 0e+00, 0e+00, 0e+00, -6.821210263296962e-13, 2.273736754432321e-13, 0e+00, -1.825021101208835e-33, 0e+00, -2.273736754432321e-13, -2.273736754432321e-13, 0e+00, 0e+00, -1.364242052659392e-12, -4.547473508864641e-13, 0e+00, 0e+00, -9.094947017729282e-13, 0e+00, -9.094947017729282e-13, -2.728484105318785e-12, 0e+00, 9.094947017729282e-13, 0e+00, 0e+00, -4.547473508864641e-13, 0e+00, 0e+00, 0e+00, 6.821210263296962e-13, -2.273736754432321e-13, 0e+00, 1.825021101208835e-33]
