last-generated=2015-05-08
statistics-simulation={'numerical Jacobians': '0', 'nonlinear': ' ', 'linear': ' '}
decAng.decAng=[-0.40288612246513366699, -0.3974062800407409668, -0.39028906822204589844, -0.3815765082836151123, -0.3713188469409942627, -0.35957381129264831543, -0.3464056849479675293, -0.33188414573669433594, -0.31608358025550842285, -0.29908201098442077637, -0.28096026182174682617, -0.26180133223533630371, -0.24168950319290161133, -0.22071008384227752686, -0.19894872605800628662, -0.17649118602275848389, -0.15342301130294799805, -0.12982942163944244385, -0.10579518973827362061, -0.08140458166599273682, -0.05674143508076667786, -0.03188918158411979675, -0.00693095708265900612, 0.01805027015507221222, 0.04297157004475593567, 0.06774991750717163086, 0.09230204671621322632, 0.11654437333345413208, 0.14039286971092224121, 0.16376303136348724365, 0.18656989932060241699, 0.20872808992862701416, 0.23015190660953521729, 0.25075563788414001465, 0.27045372128486633301, 0.28916123509407043457, 0.30679440498352050781, 0.32327112555503845215, 0.33851167559623718262, 0.35243961215019226074, 0.36498248577117919922, 0.37607288360595703125, 0.3856493830680847168, 0.39365741610527038574, 0.40005034208297729492, 0.40479007363319396973, 0.40784803032875061035, 0.40920555591583251953, 0.40885424613952636719, 0.40679633617401123047, 0.4030443727970123291, 0.39762124419212341309, 0.39055946469306945801, 0.38190072774887084961, 0.37169507145881652832, 0.3599999547004699707, 0.34687942266464233398, 0.33240303397178649902, 0.31664502620697021484, 0.2996832430362701416, 0.28159850835800170898, 0.26247370243072509766, 0.24239310622215270996, 0.22144198417663574219, 0.19970598816871643066, 0.1772708594799041748, 0.15422219038009643555, 0.13064518570899963379, 0.10662464797496795654, 0.08224485814571380615, 0.05758966505527496338, 0.03274251148104667664, 0.00778654403984546661, -0.01719526574015617371, -0.04211999103426933289, -0.06690460443496704102, -0.09146586805582046509, -0.11572019010782241821, -0.13958357274532318115, -0.16297151148319244385, -0.18579909205436706543, -0.20798090100288391113, -0.22943128645420074463, -0.25006452202796936035, -0.26979503035545349121, -0.28853785991668701172, -0.30620920658111572266, -0.32272684574127197266, -0.33801102638244628906, -0.35198512673377990723, -0.36457657814025878906, -0.3757177889347076416, -0.38534706830978393555, -0.39340963959693908691, -0.39985853433609008789, -0.4046554267406463623, -0.40777134895324707031, -0.4091872870922088623, -0.40889453887939453125, -0.40689492225646972656, -0.40320065617561340332]
time=[0., 31536000.]
