last-generated=2026-08-06
statistics-initialization=
{
  "linear": "0",
  "nonlinear": "1",
  "numerical Jacobians": "0"
}
statistics-simulation=
{
  "linear": "0, 0, 0, 0, 0, 0, 0, 0, 0, 0, 0, 0, 0, 0, 0, 0, 0, 0, 0, 0, 0, 0, 0, 0, 0, 0, 0,   0, 0, 0, 0, 0, 0, 0, 0, 0, 0, 0, 0, 0",
  "nonlinear": "1",
  "number of continuous time states": "120",
  "numerical Jacobians": "0"
}
time=[0e+00, 2.592e+06]
TBorFieIn.T=[2.858249206542969e+02, 2.877975769042969e+02, 2.879541625976562e+02, 2.877304077148438e+02, 2.872613525390625e+02, 2.866174926757812e+02, 2.858641662597656e+02, 2.850667724609375e+02, 2.842904052734375e+02, 2.837635803222656e+02, 2.834356384277344e+02, 2.831854553222656e+02, 2.830331115722656e+02, 2.829921569824219e+02, 2.830637817382812e+02, 2.8329833984375e+02, 2.839548645019531e+02, 2.84735595703125e+02, 2.855855102539062e+02, 2.864465026855469e+02, 2.872574157714844e+02, 2.879607543945312e+02, 2.885067749023438e+02, 2.8885693359375e+02, 2.889879150390625e+02, 2.888910522460938e+02, 2.885741271972656e+02, 2.880599670410156e+02, 2.873873901367188e+02, 2.866055297851562e+02, 2.857713012695312e+02, 2.849456787109375e+02, 2.842760925292969e+02, 2.8390185546875e+02, 2.836040649414062e+02, 2.834010925292969e+02, 2.833072204589844e+02, 2.833294677734375e+02, 2.834664916992188e+02, 2.839925231933594e+02, 2.847301025390625e+02, 2.855575866699219e+02, 2.864163208007812e+02, 2.8724560546875e+02, 2.879866333007812e+02, 2.885867004394531e+02, 2.890031433105469e+02, 2.8920654296875e+02, 2.891832275390625e+02, 2.88935546875e+02, 2.884817810058594e+02, 2.878554382324219e+02, 2.871027526855469e+02, 2.862783813476562e+02, 2.854421691894531e+02, 2.84655029296875e+02, 2.842511291503906e+02, 2.83925048828125e+02, 2.836878967285156e+02, 2.835558776855469e+02, 2.835386047363281e+02, 2.836376953125e+02, 2.839963684082031e+02, 2.846914367675781e+02, 2.854945068359375e+02, 2.863494262695312e+02, 2.871953125e+02, 2.879715881347656e+02, 2.886234130859375e+02, 2.891047058105469e+02, 2.893813781738281e+02, 2.894338989257812e+02, 2.892593994140625e+02, 2.888711853027344e+02, 2.882978210449219e+02, 2.875810241699219e+02, 2.867733764648438e+02, 2.859341430664062e+02, 2.851241760253906e+02, 2.845997619628906e+02, 2.842478637695312e+02, 2.839786071777344e+02, 2.838099365234375e+02, 2.837536010742188e+02, 2.838138427734375e+02, 2.840110778808594e+02, 2.846597900390625e+02, 2.854326171875e+02, 2.862764282226562e+02, 2.871316528320312e+02, 2.879376525878906e+02, 2.8863671875e+02, 2.891790161132812e+02, 2.895264587402344e+02, 2.896546936035156e+02, 2.895550537109375e+02, 2.892353210449219e+02, 2.887194213867188e+02, 2.880451965332031e+02, 2.872616882324219e+02, 2.864258117675781e+02]
TBorFieOut.T=[2.831499938964844e+02, 2.851804809570312e+02, 2.855064086914062e+02, 2.855513000488281e+02, 2.854308471679688e+02, 2.851903991699219e+02, 2.848662109375e+02, 2.844927673339844e+02, 2.841046142578125e+02, 2.836249084472656e+02, 2.830596008300781e+02, 2.8267626953125e+02, 2.825046081542969e+02, 2.825595092773438e+02, 2.828353271484375e+02, 2.832290344238281e+02, 2.835156555175781e+02, 2.838810729980469e+02, 2.843000793457031e+02, 2.847457275390625e+02, 2.85186767578125e+02, 2.855923461914062e+02, 2.859341735839844e+02, 2.861884765625e+02, 2.863387451171875e+02, 2.863750610351562e+02, 2.862955017089844e+02, 2.861058349609375e+02, 2.858214416503906e+02, 2.854635314941406e+02, 2.850584716796875e+02, 2.8463623046875e+02, 2.842369384765625e+02, 2.835940551757812e+02, 2.831269226074219e+02, 2.828661193847656e+02, 2.82830078125e+02, 2.830216674804688e+02, 2.834273376464844e+02, 2.836830749511719e+02, 2.840172729492188e+02, 2.844156188964844e+02, 2.848504028320312e+02, 2.852914428710938e+02, 2.857080078125e+02, 2.860707092285156e+02, 2.8635400390625e+02, 2.865380859375e+02, 2.866106262207031e+02, 2.865671081542969e+02, 2.864111328125e+02, 2.861546936035156e+02, 2.858173217773438e+02, 2.854238586425781e+02, 2.850029907226562e+02, 2.845857238769531e+02, 2.840226745605469e+02, 2.83492431640625e+02, 2.831593627929688e+02, 2.830466613769531e+02, 2.831625671386719e+02, 2.834990234375e+02, 2.838105773925781e+02, 2.84117431640625e+02, 2.844965209960938e+02, 2.849223327636719e+02, 2.853647766113281e+02, 2.8579248046875e+02, 2.861756591796875e+02, 2.864876098632812e+02, 2.867064208984375e+02, 2.868168029785156e+02, 2.868116455078125e+02, 2.866921081542969e+02, 2.8646728515625e+02, 2.861539306640625e+02, 2.857754211425781e+02, 2.853601379394531e+02, 2.849383850097656e+02, 2.844610900878906e+02, 2.83871826171875e+02, 2.834694213867188e+02, 2.832814025878906e+02, 2.833209533691406e+02, 2.835853881835938e+02, 2.839417724609375e+02, 2.842206115722656e+02, 2.845780639648438e+02, 2.849909973144531e+02, 2.85430908203125e+02, 2.858670043945312e+02, 2.86268310546875e+02, 2.866064147949219e+02, 2.868580017089844e+02, 2.870055541992188e+02, 2.870390625e+02, 2.869566955566406e+02, 2.867652893066406e+02, 2.86479248046875e+02, 2.861196899414062e+02, 2.857129821777344e+02]
borHol.TBorAve[1]=[2.831499938964844e+02, 2.851976623535156e+02, 2.855511169433594e+02, 2.856120910644531e+02, 2.854991455078125e+02, 2.8525927734375e+02, 2.849360046386719e+02, 2.845578308105469e+02, 2.841612243652344e+02, 2.838124389648438e+02, 2.835650939941406e+02, 2.833692932128906e+02, 2.832352600097656e+02, 2.831730041503906e+02, 2.831853637695312e+02, 2.832871398925781e+02, 2.8355810546875e+02, 2.839227294921875e+02, 2.843471374511719e+02, 2.848027038574219e+02, 2.852556457519531e+02, 2.856712646484375e+02, 2.860243835449219e+02, 2.862895202636719e+02, 2.8644873046875e+02, 2.864907531738281e+02, 2.864154052734375e+02, 2.862263793945312e+02, 2.859388122558594e+02, 2.85573974609375e+02, 2.851589660644531e+02, 2.847285461425781e+02, 2.843144836425781e+02, 2.840229797363281e+02, 2.837884216308594e+02, 2.836152954101562e+02, 2.835131530761719e+02, 2.8348779296875e+02, 2.83541015625e+02, 2.837510375976562e+02, 2.840829162597656e+02, 2.844825134277344e+02, 2.849239807128906e+02, 2.853753662109375e+02, 2.858040466308594e+02, 2.861789855957031e+02, 2.864720458984375e+02, 2.866654663085938e+02, 2.867452087402344e+02, 2.867055358886719e+02, 2.865494384765625e+02, 2.8629248046875e+02, 2.859506530761719e+02, 2.85549072265625e+02, 2.851173095703125e+02, 2.846876525878906e+02, 2.84355712890625e+02, 2.841024780273438e+02, 2.83906982421875e+02, 2.837794189453125e+02, 2.837278747558594e+02, 2.837542724609375e+02, 2.838999938964844e+02, 2.841990661621094e+02, 2.845805358886719e+02, 2.850140075683594e+02, 2.854634704589844e+02, 2.859015197753906e+02, 2.862966003417969e+02, 2.866201477050781e+02, 2.868488159179688e+02, 2.86966796875e+02, 2.869671325683594e+02, 2.868496398925781e+02, 2.866229553222656e+02, 2.863038330078125e+02, 2.859203491210938e+02, 2.854964294433594e+02, 2.850633544921875e+02, 2.846847839355469e+02, 2.844125061035156e+02, 2.841970825195312e+02, 2.840457153320312e+02, 2.839676818847656e+02, 2.839680480957031e+02, 2.840579223632812e+02, 2.843203735351562e+02, 2.846761474609375e+02, 2.850941162109375e+02, 2.855432434082031e+02, 2.859909362792969e+02, 2.864018249511719e+02, 2.867509765625e+02, 2.870130920410156e+02, 2.871692199707031e+02, 2.872080383300781e+02, 2.871295166015625e+02, 2.869385986328125e+02, 2.866491088867188e+02, 2.862823486328125e+02, 2.858654479980469e+02]
borHol.TBorAve[2]=[2.831499938964844e+02, 2.844461975097656e+02, 2.847750854492188e+02, 2.848761901855469e+02, 2.848430786132812e+02, 2.847113647460938e+02, 2.845114135742188e+02, 2.842638854980469e+02, 2.839942321777344e+02, 2.837104797363281e+02, 2.834244384765625e+02, 2.831993408203125e+02, 2.830567321777344e+02, 2.830119323730469e+02, 2.830691223144531e+02, 2.832239990234375e+02, 2.8341162109375e+02, 2.836594543457031e+02, 2.839524536132812e+02, 2.842731628417969e+02, 2.845989379882812e+02, 2.849053344726562e+02, 2.851742858886719e+02, 2.853866577148438e+02, 2.855285034179688e+02, 2.855899658203125e+02, 2.855686950683594e+02, 2.8546533203125e+02, 2.852887268066406e+02, 2.850522155761719e+02, 2.847735595703125e+02, 2.844764404296875e+02, 2.841771240234375e+02, 2.838580322265625e+02, 2.835907287597656e+02, 2.834031372070312e+02, 2.833112487792969e+02, 2.8332275390625e+02, 2.834389038085938e+02, 2.836088256835938e+02, 2.838321533203125e+02, 2.841050109863281e+02, 2.8441259765625e+02, 2.847338562011719e+02, 2.850463562011719e+02, 2.853279724121094e+02, 2.855577087402344e+02, 2.857218627929688e+02, 2.85808837890625e+02, 2.858125610351562e+02, 2.857331237792969e+02, 2.855791931152344e+02, 2.853606262207031e+02, 2.850935363769531e+02, 2.847978515625e+02, 2.844957885742188e+02, 2.841796264648438e+02, 2.838910827636719e+02, 2.836740417480469e+02, 2.835481872558594e+02, 2.835249633789062e+02, 2.836058349609375e+02, 2.837639465332031e+02, 2.839655456542969e+02, 2.842243041992188e+02, 2.845242004394531e+02, 2.84841796875e+02, 2.85158447265625e+02, 2.85451904296875e+02, 2.857013854980469e+02, 2.858891906738281e+02, 2.860022583007812e+02, 2.860339965820312e+02, 2.859822692871094e+02, 2.858511352539062e+02, 2.856504211425781e+02, 2.853983154296875e+02, 2.851106567382812e+02, 2.848088989257812e+02, 2.844987182617188e+02, 2.841907348632812e+02, 2.839481201171875e+02, 2.837902526855469e+02, 2.837314147949219e+02, 2.837779846191406e+02, 2.839223327636719e+02, 2.841023254394531e+02, 2.843424377441406e+02, 2.846296691894531e+02, 2.849447326660156e+02, 2.852658386230469e+02, 2.855680847167969e+02, 2.858335266113281e+02, 2.860432434082031e+02, 2.861824035644531e+02, 2.862411804199219e+02, 2.862172241210938e+02, 2.861122436523438e+02, 2.859340515136719e+02, 2.856959533691406e+02, 2.854157104492188e+02]
borHol.QBorAve[1]=[0e+00, 2.373697998046875e+03, 2.212200927734375e+03, 1.960576904296875e+03, 1.640427856445312e+03, 1.274239868164062e+03, 8.796181640625e+02, 4.940623779296872e+02, 1.433515930175781e+02, -8.54337158203125e+01, -2.172136993408203e+02, -3.05379150390625e+02, -3.340081176757812e+02, -2.974822692871094e+02, -1.983094482421872e+02, -7.98892068862915e+00, 3.4270458984375e+02, 7.225158691406258e+02, 1.112499877929688e+03, 1.485718139648438e+03, 1.817234619140625e+03, 2.087296142578125e+03, 2.270627197265625e+03, 2.355521484375e+03, 2.336824462890625e+03, 2.216656005859375e+03, 2.000676147460938e+03, 1.70716552734375e+03, 1.357473388671874e+03, 9.768538818359375e+02, 5.924215698242188e+02, 2.26275390625e+02, -6.881096649169922e+01, -2.039720764160156e+02, -3.06917175292969e+02, -3.546436157226562e+02, -3.394218139648438e+02, -2.59466552734375e+02, -1.200231857299805e+02, 2.010155029296875e+02, 5.69859375e+02, 9.628184814453125e+02, 1.346885375976562e+03, 1.696245483398438e+03, 1.987046630859375e+03, 2.19922607421875e+03, 2.319845947265625e+03, 2.336174072265625e+03, 2.24869775390625e+03, 2.064548095703125e+03, 1.79733349609375e+03, 1.461377685546875e+03, 1.086331665039062e+03, 6.989590454101562e+02, 3.266416625976562e+02, -4.360573291778564e+00, -1.771707000732433e+02, -2.958761596679677e+02, -3.630848999023438e+02, -3.689273681640625e+02, -3.108328247070312e+02, -1.896900329589844e+02, 6.984678649902344e+01, 4.295677490234375e+02, 8.143590087890625e+02, 1.200873901367188e+03, 1.56814453125e+03, 1.88264892578125e+03, 2.123493652343751e+03, 2.274572509765624e+03, 2.325780517578125e+03, 2.2729580078125e+03, 2.119185791015625e+03, 1.876705688476562e+03, 1.563408447265625e+03, 1.201951904296875e+03, 8.124368896484375e+02, 4.301590270996094e+02, 8.168963623046875e+01, -1.452677917480469e+02, -2.754020690917969e+02, -3.626024169921875e+02, -3.896042785644531e+02, -3.522994995117188e+02, -2.521374969482422e+02, -6.104399490356445e+01, 2.902395324707031e+02, 6.709154663085938e+02, 1.061115234375e+03, 1.43494873046875e+03, 1.7667080078125e+03, 2.037218872070312e+03, 2.220720947265625e+03, 2.30586083984375e+03, 2.28751806640625e+03, 2.1677060546875e+03, 1.952044555664062e+03, 1.658647094726562e+03, 1.309187133789062e+03, 9.288240966796875e+02, 5.446550903320312e+02]
borHol.QBorAve[2]=[0e+00, 1.583858520507812e+03, 1.556087524414062e+03, 1.426903442382812e+03, 1.234365478515625e+03, 9.981790161132812e+02, 7.329635009765625e+02, 4.651331481933591e+02, 2.141316223144531e+02, -3.684584426879883e+01, -2.480784759521484e+02, -3.728070068359375e+02, -4.028807067871094e+02, -3.380931701660156e+02, -1.860033416748043e+02, 2.402896118164062e+01, 2.373663787841797e+02, 4.894741821289068e+02, 7.584254150390625e+02, 1.023995971679688e+03, 1.267452392578125e+03, 1.4740244140625e+03, 1.624160278320312e+03, 1.707994506835938e+03, 1.720297973632812e+03, 1.660717163085938e+03, 1.531684814453125e+03, 1.343806640625e+03, 1.111174438476562e+03, 8.506018676757812e+02, 5.806177368164062e+02, 3.1665576171875e+02, 7.300270843505859e+01, -1.713066711425781e+02, -3.254458312988285e+02, -3.877742614746094e+02, -3.55717041015625e+02, -2.317748107910156e+02, -2.672132682800293e+01, 1.727179718017578e+02, 4.119523315429688e+02, 6.79440185546875e+02, 9.495069580078125e+02, 1.202766845703125e+03, 1.421380126953125e+03, 1.58992236328125e+03, 1.698084716796875e+03, 1.734673095703125e+03, 1.698271484375e+03, 1.59211279296875e+03, 1.4240166015625e+03, 1.20284765625e+03, 9.481248168945312e+02, 6.781976928710938e+02, 4.121284484863281e+02, 1.686853942871094e+02, -9.043073272705263e+01, -2.752483215332015e+02, -3.686107482910156e+02, -3.677274780273438e+02, -2.745883178710938e+02, -9.422402191162109e+01, 1.121600494384766e+02, 3.393572387695312e+02, 5.976768188476562e+02, 8.665466918945312e+02, 1.130005126953125e+03, 1.363277465820312e+03, 1.550353637695314e+03, 1.678511352539062e+03, 1.73895068359375e+03, 1.7272265625e+03, 1.643194213867188e+03, 1.493830810546875e+03, 1.290201171875e+03, 1.047001586914062e+03, 7.7765771484375e+02, 5.066287841796875e+02, 2.528986968994141e+02, -1.528633236885071e-01, -2.131128540039062e+02, -3.392785339355469e+02, -3.701277465820312e+02, -3.066034851074219e+02, -1.550435180664062e+02, 5.415519332885742e+01, 2.670688781738281e+02, 5.18748291015625e+02, 7.871730346679688e+02, 1.052445678710938e+03, 1.2954853515625e+03, 1.501822265625e+03, 1.651609130859375e+03, 1.735261352539062e+03, 1.747421508789062e+03, 1.68765380859375e+03, 1.558384399414062e+03, 1.370319091796875e+03, 1.137553955078125e+03, 8.768435668945312e+02, 6.0671337890625e+02]
