last-generated=2014-09-22
sen_D.S[2]=[345600.00000000000000000000, 345600.00000000000000000000]
sen_Y.S[1]=[115200.00000000000000000000, 115200.00000000000000000000]
sen_Y.S[2]=[115200.00000000000000000000, 115200.00000000000000000000]
sen_D.S[1]=[345600.00000000000000000000, 345600.00000000000000000000]
time=[0.00000000000000000000, 1.00000000000000000000]
