last-generated=2015-05-08
statistics-simulation={'numerical Jacobians': '0', 'nonlinear': ' ', 'linear': ' '}
act2.y=[1., 0.04894348233938217163, 0.41221475601196289062, 1.58778524398803710938, 1.95105648040771484375, 1., 0.04894348233938217163, 0.41221475601196488903, 1.58778524398803710938, 1.95105648040771484375, 1., 0.04894348233938217163, 0.41221475601196289062, 1.58778524398803710938, 1.95105648040770129903, 1., 0.04894348233938217163, 0.41221475601196688743, 1.58778524398803710938, 1.95105648040771484375, 1., 0.04894348233938217163, 0.41221475601196289062, 1.58778524398803710938, 1.95105648040771484375, 1., 0.04894348233938217163, 0.41221475601196289062, 1.58778524398798626116, 1.95105648040771484375, 1., 0.04894348233938217163, 0.41221475601196289062, 1.58778524398803710938, 1.95105648040768775431, 1., 0.04894348233938217163, 0.41221475601196289062, 1.58778524398803710938, 1.95105648040771484375, 1., 0.04894348233940604143, 0.41221475601196289062, 1.58778524398803710938, 1.95105648040771484375, 1., 0.04894348233938217163, 0.41221475601196289062, 1.58778524398803710938, 1.95105648040771484375, 1., 0.04894348233938217163, 0.41221475601196289062, 1.58778524398803710938, 1.95105648040771484375, 1., 0.04894348233945843007, 0.41221475601206020167, 1.58778524398803710938, 1.95105648040771484375, 1., 0.04894348233938217163, 0.41221475601196289062, 1.58778524398803710938, 1.95105648040771484375, 1., 0.04894348233938217163, 0.41221475601196289062, 1.58778524398793541295, 1.95105648040763024476, 1., 0.04894348233938217163, 0.41221475601196289062, 1.58778524398803710938, 1.95105648040771484375, 1., 0.04894348233938217163, 0.41221475601196289062, 1.58778524398803710938, 1.95105648040771484375, 1., 0.04894348233945843007, 0.41221475601206020167, 1.58778524398803710938, 1.95105648040771484375, 1., 0.04894348233938217163, 0.41221475601196289062, 1.58778524398803710938, 1.95105648040771484375, 1., 0.04894348233938217163, 0.41221475601196289062, 1.58778524398803710938, 1.95105648040771484375, 1., 0.04894348233938217163, 0.41221475601196289062, 1.58778524398803710938, 1.95105648040771484375, 1.]
act1.y=[1., 0., 1., 0., 1., 0., 0., 1., 0., 1., 0., 0., 1., 0., 1., 0., 0., 1., 0., 1., 0., 0., 1., 0., 1., 0., 0., 1., 0., 1., 0., 0., 1., 0., 1., 0., 0., 1., 0., 1., 0., 0., 1., 0., 1., 0., 0., 1., 0., 1., 0., 0., 1., 0., 1., 0., 0., 1., 0., 1., 0., 0., 1., 0., 1., 0., 0., 1., 0., 1., 0., 0., 1., 0., 1., 0., 0., 1., 0., 1., 0., 0., 1., 0., 1., 0., 0., 1., 0., 1., 0., 0., 1., 0., 1., 0., 0., 1., 0., 1., 0.]
act3.y=[0.94999998807907104492, 0.94999998807907104492]
time=[0., 600.]
reqCou.nInc=[3., 1., 2., 2., 3., 2., 1., 2., 2., 3., 2., 1., 2., 2., 3., 2., 1., 2., 2., 3., 2., 1., 2., 2., 3., 2., 1., 2., 2., 3., 2., 1., 2., 2., 3., 2., 1., 2., 2., 3., 2., 1.00000000000003197442, 2., 2., 3., 2., 1., 2., 2., 3., 2., 1., 2., 2., 3., 2., 1., 2.0000000000002509104, 2., 3., 2., 1., 2., 2., 3., 2., 1., 2., 2., 2.99999999999992628119, 2., 1., 2., 2., 3., 2., 1., 2., 2., 3., 2., 1., 2.0000000000002509104, 2., 3., 2., 1., 2., 2., 3., 2., 1., 2., 2., 3., 2., 1., 2., 2., 3., 2.]
