last-generated=2014-02-03
sen.I=[-1.00000000000000000000, -1.00000000000000000000]
time=[0.00000000000000000000, 1.00000000000000000000]
sen.V=[120.00000000000000000000, 120.00000000000000000000]
