last-generated=2026-10-10
statistics-initialization=
{
  "linear": "0, 0, 0, 0, 0, 0, 0, 0",
  "nonlinear": "0, 0, 0, 0, 0, 1, 0, 0, 0, 0, 0, 0, 0, 0, 0, 0, 0, 0, 0, 0, 0, 0, 0, 0, 0, 5, 1,   1, 1, 1, 1, 1, 1, 1",
  "numerical Jacobians": "0"
}
statistics-simulation=
{
  "linear": "0, 0, 0, 0, 0, 0, 0, 0, 0, 0, 0, 4, 0",
  "nonlinear": "5, 0, 0, 0, 0, 0, 0, 0, 0, 0, 1, 1, 1, 0, 1",
  "number of continuous time states": "82",
  "numerical Jacobians": "0"
}
time=[1.6848e+07, 1.728e+07]
flo.sou.TAir=[2.931499938964844e+02, 2.9731103515625e+02, 2.972584228515625e+02, 2.973402404785156e+02, 2.973863830566406e+02, 2.974825134277344e+02, 2.963783874511719e+02, 2.966952209472656e+02, 2.968559875488281e+02, 2.969751892089844e+02, 2.971143188476562e+02, 2.97107177734375e+02, 2.968622131347656e+02, 2.972271118164062e+02, 2.971161193847656e+02, 2.968143310546875e+02, 2.981357421875e+02, 2.981481018066406e+02, 2.982937622070312e+02, 2.984402160644531e+02, 2.985372619628906e+02, 2.984578247070312e+02, 2.984382934570312e+02, 2.984336853027344e+02, 2.983380737304688e+02, 2.972977905273438e+02, 2.966758422851562e+02, 2.965907897949219e+02, 2.967107238769531e+02, 2.968576049804688e+02, 2.970357055664062e+02, 2.97103271484375e+02, 2.970422973632812e+02, 2.969075927734375e+02, 2.965818481445312e+02, 2.968570556640625e+02, 2.984951171875e+02, 2.987868347167969e+02, 2.989324035644531e+02, 2.989488220214844e+02, 2.991034545898438e+02, 2.991208801269531e+02, 2.99102294921875e+02, 2.990810241699219e+02, 2.963434753417969e+02, 2.971297302246094e+02, 2.979932861328125e+02, 2.974552307128906e+02, 2.977372436523438e+02, 2.980657958984375e+02, 2.980946350097656e+02, 2.983251647949219e+02, 2.983341064453125e+02, 2.983926086425781e+02, 2.975622253417969e+02, 2.969233703613281e+02, 2.994945678710938e+02, 2.998255920410156e+02, 2.999259643554688e+02, 2.998732604980469e+02, 2.99849365234375e+02, 2.997862548828125e+02, 2.997373962402344e+02, 2.987706604003906e+02, 2.969813232421875e+02, 2.970668640136719e+02, 2.981557922363281e+02, 2.974129028320312e+02, 2.977713928222656e+02, 2.981614074707031e+02, 2.981814270019531e+02, 2.984512329101562e+02, 2.984871520996094e+02, 2.984053955078125e+02, 2.977480163574219e+02, 2.970772094726562e+02, 2.996643676757812e+02, 2.999245910644531e+02, 3.000113830566406e+02, 3.000077819824219e+02, 2.999654235839844e+02, 2.999342651367188e+02, 2.998414001464844e+02, 2.996498107910156e+02, 2.973813781738281e+02, 2.968855285644531e+02, 2.982236022949219e+02, 2.975102844238281e+02, 2.97901611328125e+02, 2.982851257324219e+02, 2.983265075683594e+02, 2.984570007324219e+02, 2.984886169433594e+02, 2.985987854003906e+02, 2.980405883789062e+02, 2.973678588867188e+02, 2.996721496582031e+02, 2.997896118164062e+02, 2.998997802734375e+02, 2.998655395507812e+02, 2.998507385253906e+02]
flo.eas.TAir=[2.931499938964844e+02, 2.973679809570312e+02, 2.973425903320312e+02, 2.973248291015625e+02, 2.976213684082031e+02, 2.974657592773438e+02, 2.970807189941406e+02, 2.971911010742188e+02, 2.972112426757812e+02, 2.970943298339844e+02, 2.970784606933594e+02, 2.970712280273438e+02, 2.969027404785156e+02, 2.971226196289062e+02, 2.969270935058594e+02, 2.967217712402344e+02, 2.982034301757812e+02, 2.982373657226562e+02, 2.984560241699219e+02, 2.985679016113281e+02, 2.986577453613281e+02, 2.985930786132812e+02, 2.985749206542969e+02, 2.985538330078125e+02, 2.984887084960938e+02, 2.971250610351562e+02, 2.973817138671875e+02, 2.971206359863281e+02, 2.971250915527344e+02, 2.971095886230469e+02, 2.971358032226562e+02, 2.971757202148438e+02, 2.971937561035156e+02, 2.971276245117188e+02, 2.967702331542969e+02, 2.970473022460938e+02, 2.986336364746094e+02, 2.989139404296875e+02, 2.990671081542969e+02, 2.99161376953125e+02, 2.992928466796875e+02, 2.993121032714844e+02, 2.993037109375e+02, 2.992726440429688e+02, 2.967182922363281e+02, 2.972060241699219e+02, 2.981304626464844e+02, 2.979071655273438e+02, 2.979327087402344e+02, 2.97623779296875e+02, 2.974601135253906e+02, 2.976190795898438e+02, 2.976629028320312e+02, 2.977284545898438e+02, 2.970127563476562e+02, 2.969918212890625e+02, 2.996927185058594e+02, 2.999121704101562e+02, 3.00030517578125e+02, 2.999988403320312e+02, 2.999741516113281e+02, 2.999351196289062e+02, 2.998773803710938e+02, 2.985458984375e+02, 2.971169738769531e+02, 2.97130859375e+02, 2.982892761230469e+02, 2.979048156738281e+02, 2.980007934570312e+02, 2.977069396972656e+02, 2.97524658203125e+02, 2.977377319335938e+02, 2.978249816894531e+02, 2.977397766113281e+02, 2.971201782226562e+02, 2.971216735839844e+02, 2.996944580078125e+02, 2.999949951171875e+02, 3.001282653808594e+02, 3.001184997558594e+02, 3.000790100097656e+02, 3.000355224609375e+02, 2.999638061523438e+02, 2.996848449707031e+02, 2.972707214355469e+02, 2.968922729492188e+02, 2.986596984863281e+02, 2.976045227050781e+02, 2.976888732910156e+02, 2.977451477050781e+02, 2.976863098144531e+02, 2.977183227539062e+02, 2.977757263183594e+02, 2.979176025390625e+02, 2.974246215820312e+02, 2.969763793945312e+02, 2.996997680664062e+02, 2.998683776855469e+02, 2.999853210449219e+02, 2.999945373535156e+02, 2.999707641601562e+02]
flo.nor.TAir=[2.931499938964844e+02, 2.972767639160156e+02, 2.973710021972656e+02, 2.973147888183594e+02, 2.974585266113281e+02, 2.975486450195312e+02, 2.963741760253906e+02, 2.966476745605469e+02, 2.966736755371094e+02, 2.96696533203125e+02, 2.966656188964844e+02, 2.966455688476562e+02, 2.964127502441406e+02, 2.968433532714844e+02, 2.96560546875e+02, 2.963875427246094e+02, 2.978722839355469e+02, 2.980279541015625e+02, 2.982025451660156e+02, 2.983360595703125e+02, 2.9843798828125e+02, 2.983712158203125e+02, 2.983523864746094e+02, 2.983649597167969e+02, 2.98375732421875e+02, 2.972982177734375e+02, 2.966537475585938e+02, 2.965173034667969e+02, 2.965631103515625e+02, 2.965733947753906e+02, 2.966585083007812e+02, 2.967312316894531e+02, 2.967599182128906e+02, 2.966777648925781e+02, 2.964139709472656e+02, 2.968244934082031e+02, 2.983419189453125e+02, 2.986076965332031e+02, 2.987675170898438e+02, 2.988756103515625e+02, 2.990336303710938e+02, 2.990736999511719e+02, 2.990791931152344e+02, 2.990630187988281e+02, 2.962471008300781e+02, 2.97148193359375e+02, 2.979862976074219e+02, 2.976102905273438e+02, 2.978192443847656e+02, 2.980132141113281e+02, 2.9796142578125e+02, 2.982096252441406e+02, 2.983028869628906e+02, 2.984170837402344e+02, 2.975941467285156e+02, 2.968964233398438e+02, 2.994270629882812e+02, 2.997290344238281e+02, 2.998473510742188e+02, 2.998262329101562e+02, 2.998078918457031e+02, 2.997804260253906e+02, 2.997309875488281e+02, 2.988534851074219e+02, 2.969612731933594e+02, 2.972698669433594e+02, 2.981840209960938e+02, 2.975956726074219e+02, 2.978772888183594e+02, 2.981063232421875e+02, 2.980357666015625e+02, 2.983230285644531e+02, 2.984559326171875e+02, 2.984387817382812e+02, 2.977788391113281e+02, 2.972157897949219e+02, 2.995408630371094e+02, 2.99829833984375e+02, 2.999543762207031e+02, 2.999525146484375e+02, 2.999236450195312e+02, 2.998863220214844e+02, 2.998223571777344e+02, 2.996514282226562e+02, 2.976486511230469e+02, 2.971139831542969e+02, 2.98328857421875e+02, 2.97688720703125e+02, 2.979989929199219e+02, 2.982903747558594e+02, 2.98265625e+02, 2.983921508789062e+02, 2.984881286621094e+02, 2.986466674804688e+02, 2.980822143554688e+02, 2.974490966796875e+02, 2.995196838378906e+02, 2.997228698730469e+02, 2.998700256347656e+02, 2.998288269042969e+02, 2.997928771972656e+02]
flo.wes.TAir=[2.931499938964844e+02, 2.974232177734375e+02, 2.975238647460938e+02, 2.974794616699219e+02, 2.975327758789062e+02, 2.971773681640625e+02, 2.964510803222656e+02, 2.9668701171875e+02, 2.96805908203125e+02, 2.968735656738281e+02, 2.968156433105469e+02, 2.968954162597656e+02, 2.970741577148438e+02, 2.971857604980469e+02, 2.970849304199219e+02, 2.967335510253906e+02, 2.981590881347656e+02, 2.982626647949219e+02, 2.984231262207031e+02, 2.985477600097656e+02, 2.986383972167969e+02, 2.985703735351562e+02, 2.985568542480469e+02, 2.985208740234375e+02, 2.983420104980469e+02, 2.972813415527344e+02, 2.967799682617188e+02, 2.968081970214844e+02, 2.969759216308594e+02, 2.969153747558594e+02, 2.971160583496094e+02, 2.972172546386719e+02, 2.972870788574219e+02, 2.974646606445312e+02, 2.965223083496094e+02, 2.97236572265625e+02, 2.989229736328125e+02, 2.989646911621094e+02, 2.991731262207031e+02, 2.992501831054688e+02, 2.993772583007812e+02, 2.993964538574219e+02, 2.993856506347656e+02, 2.993443908691406e+02, 2.967098388671875e+02, 2.971559753417969e+02, 2.979131164550781e+02, 2.973214721679688e+02, 2.971708374023438e+02, 2.971955871582031e+02, 2.971826171875e+02, 2.973397216796875e+02, 2.977569274902344e+02, 2.981832885742188e+02, 2.974134521484375e+02, 2.969420776367188e+02, 2.998487854003906e+02, 2.999903564453125e+02, 3.001012268066406e+02, 3.000588684082031e+02, 3.000311889648438e+02, 2.99978515625e+02, 2.999178771972656e+02, 2.984793090820312e+02, 2.970959777832031e+02, 2.970926818847656e+02, 2.978507995605469e+02, 2.972928161621094e+02, 2.971875305175781e+02, 2.972165832519531e+02, 2.971585083007812e+02, 2.974422607421875e+02, 2.979715270996094e+02, 2.983507385253906e+02, 2.97872802734375e+02, 2.969711303710938e+02, 2.999894409179688e+02, 3.001214294433594e+02, 3.002347412109375e+02, 3.002199096679688e+02, 3.001724853515625e+02, 3.001274108886719e+02, 3.000472106933594e+02, 2.9972119140625e+02, 2.972419128417969e+02, 2.969772338867188e+02, 2.978069152832031e+02, 2.9734716796875e+02, 2.971644592285156e+02, 2.97385498046875e+02, 2.973831787109375e+02, 2.974716796875e+02, 2.978888244628906e+02, 2.983185119628906e+02, 2.979550476074219e+02, 2.969037780761719e+02, 2.998435974121094e+02, 2.999409790039062e+02, 3.000372924804688e+02, 2.999955139160156e+02, 2.999855346679688e+02]
flo.cor.TAir=[2.931499938964844e+02, 2.971910400390625e+02, 2.972785949707031e+02, 2.973033752441406e+02, 2.973662109375e+02, 2.974706115722656e+02, 2.962586364746094e+02, 2.965887451171875e+02, 2.965989990234375e+02, 2.965916748046875e+02, 2.965968322753906e+02, 2.9657275390625e+02, 2.963501892089844e+02, 2.967483520507812e+02, 2.964854736328125e+02, 2.96373779296875e+02, 2.977454223632812e+02, 2.979356079101562e+02, 2.981060180664062e+02, 2.982315368652344e+02, 2.983289489746094e+02, 2.983069458007812e+02, 2.983049621582031e+02, 2.983039245605469e+02, 2.982639465332031e+02, 2.973041687011719e+02, 2.966097412109375e+02, 2.96343017578125e+02, 2.964686279296875e+02, 2.964425964355469e+02, 2.966109924316406e+02, 2.966589965820312e+02, 2.966504821777344e+02, 2.965497436523438e+02, 2.96105224609375e+02, 2.9659619140625e+02, 2.981973571777344e+02, 2.984759216308594e+02, 2.986576232910156e+02, 2.98749267578125e+02, 2.989225769042969e+02, 2.989715270996094e+02, 2.989882507324219e+02, 2.989844970703125e+02, 2.962958679199219e+02, 2.971599426269531e+02, 2.978167724609375e+02, 2.975277709960938e+02, 2.97637451171875e+02, 2.977824401855469e+02, 2.977098999023438e+02, 2.979454345703125e+02, 2.980471496582031e+02, 2.981717834472656e+02, 2.973343811035156e+02, 2.968304138183594e+02, 2.992382202148438e+02, 2.995687561035156e+02, 2.997002868652344e+02, 2.996893310546875e+02, 2.996769104003906e+02, 2.996534423828125e+02, 2.99617431640625e+02, 2.988094787597656e+02, 2.970436401367188e+02, 2.971226806640625e+02, 2.980364379882812e+02, 2.9753369140625e+02, 2.9770458984375e+02, 2.978764038085938e+02, 2.977919921875e+02, 2.980772399902344e+02, 2.982337646484375e+02, 2.982099609375e+02, 2.975414733886719e+02, 2.969862670898438e+02, 2.993572692871094e+02, 2.996746215820312e+02, 2.998063354492188e+02, 2.9981591796875e+02, 2.997937622070312e+02, 2.997736511230469e+02, 2.997211303710938e+02, 2.99567138671875e+02, 2.975535278320312e+02, 2.970011291503906e+02, 2.982257690429688e+02, 2.975859375e+02, 2.977616882324219e+02, 2.980086364746094e+02, 2.979757995605469e+02, 2.981030578613281e+02, 2.982128295898438e+02, 2.983880920410156e+02, 2.978073120117188e+02, 2.971897583007812e+02, 2.993291015625e+02, 2.995876159667969e+02, 2.997096862792969e+02, 2.997040100097656e+02, 2.996892700195312e+02]
hvac.TZonSet[1].TCooSet=[3.031499938964844e+02, 3.031499938964844e+02, 3.031499938964844e+02, 3.031499938964844e+02, 3.031499938964844e+02, 2.971499938964844e+02, 2.971499938964844e+02, 2.971499938964844e+02, 2.971499938964844e+02, 2.971499938964844e+02, 2.971499938964844e+02, 2.971499938964844e+02, 2.971499938964844e+02, 2.971499938964844e+02, 2.971499938964844e+02, 2.971499938964844e+02, 3.031499938964844e+02, 3.031499938964844e+02, 3.031499938964844e+02, 3.031499938964844e+02, 3.031499938964844e+02, 3.031499938964844e+02, 3.031499938964844e+02, 3.031499938964844e+02, 2.971499938964844e+02, 2.971499938964844e+02, 2.971499938964844e+02, 2.971499938964844e+02, 2.971499938964844e+02, 2.971499938964844e+02, 2.971499938964844e+02, 2.971499938964844e+02, 2.971499938964844e+02, 2.971499938964844e+02, 2.971499938964844e+02, 2.971499938964844e+02, 3.031499938964844e+02, 3.031499938964844e+02, 3.031499938964844e+02, 3.031499938964844e+02, 3.031499938964844e+02, 3.031499938964844e+02, 3.031499938964844e+02, 3.031499938964844e+02, 2.971499938964844e+02, 2.971499938964844e+02, 2.971499938964844e+02, 2.971499938964844e+02, 2.971499938964844e+02, 2.971499938964844e+02, 2.971499938964844e+02, 2.971499938964844e+02, 2.971499938964844e+02, 2.971499938964844e+02, 2.971499938964844e+02, 2.971499938964844e+02, 3.031499938964844e+02, 3.031499938964844e+02, 3.031499938964844e+02, 3.031499938964844e+02, 3.031499938964844e+02, 3.031499938964844e+02, 3.031499938964844e+02, 2.971499938964844e+02, 2.971499938964844e+02, 2.971499938964844e+02, 2.971499938964844e+02, 2.971499938964844e+02, 2.971499938964844e+02, 2.971499938964844e+02, 2.971499938964844e+02, 2.971499938964844e+02, 2.971499938964844e+02, 2.971499938964844e+02, 2.971499938964844e+02, 2.971499938964844e+02, 3.031499938964844e+02, 3.031499938964844e+02, 3.031499938964844e+02, 3.031499938964844e+02, 3.031499938964844e+02, 3.031499938964844e+02, 3.031499938964844e+02, 2.971499938964844e+02, 2.971499938964844e+02, 2.971499938964844e+02, 2.971499938964844e+02, 2.971499938964844e+02, 2.971499938964844e+02, 2.971499938964844e+02, 2.971499938964844e+02, 2.971499938964844e+02, 2.971499938964844e+02, 2.971499938964844e+02, 2.971499938964844e+02, 2.971499938964844e+02, 3.031499938964844e+02, 3.031499938964844e+02, 3.031499938964844e+02, 3.031499938964844e+02, 3.031499938964844e+02]
hvac.TZonSet[1].THeaSet=[2.851499938964844e+02, 2.851499938964844e+02, 2.851499938964844e+02, 2.851499938964844e+02, 2.851499938964844e+02, 2.931499938964844e+02, 2.931499938964844e+02, 2.931499938964844e+02, 2.931499938964844e+02, 2.931499938964844e+02, 2.931499938964844e+02, 2.931499938964844e+02, 2.931499938964844e+02, 2.931499938964844e+02, 2.931499938964844e+02, 2.931499938964844e+02, 2.851499938964844e+02, 2.851499938964844e+02, 2.851499938964844e+02, 2.851499938964844e+02, 2.851499938964844e+02, 2.851499938964844e+02, 2.851499938964844e+02, 2.851499938964844e+02, 2.931499938964844e+02, 2.931499938964844e+02, 2.931499938964844e+02, 2.931499938964844e+02, 2.931499938964844e+02, 2.931499938964844e+02, 2.931499938964844e+02, 2.931499938964844e+02, 2.931499938964844e+02, 2.931499938964844e+02, 2.931499938964844e+02, 2.931499938964844e+02, 2.851499938964844e+02, 2.851499938964844e+02, 2.851499938964844e+02, 2.851499938964844e+02, 2.851499938964844e+02, 2.851499938964844e+02, 2.851499938964844e+02, 2.851499938964844e+02, 2.931499938964844e+02, 2.931499938964844e+02, 2.931499938964844e+02, 2.931499938964844e+02, 2.931499938964844e+02, 2.931499938964844e+02, 2.931499938964844e+02, 2.931499938964844e+02, 2.931499938964844e+02, 2.931499938964844e+02, 2.931499938964844e+02, 2.931499938964844e+02, 2.851499938964844e+02, 2.851499938964844e+02, 2.851499938964844e+02, 2.851499938964844e+02, 2.851499938964844e+02, 2.851499938964844e+02, 2.851499938964844e+02, 2.931499938964844e+02, 2.931499938964844e+02, 2.931499938964844e+02, 2.931499938964844e+02, 2.931499938964844e+02, 2.931499938964844e+02, 2.931499938964844e+02, 2.931499938964844e+02, 2.931499938964844e+02, 2.931499938964844e+02, 2.931499938964844e+02, 2.931499938964844e+02, 2.931499938964844e+02, 2.851499938964844e+02, 2.851499938964844e+02, 2.851499938964844e+02, 2.851499938964844e+02, 2.851499938964844e+02, 2.851499938964844e+02, 2.851499938964844e+02, 2.931499938964844e+02, 2.931499938964844e+02, 2.931499938964844e+02, 2.931499938964844e+02, 2.931499938964844e+02, 2.931499938964844e+02, 2.931499938964844e+02, 2.931499938964844e+02, 2.931499938964844e+02, 2.931499938964844e+02, 2.931499938964844e+02, 2.931499938964844e+02, 2.931499938964844e+02, 2.851499938964844e+02, 2.851499938964844e+02, 2.851499938964844e+02, 2.851499938964844e+02, 2.851499938964844e+02]
hvac.fanSup.y=[0e+00, 0e+00, 0e+00, 0e+00, 0e+00, 2.790147066116333e-01, 4.389453828334808e-01, 3.372302353382111e-01, 3.775795996189117e-01, 3.919529020786285e-01, 3.486468195915222e-01, 3.606144487857819e-01, 4.648608267307281e-01, 4.061062335968018e-01, 3.713081479072571e-01, 3.478065431118011e-01, 0e+00, 0e+00, 0e+00, 0e+00, 0e+00, 0e+00, 0e+00, 0e+00, 2.072159200906754e-01, 4.882997274398804e-01, 3.864869177341461e-01, 4.340936243534088e-01, 4.215019047260284e-01, 3.738425076007843e-01, 3.588986694812775e-01, 3.541713654994965e-01, 3.837208449840546e-01, 4.207104444503784e-01, 5.784831047058105e-01, 3.948763310909271e-01, 0e+00, 0e+00, 0e+00, 0e+00, 0e+00, 0e+00, 0e+00, 0e+00, 8.490237593650818e-01, 3.584883809089661e-01, 4.942083656787872e-01, 1e+00, 1e+00, 1e+00, 1e+00, 1e+00, 1e+00, 1e+00, 1e+00, 1e+00, 0e+00, 0e+00, 0e+00, 0e+00, 0e+00, 0e+00, 0e+00, 3.566860258579254e-01, 5.712634325027466e-01, 4.073665738105774e-01, 4.71113383769989e-01, 1e+00, 1e+00, 1e+00, 1e+00, 1e+00, 1e+00, 1e+00, 1e+00, 1e+00, 0e+00, 0e+00, 0e+00, 0e+00, 0e+00, 0e+00, 0e+00, 1.92516028881073e-01, 6.312503218650818e-01, 5.333985090255737e-01, 4.493103623390198e-01, 1e+00, 1e+00, 1e+00, 1e+00, 1e+00, 1e+00, 1e+00, 1e+00, 1e+00, 0e+00, 0e+00, 0e+00, 0e+00, 0e+00]
hvac.VAVBox[5].vav.y_actual=[1e+00, 0e+00, 0e+00, 0e+00, 0e+00, 7.106492519378662e-01, 6.747193336486816e-01, 1e+00, 1e+00, 1e+00, 1e+00, 1e+00, 9.84427273273468e-01, 1e+00, 9.554294347763062e-01, 1e+00, 0e+00, 0e+00, 0e+00, 0e+00, 0e+00, 0e+00, 0e+00, 0e+00, 5.021888017654419e-01, 3.177520036697388e-01, 1e+00, 9.800706505775452e-01, 1e+00, 1e+00, 1e+00, 1e+00, 1e+00, 1e+00, 7.52012312412262e-01, 1e+00, -0e+00, 0e+00, 0e+00, 0e+00, 0e+00, 0e+00, 0e+00, 0e+00, 4.480977058410645e-01, 6.581647396087646e-01, 7.699345946311951e-01, 9.175711274147034e-01, 1e+00, 1e+00, 1e+00, 1e+00, 1e+00, 1e+00, 1e+00, 5.769096612930298e-01, -0e+00, 0e+00, 0e+00, 0e+00, 0e+00, 0e+00, 0e+00, 1e+00, 5.367463231086731e-01, 1e+00, 9.040645360946655e-01, 9.062077403068542e-01, 1e+00, 1e+00, 1e+00, 1e+00, 1e+00, 1e+00, 1e+00, 9.177793860435486e-01, -0e+00, 0e+00, 0e+00, 0e+00, 0e+00, 0e+00, 0e+00, 7.431396842002869e-01, 4.748505651950836e-01, 1e+00, 1e+00, 9.225493669509888e-01, 1e+00, 1e+00, 1e+00, 1e+00, 1e+00, 1e+00, 1e+00, 1e+00, -0e+00, 0e+00, 0e+00, 0e+00, 0e+00]
hvac.VAVBox[1].vav.y_actual=[1e+00, 0e+00, 0e+00, 0e+00, 0e+00, 6.787662506103516e-01, 5.465527772903442e-01, 8.362382054328918e-01, 7.925090193748474e-01, 7.848686575889587e-01, 8.278281092643738e-01, 8.01233172416687e-01, 7.694333791732788e-01, 1e+00, 6.859171986579895e-01, 8.465715646743774e-01, -0e+00, 0e+00, 0e+00, 0e+00, 0e+00, 0e+00, 0e+00, 0e+00, 5.350552797317505e-01, 3.543727397918701e-01, 7.847524285316467e-01, 6.781736016273499e-01, 7.747992873191833e-01, 7.287101745605469e-01, 8.364791870117188e-01, 8.260260820388794e-01, 8.009657859802246e-01, 6.933256387710571e-01, 5.853248238563538e-01, 7.737248539924622e-01, -0e+00, 0e+00, 0e+00, 0e+00, 0e+00, 0e+00, 0e+00, 0e+00, 4.17121559381485e-01, 6.608919501304626e-01, 6.845649480819702e-01, 9.175611734390259e-01, 1e+00, 1e+00, 1e+00, 1e+00, 1e+00, 1e+00, 1e+00, 5.949770212173462e-01, -0e+00, 0e+00, 0e+00, 0e+00, 0e+00, 0e+00, 0e+00, 1e+00, 5.083149671554565e-01, 9.236071109771729e-01, 8.227524161338806e-01, 9.062027931213379e-01, 1e+00, 1e+00, 1e+00, 1e+00, 1e+00, 1e+00, 1e+00, 9.640867710113525e-01, -0e+00, 0e+00, 0e+00, 0e+00, 0e+00, 0e+00, 0e+00, 7.516045570373535e-01, 4.812567234039307e-01, 9.169999361038208e-01, 1e+00, 9.225456118583679e-01, 1e+00, 1e+00, 1e+00, 1e+00, 1e+00, 1e+00, 1e+00, 1e+00, -0e+00, 0e+00, 0e+00, 0e+00, 0e+00]
hvac.VAVBox[2].vav.y_actual=[1e+00, 0e+00, 0e+00, 0e+00, 0e+00, 1e+00, 4.553578794002533e-01, 7.252586483955383e-01, 7.447811961174011e-01, 6.64370596408844e-01, 6.434106230735779e-01, 6.283175349235535e-01, 5.721418857574463e-01, 6.632826328277588e-01, 5.628807544708252e-01, 6.513531804084778e-01, 0e+00, 0e+00, 0e+00, 0e+00, 0e+00, 0e+00, 0e+00, 0e+00, 5.997042059898376e-01, 4.752277731895447e-01, 1e+00, 9.405614733695984e-01, 1e+00, 6.123822331428528e-01, 6.631191372871399e-01, 6.725103259086609e-01, 6.550185084342957e-01, 5.713443160057068e-01, 4.905721843242645e-01, 6.18864893913269e-01, 0e+00, 0e+00, 0e+00, 0e+00, 0e+00, 0e+00, 0e+00, 0e+00, 3.505500853061676e-01, 6.905156970024109e-01, 7.595379948616028e-01, 9.175640940666199e-01, 1e+00, 1e+00, 1e+00, 1e+00, 1e+00, 1e+00, 8.912143111228943e-01, 4.927991032600403e-01, 0e+00, 0e+00, 0e+00, 0e+00, 0e+00, 0e+00, 0e+00, 1e+00, 4.555082321166992e-01, 9.470258355140686e-01, 1e+00, 9.062076807022095e-01, 1e+00, 1e+00, 1e+00, 1e+00, 1e+00, 1e+00, 1e+00, 6.688313484191895e-01, 0e+00, 0e+00, 0e+00, 0e+00, 0e+00, 0e+00, 0e+00, 7.572985291481018e-01, 4.299666881561279e-01, 8.957616686820984e-01, 1e+00, 9.225484728813171e-01, 1e+00, 1e+00, 1e+00, 1e+00, 1e+00, 1e+00, 1e+00, 8.067809343338013e-01, 0e+00, 0e+00, 0e+00, 0e+00, 0e+00]
hvac.VAVBox[3].vav.y_actual=[1e+00, 0e+00, 0e+00, 0e+00, 0e+00, 8.082859516143799e-01, 5.81031322479248e-01, 9.445984959602356e-01, 9.248402714729309e-01, 9.307308793067932e-01, 9.7206050157547e-01, 9.45438027381897e-01, 8.101552128791809e-01, 9.251563549041748e-01, 7.360456585884094e-01, 9.808924198150635e-01, -0e+00, 0e+00, 0e+00, 0e+00, 0e+00, 0e+00, 0e+00, 0e+00, 5.219224691390991e-01, 4.129504859447479e-01, 8.74229907989502e-01, 7.319552302360535e-01, 8.740801811218262e-01, 7.99067497253418e-01, 9.745320081710815e-01, 9.714630842208862e-01, 9.398583173751831e-01, 7.588402032852173e-01, 6.258407235145569e-01, 8.553935885429382e-01, -0e+00, 0e+00, 0e+00, 0e+00, 0e+00, 0e+00, 0e+00, 0e+00, 4.638743102550507e-01, 7.243808507919312e-01, 7.073932886123657e-01, 9.185701608657837e-01, 1e+00, 1e+00, 1e+00, 1e+00, 1e+00, 1e+00, 1e+00, 6.230055689811707e-01, -0e+00, 0e+00, 0e+00, 0e+00, 0e+00, 0e+00, 0e+00, 1e+00, 5.427839159965515e-01, 1e+00, 8.432371020317078e-01, 9.073683023452759e-01, 1e+00, 1e+00, 1e+00, 1e+00, 1e+00, 1e+00, 1e+00, 9.762724637985229e-01, -0e+00, 0e+00, 0e+00, 0e+00, 0e+00, 0e+00, 0e+00, 7.218390107154846e-01, 4.790526330471039e-01, 1e+00, 1e+00, 9.233129620552063e-01, 1e+00, 1e+00, 1e+00, 1e+00, 1e+00, 1e+00, 1e+00, 1e+00, 0e+00, 0e+00, 0e+00, 0e+00, 0e+00]
hvac.VAVBox[4].vav.y_actual=[1e+00, 0e+00, 0e+00, 0e+00, 0e+00, 7.310528159141541e-01, 4.273985326290131e-01, 6.227611899375916e-01, 5.976444482803345e-01, 5.912652015686035e-01, 6.152127981185913e-01, 6.019547581672668e-01, 5.561290979385376e-01, 1e+00, 5.440134406089783e-01, 6.230822205543518e-01, 0e+00, 0e+00, 0e+00, 0e+00, 0e+00, 0e+00, 0e+00, 0e+00, 5.567755103111267e-01, 3.038164377212524e-01, 5.980724692344666e-01, 5.36323606967926e-01, 5.904384255409241e-01, 5.684499740600586e-01, 6.176393628120422e-01, 6.449868083000183e-01, 8.150467276573181e-01, 7.405152916908264e-01, 7.746416926383972e-01, 1e+00, 0e+00, 0e+00, 0e+00, 0e+00, 0e+00, 0e+00, 0e+00, 0e+00, 3.439739644527435e-01, 5.889386534690857e-01, 6.129965782165527e-01, 6.767553091049194e-01, 8.197731971740723e-01, 9.364292621612549e-01, 8.939182758331299e-01, 1e+00, 1e+00, 1e+00, 1e+00, 5.403280854225159e-01, -0e+00, 0e+00, 0e+00, 0e+00, 0e+00, 0e+00, 0e+00, 1e+00, 4.339922070503235e-01, 6.741564273834229e-01, 7.345338463783264e-01, 6.56308650970459e-01, 8.089533448219299e-01, 9.726458787918091e-01, 9.630492329597473e-01, 1e+00, 1e+00, 1e+00, 1e+00, 9.085368514060974e-01, -0e+00, 0e+00, 0e+00, 0e+00, 0e+00, 0e+00, 0e+00, 7.613653540611267e-01, 4.153349101543427e-01, 6.36137843132019e-01, 9.002801179885864e-01, 6.860369443893433e-01, 9.186873435974121e-01, 1e+00, 1e+00, 1e+00, 1e+00, 1e+00, 1e+00, 9.057546257972717e-01, 0e+00, 0e+00, 0e+00, 0e+00, 0e+00]
hvac.damOut.y=[0e+00, 0e+00, 0e+00, 0e+00, 0e+00, 0e+00, 1e+00, 1e+00, 1e+00, 1e+00, 1e+00, 1e+00, 1e+00, 1e+00, 1e+00, 1e+00, 0e+00, 0e+00, 0e+00, 0e+00, 0e+00, 0e+00, 0e+00, 0e+00, 0e+00, 0e+00, 1e+00, 1e+00, 1e+00, 1e+00, 1e+00, 1e+00, 1e+00, 1e+00, 1e+00, 1e+00, 0e+00, 0e+00, 0e+00, 0e+00, 0e+00, 0e+00, 0e+00, 0e+00, 0e+00, 0e+00, 1e+00, 1e+00, 1e+00, 1e+00, 1e+00, 1e+00, 1e+00, 1e+00, 1e+00, 1e+00, 0e+00, 0e+00, 0e+00, 0e+00, 0e+00, 0e+00, 0e+00, 0e+00, 0e+00, 0e+00, 1e+00, 1e+00, 1e+00, 1e+00, 1e+00, 1e+00, 1e+00, 1e+00, 1e+00, 1e+00, 0e+00, 0e+00, 0e+00, 0e+00, 0e+00, 0e+00, 0e+00, 0e+00, 0e+00, 0e+00, 1e+00, 1e+00, 1e+00, 1e+00, 1e+00, 1e+00, 1e+00, 1e+00, 1e+00, 1e+00, 0e+00, 0e+00, 0e+00, 0e+00, 0e+00]
hvac.VAVBox[1].TSup=[2.931499938964844e+02, 2.931500549316406e+02, 2.931500549316406e+02, 2.931500549316406e+02, 2.931500549316406e+02, 2.890060729980469e+02, 2.849783325195312e+02, 2.852621154785156e+02, 2.851985473632812e+02, 2.851182250976562e+02, 2.851644592285156e+02, 2.851240234375e+02, 2.85329345703125e+02, 2.852969360351562e+02, 2.849634704589844e+02, 2.851181030273438e+02, 2.852327270507812e+02, 2.852327270507812e+02, 2.852327270507812e+02, 2.852327270507812e+02, 2.852327270507812e+02, 2.852327270507812e+02, 2.852327270507812e+02, 2.852327270507812e+02, 2.921679382324219e+02, 2.849451904296875e+02, 2.852392272949219e+02, 2.850369873046875e+02, 2.852919616699219e+02, 2.850534057617188e+02, 2.851967163085938e+02, 2.85144775390625e+02, 2.851137084960938e+02, 2.850042114257812e+02, 2.85235595703125e+02, 2.85147705078125e+02, 2.8515380859375e+02, 2.8515380859375e+02, 2.8515380859375e+02, 2.8515380859375e+02, 2.8515380859375e+02, 2.8515380859375e+02, 2.8515380859375e+02, 2.8515380859375e+02, 2.855813903808594e+02, 2.851259155273438e+02, 2.851461181640625e+02, 2.893376159667969e+02, 2.892815246582031e+02, 2.894983215332031e+02, 2.896566467285156e+02, 2.893799133300781e+02, 2.893452758789062e+02, 2.894078369140625e+02, 2.891316223144531e+02, 2.876882019042969e+02, 2.85000732421875e+02, 2.85000732421875e+02, 2.85000732421875e+02, 2.85000732421875e+02, 2.85000732421875e+02, 2.85000732421875e+02, 2.85000732421875e+02, 2.900624389648438e+02, 2.850069580078125e+02, 2.851985168457031e+02, 2.851490478515625e+02, 2.88633544921875e+02, 2.890194396972656e+02, 2.894565124511719e+02, 2.896629333496094e+02, 2.896929321289062e+02, 2.896974792480469e+02, 2.893634033203125e+02, 2.895697021484375e+02, 2.892880859375e+02, 2.863155212402344e+02, 2.863155212402344e+02, 2.863155212402344e+02, 2.863155212402344e+02, 2.863155212402344e+02, 2.863155212402344e+02, 2.863155212402344e+02, 2.925474548339844e+02, 2.848763732910156e+02, 2.854844360351562e+02, 2.851823425292969e+02, 2.888861694335938e+02, 2.8906884765625e+02, 2.896847839355469e+02, 2.900934448242188e+02, 2.8938720703125e+02, 2.89403076171875e+02, 2.899408874511719e+02, 2.905339050292969e+02, 2.901084594726562e+02, 2.881149291992188e+02, 2.881149291992188e+02, 2.881149291992188e+02, 2.881149291992188e+02, 2.881149291992188e+02]
hvac.VAVBox[2].TSup=[2.931499938964844e+02, 2.931500549316406e+02, 2.931500549316406e+02, 2.931500549316406e+02, 2.931500549316406e+02, 2.890062255859375e+02, 2.84978271484375e+02, 2.852621154785156e+02, 2.851985778808594e+02, 2.851183166503906e+02, 2.851644592285156e+02, 2.851240539550781e+02, 2.853300170898438e+02, 2.852962341308594e+02, 2.849633178710938e+02, 2.851179809570312e+02, 2.851858215332031e+02, 2.851858215332031e+02, 2.851858215332031e+02, 2.851858215332031e+02, 2.851858215332031e+02, 2.851858215332031e+02, 2.851858215332031e+02, 2.851858215332031e+02, 2.921223754882812e+02, 2.849463806152344e+02, 2.852392883300781e+02, 2.850369567871094e+02, 2.852920227050781e+02, 2.850533752441406e+02, 2.851965637207031e+02, 2.851447448730469e+02, 2.851137084960938e+02, 2.850041809082031e+02, 2.852363586425781e+02, 2.851475219726562e+02, 2.851033020019531e+02, 2.851033020019531e+02, 2.851033020019531e+02, 2.851033020019531e+02, 2.851033020019531e+02, 2.851033020019531e+02, 2.851033020019531e+02, 2.851033020019531e+02, 2.855840454101562e+02, 2.851259155273438e+02, 2.851463012695312e+02, 2.893376159667969e+02, 2.892815246582031e+02, 2.894983215332031e+02, 2.896566467285156e+02, 2.893799133300781e+02, 2.893452758789062e+02, 2.894078369140625e+02, 2.891316223144531e+02, 2.876889038085938e+02, 2.849725952148438e+02, 2.849725952148438e+02, 2.849725952148438e+02, 2.849725952148438e+02, 2.849725952148438e+02, 2.849725952148438e+02, 2.849725952148438e+02, 2.900624389648438e+02, 2.850070495605469e+02, 2.851985168457031e+02, 2.851490783691406e+02, 2.88633544921875e+02, 2.890194396972656e+02, 2.894565124511719e+02, 2.896629333496094e+02, 2.896929321289062e+02, 2.896974792480469e+02, 2.893634033203125e+02, 2.895697021484375e+02, 2.892881164550781e+02, 2.863181457519531e+02, 2.863181457519531e+02, 2.863181457519531e+02, 2.863181457519531e+02, 2.863181457519531e+02, 2.863181457519531e+02, 2.863181457519531e+02, 2.925452270507812e+02, 2.848759155273438e+02, 2.854844055175781e+02, 2.851823425292969e+02, 2.888861694335938e+02, 2.8906884765625e+02, 2.896847839355469e+02, 2.900934448242188e+02, 2.8938720703125e+02, 2.89403076171875e+02, 2.899408874511719e+02, 2.905339050292969e+02, 2.901084594726562e+02, 2.881162719726562e+02, 2.881162719726562e+02, 2.881162719726562e+02, 2.881162719726562e+02, 2.881162719726562e+02]
hvac.VAVBox[3].TSup=[2.931499938964844e+02, 2.931500549316406e+02, 2.931500549316406e+02, 2.931500549316406e+02, 2.931500549316406e+02, 2.890061950683594e+02, 2.849783325195312e+02, 2.852621154785156e+02, 2.851985473632812e+02, 2.851181945800781e+02, 2.851644592285156e+02, 2.851240234375e+02, 2.853292846679688e+02, 2.85296875e+02, 2.849635009765625e+02, 2.851181335449219e+02, 2.852545166015625e+02, 2.852545166015625e+02, 2.852545166015625e+02, 2.852545166015625e+02, 2.852545166015625e+02, 2.852545166015625e+02, 2.852545166015625e+02, 2.852545166015625e+02, 2.921787109375e+02, 2.849458923339844e+02, 2.852392578125e+02, 2.850369873046875e+02, 2.852919921875e+02, 2.850534057617188e+02, 2.851967468261719e+02, 2.85144775390625e+02, 2.851137084960938e+02, 2.850042419433594e+02, 2.852353820800781e+02, 2.851477661132812e+02, 2.85175537109375e+02, 2.85175537109375e+02, 2.85175537109375e+02, 2.85175537109375e+02, 2.85175537109375e+02, 2.85175537109375e+02, 2.85175537109375e+02, 2.85175537109375e+02, 2.855799865722656e+02, 2.851259460449219e+02, 2.851461791992188e+02, 2.893376159667969e+02, 2.892815246582031e+02, 2.894983215332031e+02, 2.896566467285156e+02, 2.893799133300781e+02, 2.893452758789062e+02, 2.894078369140625e+02, 2.891316223144531e+02, 2.876880493164062e+02, 2.850121459960938e+02, 2.850121459960938e+02, 2.850121459960938e+02, 2.850121459960938e+02, 2.850121459960938e+02, 2.850121459960938e+02, 2.850121459960938e+02, 2.900624389648438e+02, 2.850069274902344e+02, 2.851985168457031e+02, 2.851490478515625e+02, 2.88633544921875e+02, 2.890194396972656e+02, 2.894565124511719e+02, 2.896629333496094e+02, 2.896929321289062e+02, 2.896974792480469e+02, 2.893634033203125e+02, 2.895697021484375e+02, 2.892880859375e+02, 2.863256225585938e+02, 2.863256225585938e+02, 2.863256225585938e+02, 2.863256225585938e+02, 2.863256225585938e+02, 2.863256225585938e+02, 2.863256225585938e+02, 2.925609436035156e+02, 2.848763732910156e+02, 2.854844665527344e+02, 2.851823425292969e+02, 2.888861694335938e+02, 2.8906884765625e+02, 2.896847839355469e+02, 2.900934448242188e+02, 2.8938720703125e+02, 2.89403076171875e+02, 2.899408874511719e+02, 2.905339050292969e+02, 2.901084594726562e+02, 2.881217041015625e+02, 2.881217041015625e+02, 2.881217041015625e+02, 2.881217041015625e+02, 2.881217041015625e+02]
hvac.VAVBox[4].TSup=[2.931499938964844e+02, 2.931500549316406e+02, 2.931500549316406e+02, 2.931500549316406e+02, 2.931500549316406e+02, 2.890061340332031e+02, 2.849782409667969e+02, 2.852620849609375e+02, 2.851985778808594e+02, 2.85118408203125e+02, 2.851644287109375e+02, 2.851240539550781e+02, 2.853301086425781e+02, 2.852969360351562e+02, 2.849632873535156e+02, 2.85117919921875e+02, 2.851779174804688e+02, 2.851779174804688e+02, 2.851779174804688e+02, 2.851779174804688e+02, 2.851779174804688e+02, 2.851779174804688e+02, 2.851779174804688e+02, 2.851779174804688e+02, 2.921509094238281e+02, 2.849443054199219e+02, 2.852390441894531e+02, 2.850370178222656e+02, 2.85291748046875e+02, 2.850533447265625e+02, 2.851965026855469e+02, 2.851447448730469e+02, 2.851137084960938e+02, 2.850042419433594e+02, 2.852349548339844e+02, 2.851477966308594e+02, 2.851159057617188e+02, 2.851159057617188e+02, 2.851159057617188e+02, 2.851159057617188e+02, 2.851159057617188e+02, 2.851159057617188e+02, 2.851159057617188e+02, 2.851159057617188e+02, 2.855843505859375e+02, 2.851258850097656e+02, 2.851458435058594e+02, 2.89337646484375e+02, 2.892815246582031e+02, 2.894983215332031e+02, 2.896566467285156e+02, 2.893799133300781e+02, 2.893452758789062e+02, 2.894078369140625e+02, 2.891316223144531e+02, 2.876885375976562e+02, 2.849805603027344e+02, 2.849805603027344e+02, 2.849805603027344e+02, 2.849805603027344e+02, 2.849805603027344e+02, 2.849805603027344e+02, 2.849805603027344e+02, 2.900624389648438e+02, 2.85007080078125e+02, 2.851983947753906e+02, 2.851489868164062e+02, 2.886335144042969e+02, 2.890194091796875e+02, 2.894565124511719e+02, 2.896629333496094e+02, 2.896929321289062e+02, 2.896974792480469e+02, 2.893634033203125e+02, 2.895697021484375e+02, 2.892880859375e+02, 2.863114318847656e+02, 2.863114318847656e+02, 2.863114318847656e+02, 2.863114318847656e+02, 2.863114318847656e+02, 2.863114318847656e+02, 2.863114318847656e+02, 2.92543701171875e+02, 2.848757629394531e+02, 2.854838256835938e+02, 2.851822814941406e+02, 2.888860778808594e+02, 2.8906884765625e+02, 2.896847839355469e+02, 2.900934448242188e+02, 2.8938720703125e+02, 2.89403076171875e+02, 2.899408874511719e+02, 2.905339050292969e+02, 2.901084594726562e+02, 2.881180419921875e+02, 2.881180419921875e+02, 2.881180419921875e+02, 2.881180419921875e+02, 2.881180419921875e+02]
hvac.VAVBox[5].TSup=[2.931499938964844e+02, 2.931500244140625e+02, 2.931500244140625e+02, 2.931500244140625e+02, 2.931500244140625e+02, 2.89006103515625e+02, 2.849783630371094e+02, 2.852621154785156e+02, 2.851985473632812e+02, 2.851181945800781e+02, 2.851644592285156e+02, 2.851240234375e+02, 2.853291625976562e+02, 2.852969360351562e+02, 2.849635620117188e+02, 2.851181335449219e+02, 2.8526171875e+02, 2.8526171875e+02, 2.8526171875e+02, 2.8526171875e+02, 2.8526171875e+02, 2.8526171875e+02, 2.8526171875e+02, 2.8526171875e+02, 2.921949462890625e+02, 2.84944580078125e+02, 2.852392883300781e+02, 2.850369567871094e+02, 2.852920227050781e+02, 2.850534362792969e+02, 2.851967468261719e+02, 2.85144775390625e+02, 2.851137084960938e+02, 2.850042724609375e+02, 2.852350158691406e+02, 2.851477966308594e+02, 2.852063293457031e+02, 2.852063293457031e+02, 2.852063293457031e+02, 2.852063293457031e+02, 2.852063293457031e+02, 2.852063293457031e+02, 2.852063293457031e+02, 2.852063293457031e+02, 2.855804138183594e+02, 2.851259155273438e+02, 2.851463012695312e+02, 2.893376159667969e+02, 2.892815246582031e+02, 2.894983215332031e+02, 2.896566467285156e+02, 2.893799133300781e+02, 2.893452758789062e+02, 2.894078369140625e+02, 2.891316223144531e+02, 2.876882934570312e+02, 2.850116271972656e+02, 2.850116271972656e+02, 2.850116271972656e+02, 2.850116271972656e+02, 2.850116271972656e+02, 2.850116271972656e+02, 2.850116271972656e+02, 2.900624389648438e+02, 2.850069274902344e+02, 2.851985168457031e+02, 2.851490783691406e+02, 2.88633544921875e+02, 2.890194396972656e+02, 2.894565124511719e+02, 2.896629333496094e+02, 2.896929321289062e+02, 2.896974792480469e+02, 2.893634033203125e+02, 2.895697021484375e+02, 2.892880859375e+02, 2.863144226074219e+02, 2.863144226074219e+02, 2.863144226074219e+02, 2.863144226074219e+02, 2.863144226074219e+02, 2.863144226074219e+02, 2.863144226074219e+02, 2.925509948730469e+02, 2.848763122558594e+02, 2.854844665527344e+02, 2.851823425292969e+02, 2.888861694335938e+02, 2.8906884765625e+02, 2.896847839355469e+02, 2.900934448242188e+02, 2.8938720703125e+02, 2.89403076171875e+02, 2.899408874511719e+02, 2.905339050292969e+02, 2.901084594726562e+02, 2.881134948730469e+02, 2.881134948730469e+02, 2.881134948730469e+02, 2.881134948730469e+02, 2.881134948730469e+02]
hvac.res.EFan=[0e+00, -2.339532478856654e-08, -2.339532478856654e-08, -2.339532656492338e-08, -2.339532656492338e-08, 4.583060302734375e+02, 4.45830810546875e+03, 7.34408056640625e+03, 1.0258173828125e+04, 1.3166984375e+04, 1.6055779296875e+04, 1.894574609375e+04, 2.189019921875e+04, 2.4845869140625e+04, 2.80645703125e+04, 3.09380703125e+04, 3.33555703125e+04, 3.33555703125e+04, 3.33555703125e+04, 3.33555703125e+04, 3.33555703125e+04, 3.33555703125e+04, 3.33555703125e+04, 3.33555703125e+04, 3.347189453125e+04, 3.750139453125e+04, 4.047115234375e+04, 4.365653125e+04, 4.660052734375e+04, 4.964113671875e+04, 5.25180859375e+04, 5.540940625e+04, 5.833311328125e+04, 6.144391015625e+04, 6.4728078125e+04, 6.780271875e+04, 7.03277109375e+04, 7.03277109375e+04, 7.03277109375e+04, 7.03277109375e+04, 7.03277109375e+04, 7.03277109375e+04, 7.03277109375e+04, 7.03277109375e+04, 7.37963125e+04, 7.73151953125e+04, 8.128109375e+04, 9.002578125e+04, 1.043994609375e+05, 1.187973046875e+05, 1.33201234375e+05, 1.4760896875e+05, 1.62017796875e+05, 1.764270625e+05, 1.90834890625e+05, 2.05046515625e+05, 2.1396096875e+05, 2.1396096875e+05, 2.1396096875e+05, 2.1396096875e+05, 2.1396096875e+05, 2.1396096875e+05, 2.1396096875e+05, 2.145468125e+05, 2.208014375e+05, 2.2386178125e+05, 2.281715e+05, 2.3772759375e+05, 2.52039921875e+05, 2.66438875e+05, 2.808470625e+05, 2.9525575e+05, 3.096646875e+05, 3.24073625e+05, 3.38482375e+05, 3.528703125e+05, 3.6411365625e+05, 3.6411365625e+05, 3.6411365625e+05, 3.6411365625e+05, 3.6411365625e+05, 3.6411365625e+05, 3.6411365625e+05, 3.6423409375e+05, 3.7049515625e+05, 3.7378775e+05, 3.7804728125e+05, 3.8844334375e+05, 4.02828125e+05, 4.1723509375e+05, 4.316435e+05, 4.4605234375e+05, 4.6046109375e+05, 4.7486871875e+05, 4.89277625e+05, 5.0368403125e+05, 5.154039375e+05, 5.154039375e+05, 5.154039375e+05, 5.154039375e+05, 5.154039375e+05]
hvac.res.EHea=[0e+00, 0e+00, 0e+00, 0e+00, 0e+00, 0e+00, 0e+00, 0e+00, 0e+00, 0e+00, 0e+00, 0e+00, 0e+00, 0e+00, 0e+00, 0e+00, 0e+00, 0e+00, 0e+00, 0e+00, 0e+00, 0e+00, 0e+00, 0e+00, 0e+00, 0e+00, 0e+00, 0e+00, 0e+00, 0e+00, 0e+00, 0e+00, 0e+00, 0e+00, 0e+00, 0e+00, 0e+00, 0e+00, 0e+00, 0e+00, 0e+00, 0e+00, 0e+00, 0e+00, 0e+00, 0e+00, 0e+00, 0e+00, 0e+00, 0e+00, 0e+00, 0e+00, 0e+00, 0e+00, 0e+00, 0e+00, 0e+00, 0e+00, 0e+00, 0e+00, 0e+00, 0e+00, 0e+00, 0e+00, 0e+00, 0e+00, 0e+00, 0e+00, 0e+00, 0e+00, 0e+00, 0e+00, 0e+00, 0e+00, 0e+00, 0e+00, 0e+00, 0e+00, 0e+00, 0e+00, 0e+00, 0e+00, 0e+00, 0e+00, 0e+00, 0e+00, 0e+00, 0e+00, 0e+00, 0e+00, 0e+00, 0e+00, 0e+00, 0e+00, 0e+00, 0e+00, 0e+00, 0e+00, 0e+00, 0e+00, 0e+00]
hvac.res.ECoo=[0e+00, 0e+00, 0e+00, 0e+00, 0e+00, -3.241004638671875e+03, -9.61643203125e+04, -1.93964453125e+05, -3.302681875e+05, -4.85399e+05, -6.341283125e+05, -7.96862875e+05, -9.7336625e+05, -1.159590125e+06, -1.37318475e+06, -1.531371875e+06, -1.665092125e+06, -1.665092125e+06, -1.665092125e+06, -1.665092125e+06, -1.665092125e+06, -1.665092125e+06, -1.665092125e+06, -1.665092125e+06, -1.665528e+06, -1.7466265e+06, -1.8940285e+06, -2.082342125e+06, -2.25506575e+06, -2.44494075e+06, -2.6097235e+06, -2.7854425e+06, -2.97532425e+06, -3.1840885e+06, -3.40378825e+06, -3.5999185e+06, -3.76066075e+06, -3.76066075e+06, -3.76066075e+06, -3.76066075e+06, -3.76066075e+06, -3.76066075e+06, -3.76066075e+06, -3.76066075e+06, -3.82871625e+06, -3.9016855e+06, -4.0998525e+06, -4.411003e+06, -4.782508e+06, -5.1584085e+06, -5.542163e+06, -5.92157e+06, -6.2900555e+06, -6.6725355e+06, -7.037689e+06, -7.3912175e+06, -7.6113775e+06, -7.6113775e+06, -7.6113775e+06, -7.6113775e+06, -7.6113775e+06, -7.6113775e+06, -7.6113775e+06, -7.6195485e+06, -7.7376455e+06, -7.8175825e+06, -8.0181985e+06, -8.312577e+06, -8.666387e+06, -9.034878e+06, -9.418742e+06, -9.803843e+06, -1.0196121e+07, -1.0566668e+07, -1.0949229e+07, -1.1327133e+07, -1.1611571e+07, -1.1611571e+07, -1.1611571e+07, -1.1611571e+07, -1.1611571e+07, -1.1611571e+07, -1.1611571e+07, -1.1612148e+07, -1.1723898e+07, -1.1809199e+07, -1.2007802e+07, -1.2317322e+07, -1.2682437e+07, -1.305415e+07, -1.3454387e+07, -1.3842979e+07, -1.421536e+07, -1.4596583e+07, -1.500934e+07, -1.5426708e+07, -1.5755874e+07, -1.5755874e+07, -1.5755874e+07, -1.5755874e+07, -1.5755874e+07]
