last-generated=2015-05-08
statistics-simulation={'numerical Jacobians': '0', 'nonlinear': '1', 'linear': ' '}
relAirMas.relAirMas=[36.687042236328125, 36.687042236328125, 36.687042236328125, 10.55069732666015625, 1.86432063579559326172, 1.36908829212188720703, 1.67824554443359375, 5.35386514663698775962, 36.687042236328125, 36.687042236328125, 36.687042236328125, 36.687042236328125, 36.687042236328125, 10.660846710205078125, 1.86513710021972500819, 1.36749410629272460938, 1.67325425148010253906, 5.29326295852661132812, 36.687042236328125, 36.687042236328125, 36.687042236328125, 36.687042236328125, 36.687042236328125, 10.7661876678466796875, 1.86567199230194091797, 1.36575293540954589844, 1.66811323165893554688, 5.23295879364023086566, 36.687042236328125, 36.687042236328125, 36.687042236328125, 36.687042236328125, 36.687042236328125, 10.8662815093994140625, 1.86592423915863037109, 1.36386704444885253906, 1.66282951831817626953, 5.17302036285400390625, 36.687042236328125, 36.687042236328125, 36.687042236328125, 36.687042236328125, 36.687042236328125, 10.960697174072265625, 1.86589288711547851562, 1.36183917522430419922, 1.65740978717803955078, 5.11351060867309570312, 36.687042236328125, 36.687042236328125, 36.687042236328125, 36.687042236328125, 36.687042236328125, 11.04901123046875, 1.86557769775389958866, 1.35967206954956054688, 1.65186131000519442757, 5.05448722839349873226, 36.687042236328125, 36.687042236328125, 36.687042236328125, 36.687042236328125, 36.687042236328125, 11.1308116912841796875, 1.86497867107391357422, 1.35736870765686035156, 1.64619100093841552734, 4.99600362777709960938, 36.687042236328125, 36.687042236328125, 36.687042236328125, 36.687042236328125, 36.687042236328125, 11.2057018280029296875, 1.86409628391265869141, 1.35493206977844238281, 1.64040589332580566406, 4.93810987472534179688, 36.687042236328125, 36.687042236328125, 36.687042236328125, 36.687042236328125, 36.687042236328125, 11.273303985595703125, 1.86293172836303710938, 1.35236561298370361328, 1.63451337814331054688, 4.88085079193115234375, 36.687042236328125, 36.687042236328125, 36.687042236328125, 36.687042236328125, 36.687042236328125, 11.33326435089111328125, 1.86148607730865478516, 1.34967255592346191406, 1.62852025032043457031, 4.82426786422729492188, 36.687042236328125, 36.687042236328125, 36.687042236328125]
time=[0., 864000.]
