last-generated=2014-10-14
sen.V=[6.00000000000000000000, 6.09418583126416990581, 6.18799972951840171476, 6.28107214594014351405, 6.37303496221919285603, 6.46352528856585539785, 6.55218697766484403644, 6.63866901142811638437, 6.72263051551018797625, 6.80373999599606893440, 6.88167809298720989375, 6.95613575412277462817, 7.02682067795620035611, 7.09345296100826239183, 7.15576982137384476346, 7.21352526195449783586, 7.26649190783452691988, 7.31445979250877353905, 7.35724064779430086958, 7.39466477254482601467, 7.42658471176462242624, 7.45287467548294380038, 7.47343111241792268373, 7.48817204911703626635, 7.49704027461626143491, 7.50000000000000000000, 7.49704026555174429802, 7.48817206633359333523, 7.47343111241792268373, 7.45287464045553171843, 7.42658475465786871439, 7.39466477254482601467, 7.35724064779430086958, 7.31445985957747701889, 7.26649190783452691988, 7.21352526195449783586, 7.15576991026710818034, 7.09345296100826239183, 7.02682062668425100327, 6.95613564539801920716, 6.88167814963795709815, 6.80373999599606893440, 6.72263039212355550944, 6.63866907478972212431, 6.55218694499846776580, 6.46352518819036347963, 6.37303503012027938723, 6.28107212869078868067, 6.18799962494486965880, 6.09418591882949911565, 6.00000000000000000000, 5.90581408117183759288, 5.81200009645937498703, 5.71892759572431064186, 5.62696524211557846940, 5.53647481180804046375, 5.44781305500184398483, 5.36133092521118381768, 5.27736936185243088460, 5.19625976757583352139, 5.11832207821144180571, 5.04386435460042470424, 4.97317937331525783407, 4.90654703899219235552, 4.84423008973416191481, 4.78647457381151664180, 4.73350824379725576563, 4.68554027591876387504, 4.64275935220526481118, 4.60533522745505230489, 4.57341524534263843549, 4.54712529044733226868, 4.52656894181293711910, 4.51182796936023766676, 4.50295973444816333142, 4.50000000000000000000, 4.50295973444816333142, 4.51182796936023766676, 4.52656894181293711910, 4.54712529044733226868, 4.57341524534263843549, 4.60533522745505230489, 4.64275935220526481118, 4.68554027591876387504, 4.73350824379725576563, 4.78647457381151664180, 4.84423008973416191481, 4.90654703899219235552, 4.97317937331525783407, 5.04386435460042470424, 5.11832207821144180571, 5.19625976757583352139, 5.27736936185243088460, 5.36133092521118381768, 5.44781305500184398483, 5.53647481180804046375, 5.62696524211557846940, 5.71892759572431064186, 5.81200009645937498703, 5.90581408117183759288, 6.00000000000000000000]
time=[0.00000000000000000000, 1.00000000000000000000]
