last-generated=2026-08-06
statistics-initialization=
{
  "nonlinear": "1, 1, 30, 100",
  "numerical Jacobians": "2"
}
statistics-simulation=
{
  "linear": "0, 0, 0, 0, 0, 0, 0, 0, 0, 0, 0, 0, 0, 0, 0, 0, 0, 0, 0, 0, 0, 0, 0, 0, 0, 0, 0,   0, 0, 0, 0, 0, 0, 0, 0, 0, 0, 0, 0, 0, 0, 0, 0, 0, 0, 0, 0, 0, 0, 0, 0, 0, 0,   0, 0, 0, 0, 0, 0, 0",
  "nonlinear": " ",
  "number of continuous time states": "120",
  "numerical Jacobians": "0"
}
time=[0e+00, 1.5e+04]
TBor1UTubDyn.T=[2.931499938964844e+02, 2.94157470703125e+02, 2.944561767578125e+02, 2.946121520996094e+02, 2.948628234863281e+02, 2.951769714355469e+02, 2.955010375976562e+02, 2.958248901367188e+02, 2.961398620605469e+02, 2.964370727539062e+02, 2.967102355957031e+02, 2.969559020996094e+02, 2.971727905273438e+02, 2.973612060546875e+02, 2.975225524902344e+02, 2.976589965820312e+02, 2.977730712890625e+02, 2.978674011230469e+02, 2.979446411132812e+02, 2.9800732421875e+02, 2.980577392578125e+02, 2.980979309082031e+02, 2.981297302246094e+02, 2.981546936035156e+02, 2.981741027832031e+02, 2.981891174316406e+02, 2.982005920410156e+02, 2.982093200683594e+02, 2.982159118652344e+02, 2.982207946777344e+02, 2.982244262695312e+02, 2.9822705078125e+02, 2.982289733886719e+02, 2.982303161621094e+02, 2.982312622070312e+02, 2.9823193359375e+02, 2.982323608398438e+02, 2.982326354980469e+02, 2.982328186035156e+02, 2.9823291015625e+02, 2.982329406738281e+02, 2.982329711914062e+02, 2.982329711914062e+02, 2.982329406738281e+02, 2.9823291015625e+02, 2.982328796386719e+02, 2.982328491210938e+02, 2.982328491210938e+02, 2.982328186035156e+02, 2.982327880859375e+02, 2.982327880859375e+02, 2.982327575683594e+02, 2.982327575683594e+02, 2.982327575683594e+02, 2.982327575683594e+02, 2.982327270507812e+02, 2.982327270507812e+02, 2.982327270507812e+02, 2.982327270507812e+02, 2.982327270507812e+02, 2.982327270507812e+02, 2.982327270507812e+02, 2.982327270507812e+02, 2.982327270507812e+02, 2.982327270507812e+02, 2.982327270507812e+02, 2.982327270507812e+02, 2.982327270507812e+02, 2.982327270507812e+02, 2.982327270507812e+02, 2.982327270507812e+02, 2.982327270507812e+02, 2.982327270507812e+02, 2.982327270507812e+02, 2.982327270507812e+02, 2.982327270507812e+02, 2.982326965332031e+02, 2.982326965332031e+02, 2.982326965332031e+02, 2.982326965332031e+02, 2.982326965332031e+02, 2.982326965332031e+02, 2.982326965332031e+02, 2.982326965332031e+02, 2.982326965332031e+02, 2.982326965332031e+02, 2.982326965332031e+02, 2.982326965332031e+02, 2.982326965332031e+02, 2.982326965332031e+02, 2.982326965332031e+02, 2.982326965332031e+02, 2.982326965332031e+02, 2.982326965332031e+02, 2.982326965332031e+02, 2.982326965332031e+02, 2.982326965332031e+02, 2.982326965332031e+02, 2.982326965332031e+02, 2.982326965332031e+02, 2.982327270507812e+02]
TBor1UTubSteSta.T=[2.982327270507812e+02, 2.982327270507812e+02]
TBor2UTubDyn.T=[2.931499938964844e+02, 2.939377136230469e+02, 2.941191711425781e+02, 2.94158447265625e+02, 2.941589050292969e+02, 2.941521911621094e+02, 2.941587829589844e+02, 2.941973266601562e+02, 2.942803344726562e+02, 2.944105834960938e+02, 2.945816040039062e+02, 2.947808532714844e+02, 2.949933776855469e+02, 2.952050476074219e+02, 2.954043273925781e+02, 2.955833129882812e+02, 2.95737548828125e+02, 2.958656616210938e+02, 2.959684753417969e+02, 2.960483093261719e+02, 2.961083068847656e+02, 2.961517944335938e+02, 2.9618212890625e+02, 2.962022094726562e+02, 2.962146606445312e+02, 2.962216186523438e+02, 2.962247314453125e+02, 2.962252807617188e+02, 2.962242736816406e+02, 2.96222412109375e+02, 2.962201232910156e+02, 2.962177429199219e+02, 2.962154846191406e+02, 2.962135009765625e+02, 2.962117614746094e+02, 2.962103271484375e+02, 2.962091979980469e+02, 2.962082824707031e+02, 2.962076110839844e+02, 2.962070922851562e+02, 2.962067260742188e+02, 2.962064819335938e+02, 2.962063293457031e+02, 2.962062072753906e+02, 2.962061767578125e+02, 2.962061462402344e+02, 2.962061462402344e+02, 2.962061462402344e+02, 2.962061767578125e+02, 2.962062072753906e+02, 2.962062377929688e+02, 2.962062683105469e+02, 2.96206298828125e+02, 2.96206298828125e+02, 2.962063293457031e+02, 2.962063293457031e+02, 2.962063293457031e+02, 2.962063598632812e+02, 2.962063598632812e+02, 2.962063598632812e+02, 2.962063598632812e+02, 2.962063598632812e+02, 2.962063598632812e+02, 2.962063293457031e+02, 2.962063293457031e+02, 2.962063293457031e+02, 2.962063293457031e+02, 2.962063293457031e+02, 2.962063293457031e+02, 2.962063293457031e+02, 2.962063293457031e+02, 2.962063293457031e+02, 2.962063293457031e+02, 2.962063293457031e+02, 2.962063293457031e+02, 2.962063293457031e+02, 2.962063293457031e+02, 2.962063293457031e+02, 2.962063293457031e+02, 2.962063293457031e+02, 2.962063293457031e+02, 2.962063293457031e+02, 2.962063293457031e+02, 2.962063293457031e+02, 2.962063598632812e+02, 2.962063598632812e+02, 2.962063598632812e+02, 2.962063598632812e+02, 2.962063598632812e+02, 2.962063598632812e+02, 2.962063598632812e+02, 2.962063598632812e+02, 2.962063598632812e+02, 2.962063598632812e+02, 2.962063598632812e+02, 2.962063598632812e+02, 2.962063598632812e+02, 2.962063598632812e+02, 2.962063598632812e+02, 2.962063598632812e+02, 2.962063293457031e+02]
TBor2UTubSteSta.T=[2.962063293457031e+02, 2.962063293457031e+02]
