last-generated=2014-09-22
RL.i[1]=[2.99051928520202636719, 2.99051928520202636719]
RL.i[2]=[-0.90687328577041625977, -0.90687328577041625977]
time=[0.00000000000000000000, 1.00000000000000000000]
