last-generated=2015-05-08
statistics-simulation={'numerical Jacobians': '0', 'nonlinear': '1', 'linear': ' '}
solHouAng.solHouAng=[-3.12102770805358886719, -3.05821537971496582031, -2.995403289794921875, -2.93259096145629882812, -2.86977863311767578125, -2.80696654319763183594, -2.74415421485900878906, -2.68134188652038574219, -2.61852955818176269531, -2.55571722984313964844, -2.49290513992309570312, -2.43009281158447265625, -2.36728048324584960938, -2.3044681549072265625, -2.24165582656860351562, -2.17884349822998046875, -2.11603140830993652344, -2.05321907997131347656, -1.99040675163269042969, -1.92759442329406738281, -1.86478209495544433594, -1.80196988582611083984, -1.73915755748748779297, -1.67634522914886474609, -1.61353290081024169922, -1.55072057247161865234, -1.48790824413299560547, -1.42509603500366210938, -1.36228370666503884046, -1.29947137832641601562, -1.23665904998779296875, -1.17384672164916992188, -1.111034393310546875, -1.04822206497192382812, -0.98540973663330055921, -0.92259740829467795642, -0.8597850799560546875, -0.79697275161743164062, -0.73416042327880859375, -0.67134809494018554688, -0.6085357666015625, -0.54572337865829467773, -0.48291105031967163086, -0.42009872198104858398, -0.35728636384010314941, -0.29447403550148010254, -0.23166167736053466797, -0.1688493192195892334, -0.10603696852922439575, -0.04322461411356925964, 0.01958774402737617493, 0.08240010589361190796, 0.14521247148513793945, 0.20802482962608337402, 0.27083718776702880859, 0.33364957571029718597, 0.39646193385124262054, 0.45927429199218694489, 0.52208667993545532227, 0.58489906787872314453, 0.6477114558219909668, 0.71052384376525878906, 0.77333617210388183594, 0.8361485600471496582, 0.89896094799041748047, 0.96177333593368530273, 1.024585723876953125, 1.08739817142486572266, 1.15021049976348921362, 1.2130229473114009231, 1.27583527565002396997, 1.33864772319793701172, 1.40146017074584960938, 1.46427249908447265625, 1.52708494663238525391, 1.58989739418029785156, 1.65270972251892089844, 1.71552217006683349609, 1.77833461761474609375, 1.84114694595336914062, 1.90395939350128173828, 1.96677184104919433594, 2.02958416938781738281, 2.09239673614501953125, 2.15520906448364257812, 2.21802163124084472656, 2.28083395957946777344, 2.34364628791809082031, 2.40645885467529296875, 2.46927118301391601562, 2.53208374977111816406, 2.59489607810974121094, 2.65770864486694335938, 2.72052097320556640625, 2.78333353996276855469, 2.84614586830139160156, 2.90895843505859375, 2.97177076339721679688, 3.03458333015441894531, 3.09739565849304199219, 3.16020822525024414062]
time=[0., 86400.]
