last-generated=2022-04-08
statistics-initialization=
{
  "nonlinear": "14",
  "numerical Jacobians": "0"
}
statistics-simulation=
{
  "linear": " ",
  "nonlinear": " ",
  "numerical Jacobians": "0"
}
time=[0e+00, 1e+00]
err_V2[1]=[-6.469129920005798e-01, -6.469129920005798e-01]
err_V2[2]=[-6.689670085906982e-01, -6.689670085906982e-01]
err_V2[3]=[-3.268471658229828e-01, -3.268471658229828e-01]
err_V3[1]=[3.950329124927521e-01, 3.950329124927521e-01]
err_V3[2]=[-7.661419361829758e-02, -7.661419361829758e-02]
err_V3[3]=[3.070999085903168e-01, 3.070999085903168e-01]
err_V4[1]=[4.944804310798645e-01, 4.944804310798645e-01]
err_V4[2]=[5.193235278129578e-01, 5.193235278129578e-01]
err_V4[3]=[-2.5112184882164e-01, -2.5112184882164e-01]
err_Theta2[1]=[-2.907925809267908e-04, -2.907925809267908e-04]
err_Theta2[2]=[-6.726576248183846e-04, -6.726576248183846e-04]
err_Theta2[3]=[-4.449787593330257e-05, -4.449787593330257e-05]
err_Theta3[1]=[-6.424965686164796e-04, -6.424965686164796e-04]
err_Theta3[2]=[-6.414459203369915e-04, -6.414459203369915e-04]
err_Theta3[3]=[-6.198995979502797e-04, -6.198995979502797e-04]
err_Theta4[1]=[-7.086768164299428e-04, -7.086768164299428e-04]
err_Theta4[2]=[4.773178952746093e-04, 4.773178952746093e-04]
err_Theta4[3]=[5.070018232800066e-04, 5.070018232800066e-04]
