last-generated=2015-05-01
TOut.T=[263.14999389648437500000, 263.14999389648437500000]
vol.T_start=[293.14999389648437500000, 293.14999389648437500000]
vol.T=[293.14999389648437500000, 268.27197265625000000000, 264.05145263671875000000, 263.29977416992187500000, 263.17074584960937500000, 263.15649414062500000000, 263.15261840820312500000, 263.15124511718750000000, 263.15069580078125000000, 263.15029907226562500000, 263.15023803710937500000, 263.15017700195312500000, 263.15011596679687500000, 263.15005493164062500000, 263.15002441406250000000, 263.14999389648437500000, 263.14999389648437500000, 265.83709716796875000000, 268.57067871093750000000, 269.04595947265625000000, 269.13613891601562500000, 269.14794921875000000000, 269.14926147460937500000, 269.14953613281250000000, 269.14981079101562500000, 269.14987182617187500000, 269.14990234375000000000, 269.14993286132812500000, 269.14996337890625000000, 269.14999389648437500000, 269.14999389648437500000, 269.14999389648437500000, 269.14999389648437500000, 269.14999389648437500000, 269.14999389648437500000, 269.14999389648437500000, 269.14999389648437500000, 269.14999389648437500000, 265.61651611328125000000, 263.55035400390625000000, 263.21783447265625000000, 263.16452026367187500000, 263.15499877929687500000, 263.15234375000000000000, 263.15090942382812500000, 263.15063476562500000000, 263.15045166015625000000, 263.15023803710937500000, 263.15011596679687500000, 263.15008544921875000000, 263.15008544921875000000, 263.15005493164062500000, 263.15005493164062500000, 263.15002441406250000000, 263.15002441406250000000, 263.14999389648437500000, 263.15002441406250000000, 263.15002441406250000000, 263.15002441406250000000, 263.15002441406250000000, 263.15002441406250000000, 263.15002441406250000000, 263.15002441406250000000, 263.15002441406250000000, 263.15002441406250000000, 263.15002441406250000000, 263.15002441406250000000, 265.83712768554687500000, 268.57067871093750000000, 269.04595947265625000000, 269.13613891601562500000, 269.14794921875000000000, 269.14926147460937500000, 269.14953613281250000000, 269.14981079101562500000, 269.14987182617187500000, 269.14990234375000000000, 269.14993286132812500000, 269.14996337890625000000, 269.14999389648437500000, 269.14999389648437500000, 269.14999389648437500000, 269.14999389648437500000, 269.14999389648437500000, 269.14999389648437500000, 269.14999389648437500000, 269.14999389648437500000, 269.14999389648437500000, 265.61651611328125000000, 263.55035400390625000000, 263.21783447265625000000, 263.16452026367187500000, 263.15499877929687500000, 263.15234375000000000000, 263.15090942382812500000, 263.15063476562500000000, 263.15045166015625000000, 263.15023803710937500000, 263.15008544921875000000, 263.15005493164062500000, 263.15002441406250000000]
time=[0.00000000000000000000, 172800.00000000000000000000]
