last-generated=2026-10-10
statistics-initialization=
{
  "nonlinear": "1, 0, 1, 0, 1, 0, 1, 0, 1, 0, 1, 0, 1, 0, 1, 0",
  "numerical Jacobians": "0"
}
statistics-simulation=
{
  "linear": "0, 0, 0, 0",
  "nonlinear": "1, 1, 0, 1, 1, 1, 1, 0, 1, 1",
  "number of continuous time states": "26",
  "numerical Jacobians": "0"
}
time=[0e+00, 3.6e+03]
hea1.T_a.T=[2.931499938964844e+02, 2.931499938964844e+02, 2.931499938964844e+02, 2.931499938964844e+02, 2.931499938964844e+02, 2.931499938964844e+02, 2.931499938964844e+02, 2.931499938964844e+02, 2.931499938964844e+02, 2.931499938964844e+02, 2.931499938964844e+02, 2.931499938964844e+02, 2.931499938964844e+02, 2.931499938964844e+02, 2.931499938964844e+02, 2.931499938964844e+02, 2.931499938964844e+02, 2.931499938964844e+02, 2.931499938964844e+02, 2.931499938964844e+02, 2.931499938964844e+02, 2.931499938964844e+02, 2.931499938964844e+02, 2.931499938964844e+02, 2.931499938964844e+02, 2.931499938964844e+02, 2.931499938964844e+02, 2.931499938964844e+02, 2.931499938964844e+02, 2.931499938964844e+02, 2.931499938964844e+02, 2.931499938964844e+02, 2.931499938964844e+02, 2.931499938964844e+02, 2.931499938964844e+02, 2.931499938964844e+02, 2.931499938964844e+02, 2.931499938964844e+02, 2.931499938964844e+02, 2.931499938964844e+02, 2.931499938964844e+02, 2.931499938964844e+02, 2.931499938964844e+02, 2.931499938964844e+02, 2.931499938964844e+02, 2.931499938964844e+02, 2.931499938964844e+02, 2.931499938964844e+02, 2.931499938964844e+02, 2.931499938964844e+02, 2.931499938964844e+02, 2.931499938964844e+02, 2.931499938964844e+02, 2.931499938964844e+02, 2.931499938964844e+02, 2.931499938964844e+02, 2.931499938964844e+02, 2.931499938964844e+02, 2.931499938964844e+02, 2.931499938964844e+02, 2.931499938964844e+02, 2.931499938964844e+02, 2.931499938964844e+02, 2.931499938964844e+02, 2.931499938964844e+02, 2.931499938964844e+02, 2.931499938964844e+02, 2.931499938964844e+02, 2.931499938964844e+02, 2.931499938964844e+02, 2.931499938964844e+02, 2.931499938964844e+02, 2.931499938964844e+02, 2.931499938964844e+02, 2.931499938964844e+02, 2.931499938964844e+02, 2.931499938964844e+02, 2.931499938964844e+02, 2.931499938964844e+02, 2.931499938964844e+02, 2.931499938964844e+02, 2.931499938964844e+02, 2.931499938964844e+02, 2.931499938964844e+02, 2.931499938964844e+02, 2.931499938964844e+02, 2.931499938964844e+02, 2.931499938964844e+02, 2.931499938964844e+02, 2.931499938964844e+02, 2.931499938964844e+02, 2.931499938964844e+02, 2.931499938964844e+02, 2.931499938964844e+02, 2.931499938964844e+02, 2.931499938964844e+02, 2.931499938964844e+02, 2.931499938964844e+02, 2.931499938964844e+02, 2.931499938964844e+02, 2.931499938964844e+02]
hea1.T_b.T=[2.931499938964844e+02, 2.931428833007812e+02, 2.930924682617188e+02, 2.930425720214844e+02, 2.929928588867188e+02, 2.929432067871094e+02, 2.928935852050781e+02, 2.928439331054688e+02, 2.927943115234375e+02, 2.927446899414062e+02, 2.92695068359375e+02, 2.926454467773438e+02, 2.925958251953125e+02, 2.925462036132812e+02, 2.9249658203125e+02, 2.924469604492188e+02, 2.923973388671875e+02, 2.923477172851562e+02, 2.922981262207031e+02, 2.922485046386719e+02, 2.921988830566406e+02, 2.921492919921875e+02, 2.920996704101562e+02, 2.920500793457031e+02, 2.9200048828125e+02, 2.919508666992188e+02, 2.919012756347656e+02, 2.918516845703125e+02, 2.918020935058594e+02, 2.917525024414062e+02, 2.91702880859375e+02, 2.916533203125e+02, 2.916037292480469e+02, 2.915541381835938e+02, 2.915045471191406e+02, 2.914549560546875e+02, 2.914053649902344e+02, 2.913558044433594e+02, 2.913062133789062e+02, 2.912566528320312e+02, 2.912070617675781e+02, 2.911575012207031e+02, 2.9110791015625e+02, 2.91058349609375e+02, 2.910087890625e+02, 2.909591979980469e+02, 2.909096374511719e+02, 2.908600769042969e+02, 2.908105163574219e+02, 2.907609558105469e+02, 2.907113952636719e+02, 2.906618347167969e+02, 2.906122741699219e+02, 2.90562744140625e+02, 2.9051318359375e+02, 2.90463623046875e+02, 2.904140930175781e+02, 2.903645324707031e+02, 2.903150024414062e+02, 2.902654418945312e+02, 2.902159118652344e+02, 2.901663513183594e+02, 2.901168212890625e+02, 2.900672912597656e+02, 2.900177612304688e+02, 2.899682312011719e+02, 2.89918701171875e+02, 2.89869140625e+02, 2.898196411132812e+02, 2.897701110839844e+02, 2.897205810546875e+02, 2.896710510253906e+02, 2.896215209960938e+02, 2.89572021484375e+02, 2.895224914550781e+02, 2.894729614257812e+02, 2.894234619140625e+02, 2.893739318847656e+02, 2.893244323730469e+02, 2.892749328613281e+02, 2.892254028320312e+02, 2.891759033203125e+02, 2.891264038085938e+02, 2.89076904296875e+02, 2.890274047851562e+02, 2.889779052734375e+02, 2.889284057617188e+02, 2.8887890625e+02, 2.888294067382812e+02, 2.887799072265625e+02, 2.887304077148438e+02, 2.88680908203125e+02, 2.886314392089844e+02, 2.885819396972656e+02, 2.88532470703125e+02, 2.884829711914062e+02, 2.884335021972656e+02, 2.883840026855469e+02, 2.883345336914062e+02, 2.882850646972656e+02, 2.88235595703125e+02]
hea2.T_a.T=[2.906499938964844e+02, 2.931939086914062e+02, 2.931925659179688e+02, 2.931918640136719e+02, 2.931915588378906e+02, 2.931914672851562e+02, 2.9319140625e+02, 2.9319140625e+02, 2.9319140625e+02, 2.9319140625e+02, 2.931913757324219e+02, 2.931913757324219e+02, 2.931913757324219e+02, 2.931913757324219e+02, 2.931913757324219e+02, 2.931913757324219e+02, 2.931913757324219e+02, 2.931913757324219e+02, 2.931913757324219e+02, 2.931913757324219e+02, 2.931913757324219e+02, 2.931913757324219e+02, 2.931913757324219e+02, 2.931913757324219e+02, 2.931913757324219e+02, 2.931913757324219e+02, 2.931913757324219e+02, 2.931913757324219e+02, 2.931913757324219e+02, 2.931913757324219e+02, 2.931913757324219e+02, 2.931913757324219e+02, 2.931913757324219e+02, 2.931913757324219e+02, 2.931913757324219e+02, 2.931913757324219e+02, 2.931913757324219e+02, 2.931913757324219e+02, 2.931913757324219e+02, 2.931913757324219e+02, 2.931913757324219e+02, 2.931913757324219e+02, 2.931913757324219e+02, 2.931913757324219e+02, 2.931913757324219e+02, 2.931913757324219e+02, 2.931913757324219e+02, 2.931913757324219e+02, 2.931913757324219e+02, 2.931913757324219e+02, 2.931913757324219e+02, 2.931913757324219e+02, 2.931913757324219e+02, 2.931913757324219e+02, 2.931913757324219e+02, 2.931913757324219e+02, 2.931913757324219e+02, 2.931913757324219e+02, 2.931913757324219e+02, 2.931913757324219e+02, 2.931913757324219e+02, 2.931913757324219e+02, 2.931913757324219e+02, 2.931913757324219e+02, 2.931913757324219e+02, 2.931913757324219e+02, 2.931913757324219e+02, 2.931913757324219e+02, 2.931913757324219e+02, 2.931913757324219e+02, 2.931913757324219e+02, 2.931913757324219e+02, 2.931913757324219e+02, 2.931913757324219e+02, 2.931913757324219e+02, 2.931913757324219e+02, 2.931913757324219e+02, 2.931913757324219e+02, 2.931913757324219e+02, 2.931913757324219e+02, 2.931913757324219e+02, 2.931913757324219e+02, 2.931913757324219e+02, 2.931913757324219e+02, 2.931913757324219e+02, 2.931913757324219e+02, 2.931913757324219e+02, 2.931913757324219e+02, 2.931913757324219e+02, 2.931913757324219e+02, 2.931913757324219e+02, 2.931913757324219e+02, 2.931913757324219e+02, 2.931913757324219e+02, 2.931913757324219e+02, 2.931913757324219e+02, 2.931913757324219e+02, 2.931913757324219e+02, 2.931913757324219e+02, 2.931913757324219e+02, 2.931913757324219e+02]
hea2.T_b.T=[2.931499938964844e+02, 2.931428833007812e+02, 2.930924682617188e+02, 2.930425720214844e+02, 2.929928588867188e+02, 2.929432067871094e+02, 2.928935852050781e+02, 2.928439331054688e+02, 2.927943115234375e+02, 2.927446899414062e+02, 2.92695068359375e+02, 2.926454467773438e+02, 2.925958251953125e+02, 2.925462036132812e+02, 2.9249658203125e+02, 2.924469604492188e+02, 2.923973388671875e+02, 2.923477172851562e+02, 2.922981262207031e+02, 2.922485046386719e+02, 2.921988830566406e+02, 2.921492919921875e+02, 2.920996704101562e+02, 2.920500793457031e+02, 2.9200048828125e+02, 2.919508666992188e+02, 2.919012756347656e+02, 2.918516845703125e+02, 2.918020935058594e+02, 2.917525024414062e+02, 2.91702880859375e+02, 2.916533203125e+02, 2.916037292480469e+02, 2.915541381835938e+02, 2.915045471191406e+02, 2.914549560546875e+02, 2.914053649902344e+02, 2.913558044433594e+02, 2.913062133789062e+02, 2.912566528320312e+02, 2.912070617675781e+02, 2.911575012207031e+02, 2.9110791015625e+02, 2.91058349609375e+02, 2.910087890625e+02, 2.909591979980469e+02, 2.909096374511719e+02, 2.908600769042969e+02, 2.908105163574219e+02, 2.907609558105469e+02, 2.907113952636719e+02, 2.906618347167969e+02, 2.906122741699219e+02, 2.90562744140625e+02, 2.9051318359375e+02, 2.90463623046875e+02, 2.904140930175781e+02, 2.903645324707031e+02, 2.903150024414062e+02, 2.902654418945312e+02, 2.902159118652344e+02, 2.901663513183594e+02, 2.901168212890625e+02, 2.900672912597656e+02, 2.900177612304688e+02, 2.899682312011719e+02, 2.89918701171875e+02, 2.89869140625e+02, 2.898196411132812e+02, 2.897701110839844e+02, 2.897205810546875e+02, 2.896710510253906e+02, 2.896215209960938e+02, 2.89572021484375e+02, 2.895224914550781e+02, 2.894729614257812e+02, 2.894234619140625e+02, 2.893739318847656e+02, 2.893244323730469e+02, 2.892749328613281e+02, 2.892254028320312e+02, 2.891759033203125e+02, 2.891264038085938e+02, 2.89076904296875e+02, 2.890274047851562e+02, 2.889779052734375e+02, 2.889284057617188e+02, 2.8887890625e+02, 2.888294067382812e+02, 2.887799072265625e+02, 2.887304077148438e+02, 2.88680908203125e+02, 2.886314392089844e+02, 2.885819396972656e+02, 2.88532470703125e+02, 2.884829711914062e+02, 2.884335021972656e+02, 2.883840026855469e+02, 2.883345336914062e+02, 2.882850646972656e+02, 2.88235595703125e+02]
hea3.T_a.T=[2.931499938964844e+02, 2.931499938964844e+02, 2.931499938964844e+02, 2.931499938964844e+02, 2.931499938964844e+02, 2.931499938964844e+02, 2.931499938964844e+02, 2.931499938964844e+02, 2.931499938964844e+02, 2.931499938964844e+02, 2.931499938964844e+02, 2.931499938964844e+02, 2.931499938964844e+02, 2.931499938964844e+02, 2.931499938964844e+02, 2.931499938964844e+02, 2.931499938964844e+02, 2.931499938964844e+02, 2.931499938964844e+02, 2.931499938964844e+02, 2.931499938964844e+02, 2.931499938964844e+02, 2.931499938964844e+02, 2.931499938964844e+02, 2.931499938964844e+02, 2.931499938964844e+02, 2.931499938964844e+02, 2.931499938964844e+02, 2.931499938964844e+02, 2.931499938964844e+02, 2.931499938964844e+02, 2.931499938964844e+02, 2.931499938964844e+02, 2.931499938964844e+02, 2.931499938964844e+02, 2.931499938964844e+02, 2.931499938964844e+02, 2.931499938964844e+02, 2.931499938964844e+02, 2.931499938964844e+02, 2.931499938964844e+02, 2.931499938964844e+02, 2.931499938964844e+02, 2.931499938964844e+02, 2.931499938964844e+02, 2.931499938964844e+02, 2.931499938964844e+02, 2.931499938964844e+02, 2.931499938964844e+02, 2.931499938964844e+02, 2.931499938964844e+02, 2.931499938964844e+02, 2.931499938964844e+02, 2.931499938964844e+02, 2.931499938964844e+02, 2.931499938964844e+02, 2.931499938964844e+02, 2.931499938964844e+02, 2.931499938964844e+02, 2.931499938964844e+02, 2.931499938964844e+02, 2.931499938964844e+02, 2.931499938964844e+02, 2.931499938964844e+02, 2.931499938964844e+02, 2.931499938964844e+02, 2.931499938964844e+02, 2.931499938964844e+02, 2.931499938964844e+02, 2.931499938964844e+02, 2.931499938964844e+02, 2.931499938964844e+02, 2.931499938964844e+02, 2.931499938964844e+02, 2.931499938964844e+02, 2.931499938964844e+02, 2.931499938964844e+02, 2.931499938964844e+02, 2.931499938964844e+02, 2.931499938964844e+02, 2.931499938964844e+02, 2.931499938964844e+02, 2.931499938964844e+02, 2.931499938964844e+02, 2.931499938964844e+02, 2.931499938964844e+02, 2.931499938964844e+02, 2.931499938964844e+02, 2.931499938964844e+02, 2.931499938964844e+02, 2.931499938964844e+02, 2.931499938964844e+02, 2.931499938964844e+02, 2.931499938964844e+02, 2.931499938964844e+02, 2.931499938964844e+02, 2.931499938964844e+02, 2.931499938964844e+02, 2.931499938964844e+02, 2.931499938964844e+02, 2.931499938964844e+02]
hea3.T_b.T=[2.931499938964844e+02, 2.931437072753906e+02, 2.930921325683594e+02, 2.930411376953125e+02, 2.929902954101562e+02, 2.929395141601562e+02, 2.928887634277344e+02, 2.928380126953125e+02, 2.927872619628906e+02, 2.927365417480469e+02, 2.92685791015625e+02, 2.926350402832031e+02, 2.925843200683594e+02, 2.925335693359375e+02, 2.924828491210938e+02, 2.924320983886719e+02, 2.923813781738281e+02, 2.923306579589844e+02, 2.922799377441406e+02, 2.922291870117188e+02, 2.92178466796875e+02, 2.921277465820312e+02, 2.920770263671875e+02, 2.920263061523438e+02, 2.919755859375e+02, 2.919248962402344e+02, 2.918741760253906e+02, 2.918234558105469e+02, 2.917727661132812e+02, 2.917220458984375e+02, 2.916713256835938e+02, 2.916206359863281e+02, 2.915699462890625e+02, 2.915192260742188e+02, 2.914685363769531e+02, 2.914178466796875e+02, 2.913671569824219e+02, 2.913164367675781e+02, 2.912657470703125e+02, 2.912150573730469e+02, 2.911643676757812e+02, 2.911136779785156e+02, 2.910630187988281e+02, 2.910123291015625e+02, 2.909616394042969e+02, 2.909109497070312e+02, 2.908602905273438e+02, 2.908096008300781e+02, 2.907589416503906e+02, 2.90708251953125e+02, 2.906575927734375e+02, 2.9060693359375e+02, 2.905562438964844e+02, 2.905055847167969e+02, 2.904549255371094e+02, 2.904042663574219e+02, 2.903536071777344e+02, 2.903029479980469e+02, 2.902522888183594e+02, 2.902016296386719e+02, 2.901509704589844e+02, 2.90100341796875e+02, 2.900496826171875e+02, 2.899990234375e+02, 2.899483947753906e+02, 2.898977355957031e+02, 2.898471069335938e+02, 2.897964477539062e+02, 2.897458190917969e+02, 2.896951904296875e+02, 2.8964453125e+02, 2.895939025878906e+02, 2.895432739257812e+02, 2.894926452636719e+02, 2.894420166015625e+02, 2.893913879394531e+02, 2.893407592773438e+02, 2.892901306152344e+02, 2.89239501953125e+02, 2.891889038085938e+02, 2.891382751464844e+02, 2.89087646484375e+02, 2.890370483398438e+02, 2.889864196777344e+02, 2.889358215332031e+02, 2.888852233886719e+02, 2.888345947265625e+02, 2.887839965820312e+02, 2.887333984375e+02, 2.886828002929688e+02, 2.886321716308594e+02, 2.885815734863281e+02, 2.885309753417969e+02, 2.884803771972656e+02, 2.884298095703125e+02, 2.883792114257812e+02, 2.8832861328125e+02, 2.882780151367188e+02, 2.882274475097656e+02, 2.881768493652344e+02, 2.881262817382812e+02]
hea4.T_a.T=[2.906499938964844e+02, 2.931946716308594e+02, 2.931941528320312e+02, 2.931936645507812e+02, 2.931934509277344e+02, 2.931933288574219e+02, 2.931932983398438e+02, 2.931932678222656e+02, 2.931932678222656e+02, 2.931932678222656e+02, 2.931932678222656e+02, 2.931932678222656e+02, 2.931932678222656e+02, 2.931932678222656e+02, 2.931932678222656e+02, 2.931932678222656e+02, 2.931932678222656e+02, 2.931932678222656e+02, 2.931932678222656e+02, 2.931932678222656e+02, 2.931932678222656e+02, 2.931932678222656e+02, 2.931932678222656e+02, 2.931932678222656e+02, 2.931932678222656e+02, 2.931932678222656e+02, 2.931932678222656e+02, 2.931932678222656e+02, 2.931932678222656e+02, 2.931932678222656e+02, 2.931932678222656e+02, 2.931932678222656e+02, 2.931932678222656e+02, 2.931932678222656e+02, 2.931932678222656e+02, 2.931932678222656e+02, 2.931932678222656e+02, 2.931932678222656e+02, 2.931932678222656e+02, 2.931932678222656e+02, 2.931932678222656e+02, 2.931932678222656e+02, 2.931932678222656e+02, 2.931932678222656e+02, 2.931932678222656e+02, 2.931932678222656e+02, 2.931932678222656e+02, 2.931932678222656e+02, 2.931932678222656e+02, 2.931932678222656e+02, 2.931932678222656e+02, 2.931932678222656e+02, 2.931932678222656e+02, 2.931932678222656e+02, 2.931932678222656e+02, 2.931932678222656e+02, 2.931932678222656e+02, 2.931932678222656e+02, 2.931932678222656e+02, 2.931932678222656e+02, 2.931932678222656e+02, 2.931932678222656e+02, 2.931932678222656e+02, 2.931932678222656e+02, 2.931932678222656e+02, 2.931932678222656e+02, 2.931932678222656e+02, 2.931932678222656e+02, 2.931932678222656e+02, 2.931932678222656e+02, 2.931932678222656e+02, 2.931932678222656e+02, 2.931932678222656e+02, 2.931932678222656e+02, 2.931932678222656e+02, 2.931932678222656e+02, 2.931932678222656e+02, 2.931932678222656e+02, 2.931932678222656e+02, 2.931932678222656e+02, 2.931932678222656e+02, 2.931932678222656e+02, 2.931932678222656e+02, 2.931932678222656e+02, 2.931932678222656e+02, 2.931932678222656e+02, 2.931932678222656e+02, 2.931932678222656e+02, 2.931932678222656e+02, 2.931932678222656e+02, 2.931932678222656e+02, 2.931932678222656e+02, 2.931932678222656e+02, 2.931932678222656e+02, 2.931932678222656e+02, 2.931932678222656e+02, 2.931932678222656e+02, 2.931932678222656e+02, 2.931932678222656e+02, 2.931932678222656e+02, 2.931932678222656e+02]
hea4.T_b.T=[2.931499938964844e+02, 2.931437072753906e+02, 2.930921325683594e+02, 2.930411376953125e+02, 2.929902954101562e+02, 2.929395141601562e+02, 2.928887634277344e+02, 2.928380126953125e+02, 2.927872619628906e+02, 2.927365417480469e+02, 2.92685791015625e+02, 2.926350402832031e+02, 2.925843200683594e+02, 2.925335693359375e+02, 2.924828491210938e+02, 2.924320983886719e+02, 2.923813781738281e+02, 2.923306579589844e+02, 2.922799377441406e+02, 2.922291870117188e+02, 2.92178466796875e+02, 2.921277465820312e+02, 2.920770263671875e+02, 2.920263061523438e+02, 2.919755859375e+02, 2.919248962402344e+02, 2.918741760253906e+02, 2.918234558105469e+02, 2.917727661132812e+02, 2.917220458984375e+02, 2.916713256835938e+02, 2.916206359863281e+02, 2.915699462890625e+02, 2.915192260742188e+02, 2.914685363769531e+02, 2.914178466796875e+02, 2.913671569824219e+02, 2.913164367675781e+02, 2.912657470703125e+02, 2.912150573730469e+02, 2.911643676757812e+02, 2.911136779785156e+02, 2.910630187988281e+02, 2.910123291015625e+02, 2.909616394042969e+02, 2.909109497070312e+02, 2.908602905273438e+02, 2.908096008300781e+02, 2.907589416503906e+02, 2.90708251953125e+02, 2.906575927734375e+02, 2.9060693359375e+02, 2.905562438964844e+02, 2.905055847167969e+02, 2.904549255371094e+02, 2.904042663574219e+02, 2.903536071777344e+02, 2.903029479980469e+02, 2.902522888183594e+02, 2.902016296386719e+02, 2.901509704589844e+02, 2.90100341796875e+02, 2.900496826171875e+02, 2.899990234375e+02, 2.899483947753906e+02, 2.898977355957031e+02, 2.898471069335938e+02, 2.897964477539062e+02, 2.897458190917969e+02, 2.896951904296875e+02, 2.8964453125e+02, 2.895939025878906e+02, 2.895432739257812e+02, 2.894926452636719e+02, 2.894420166015625e+02, 2.893913879394531e+02, 2.893407592773438e+02, 2.892901306152344e+02, 2.89239501953125e+02, 2.891889038085938e+02, 2.891382751464844e+02, 2.89087646484375e+02, 2.890370483398438e+02, 2.889864196777344e+02, 2.889358215332031e+02, 2.888852233886719e+02, 2.888345947265625e+02, 2.887839965820312e+02, 2.887333984375e+02, 2.886828002929688e+02, 2.886321716308594e+02, 2.885815734863281e+02, 2.885309753417969e+02, 2.884803771972656e+02, 2.884298095703125e+02, 2.883792114257812e+02, 2.8832861328125e+02, 2.882780151367188e+02, 2.882274475097656e+02, 2.881768493652344e+02, 2.881262817382812e+02]
mix1.T=[2.931499938964844e+02, 2.931437072753906e+02, 2.930921325683594e+02, 2.930411376953125e+02, 2.929902954101562e+02, 2.929395141601562e+02, 2.928887634277344e+02, 2.928380126953125e+02, 2.927872619628906e+02, 2.927365417480469e+02, 2.92685791015625e+02, 2.926350402832031e+02, 2.925843200683594e+02, 2.925335693359375e+02, 2.924828491210938e+02, 2.924320983886719e+02, 2.923813781738281e+02, 2.923306579589844e+02, 2.922799377441406e+02, 2.922291870117188e+02, 2.92178466796875e+02, 2.921277465820312e+02, 2.920770263671875e+02, 2.920263061523438e+02, 2.919755859375e+02, 2.919248962402344e+02, 2.918741760253906e+02, 2.918234558105469e+02, 2.917727661132812e+02, 2.917220458984375e+02, 2.916713256835938e+02, 2.916206359863281e+02, 2.915699462890625e+02, 2.915192260742188e+02, 2.914685363769531e+02, 2.914178466796875e+02, 2.913671569824219e+02, 2.913164367675781e+02, 2.912657470703125e+02, 2.912150573730469e+02, 2.911643676757812e+02, 2.911136779785156e+02, 2.910630187988281e+02, 2.910123291015625e+02, 2.909616394042969e+02, 2.909109497070312e+02, 2.908602905273438e+02, 2.908096008300781e+02, 2.907589416503906e+02, 2.90708251953125e+02, 2.906575927734375e+02, 2.9060693359375e+02, 2.905562438964844e+02, 2.905055847167969e+02, 2.904549255371094e+02, 2.904042663574219e+02, 2.903536071777344e+02, 2.903029479980469e+02, 2.902522888183594e+02, 2.902016296386719e+02, 2.901509704589844e+02, 2.90100341796875e+02, 2.900496826171875e+02, 2.899990234375e+02, 2.899483947753906e+02, 2.898977355957031e+02, 2.898471069335938e+02, 2.897964477539062e+02, 2.897458190917969e+02, 2.896951904296875e+02, 2.8964453125e+02, 2.895939025878906e+02, 2.895432739257812e+02, 2.894926452636719e+02, 2.894420166015625e+02, 2.893913879394531e+02, 2.893407592773438e+02, 2.892901306152344e+02, 2.89239501953125e+02, 2.891889038085938e+02, 2.891382751464844e+02, 2.89087646484375e+02, 2.890370483398438e+02, 2.889864196777344e+02, 2.889358215332031e+02, 2.888852233886719e+02, 2.888345947265625e+02, 2.887839965820312e+02, 2.887333984375e+02, 2.886828002929688e+02, 2.886321716308594e+02, 2.885815734863281e+02, 2.885309753417969e+02, 2.884803771972656e+02, 2.884298095703125e+02, 2.883792114257812e+02, 2.8832861328125e+02, 2.882780151367188e+02, 2.882274475097656e+02, 2.881768493652344e+02, 2.881262817382812e+02]
hea1.m_flow=[7.071067690849304e-01, 5e-01, 5e-01, 5e-01, 5e-01, 5e-01, 5e-01, 5e-01, 5e-01, 5e-01, 5e-01, 5e-01, 5e-01, 5e-01, 5e-01, 5e-01, 5e-01, 5e-01, 5e-01, 5e-01, 5e-01, 5e-01, 5e-01, 5e-01, 5e-01, 5e-01, 5e-01, 5e-01, 5e-01, 5e-01, 5e-01, 5e-01, 5e-01, 5e-01, 5e-01, 5e-01, 5e-01, 5e-01, 5e-01, 5e-01, 5e-01, 5e-01, 5e-01, 5e-01, 5e-01, 5e-01, 5e-01, 5e-01, 5e-01, 5e-01, 5e-01, 5e-01, 5e-01, 5e-01, 5e-01, 5e-01, 5e-01, 5e-01, 5e-01, 5e-01, 5e-01, 5e-01, 5e-01, 5e-01, 5e-01, 5e-01, 5e-01, 5e-01, 5e-01, 5e-01, 5e-01, 5e-01, 5e-01, 5e-01, 5e-01, 5e-01, 5e-01, 5e-01, 5e-01, 5e-01, 5e-01, 5e-01, 5e-01, 5e-01, 5e-01, 5e-01, 5e-01, 5e-01, 5e-01, 5e-01, 5e-01, 5e-01, 5e-01, 5e-01, 5e-01, 5e-01, 5e-01, 5e-01, 5e-01, 5e-01, 5e-01]
hea2.m_flow=[0e+00, -5e-01, -5e-01, -5e-01, -5e-01, -5e-01, -5e-01, -5e-01, -5e-01, -5e-01, -5e-01, -5e-01, -5e-01, -5e-01, -5e-01, -5e-01, -5e-01, -5e-01, -5e-01, -5e-01, -5e-01, -5e-01, -5e-01, -5e-01, -5e-01, -5e-01, -5e-01, -5e-01, -5e-01, -5e-01, -5e-01, -5e-01, -5e-01, -5e-01, -5e-01, -5e-01, -5e-01, -5e-01, -5e-01, -5e-01, -5e-01, -5e-01, -5e-01, -5e-01, -5e-01, -5e-01, -5e-01, -5e-01, -5e-01, -5e-01, -5e-01, -5e-01, -5e-01, -5e-01, -5e-01, -5e-01, -5e-01, -5e-01, -5e-01, -5e-01, -5e-01, -5e-01, -5e-01, -5e-01, -5e-01, -5e-01, -5e-01, -5e-01, -5e-01, -5e-01, -5e-01, -5e-01, -5e-01, -5e-01, -5e-01, -5e-01, -5e-01, -5e-01, -5e-01, -5e-01, -5e-01, -5e-01, -5e-01, -5e-01, -5e-01, -5e-01, -5e-01, -5e-01, -5e-01, -5e-01, -5e-01, -5e-01, -5e-01, -5e-01, -5e-01, -5e-01, -5e-01, -5e-01, -5e-01, -5e-01, -5e-01]
hea3.m_flow=[7.071067690849304e-01, 4.890096485614777e-01, 4.890096485614777e-01, 4.890096485614777e-01, 4.890096485614777e-01, 4.890096485614777e-01, 4.890096485614777e-01, 4.890096485614777e-01, 4.890096485614777e-01, 4.890096485614777e-01, 4.890096485614777e-01, 4.890096485614777e-01, 4.890096485614777e-01, 4.890096485614777e-01, 4.890096485614777e-01, 4.890096485614777e-01, 4.890096485614777e-01, 4.890096485614777e-01, 4.890096485614777e-01, 4.890096485614777e-01, 4.890096485614777e-01, 4.890096485614777e-01, 4.890096485614777e-01, 4.890096485614777e-01, 4.890096485614777e-01, 4.890096485614777e-01, 4.890096485614777e-01, 4.890096485614777e-01, 4.890096485614777e-01, 4.890096485614777e-01, 4.890096485614777e-01, 4.890096485614777e-01, 4.890096485614777e-01, 4.890096485614777e-01, 4.890096485614777e-01, 4.890096485614777e-01, 4.890096485614777e-01, 4.890096485614777e-01, 4.890096485614777e-01, 4.890096485614777e-01, 4.890096485614777e-01, 4.890096485614777e-01, 4.890096485614777e-01, 4.890096485614777e-01, 4.890096485614777e-01, 4.890096485614777e-01, 4.890096485614777e-01, 4.890096485614777e-01, 4.890096485614777e-01, 4.890096485614777e-01, 4.890096485614777e-01, 4.890096485614777e-01, 4.890096485614777e-01, 4.890096485614777e-01, 4.890096485614777e-01, 4.890096485614777e-01, 4.890096485614777e-01, 4.890096485614777e-01, 4.890096485614777e-01, 4.890096485614777e-01, 4.890096485614777e-01, 4.890096485614777e-01, 4.890096485614777e-01, 4.890096485614777e-01, 4.890096485614777e-01, 4.890096485614777e-01, 4.890096485614777e-01, 4.890096485614777e-01, 4.890096485614777e-01, 4.890096485614777e-01, 4.890096485614777e-01, 4.890096485614777e-01, 4.890096485614777e-01, 4.890096485614777e-01, 4.890096485614777e-01, 4.890096485614777e-01, 4.890096485614777e-01, 4.890096485614777e-01, 4.890096485614777e-01, 4.890096485614777e-01, 4.890096485614777e-01, 4.890096485614777e-01, 4.890096485614777e-01, 4.890096485614777e-01, 4.890096485614777e-01, 4.890096485614777e-01, 4.890096485614777e-01, 4.890096485614777e-01, 4.890096485614777e-01, 4.890096485614777e-01, 4.890096485614777e-01, 4.890096485614777e-01, 4.890096485614777e-01, 4.890096485614777e-01, 4.890096485614777e-01, 4.890096485614777e-01, 4.890096485614777e-01, 4.890096485614777e-01, 4.890096485614777e-01, 4.890096485614777e-01, 4.890096485614777e-01]
hea4.m_flow=[-0e+00, -4.890096485614777e-01, -4.890096485614777e-01, -4.890096485614777e-01, -4.890096485614777e-01, -4.890096485614777e-01, -4.890096485614777e-01, -4.890096485614777e-01, -4.890096485614777e-01, -4.890096485614777e-01, -4.890096485614777e-01, -4.890096485614777e-01, -4.890096485614777e-01, -4.890096485614777e-01, -4.890096485614777e-01, -4.890096485614777e-01, -4.890096485614777e-01, -4.890096485614777e-01, -4.890096485614777e-01, -4.890096485614777e-01, -4.890096485614777e-01, -4.890096485614777e-01, -4.890096485614777e-01, -4.890096485614777e-01, -4.890096485614777e-01, -4.890096485614777e-01, -4.890096485614777e-01, -4.890096485614777e-01, -4.890096485614777e-01, -4.890096485614777e-01, -4.890096485614777e-01, -4.890096485614777e-01, -4.890096485614777e-01, -4.890096485614777e-01, -4.890096485614777e-01, -4.890096485614777e-01, -4.890096485614777e-01, -4.890096485614777e-01, -4.890096485614777e-01, -4.890096485614777e-01, -4.890096485614777e-01, -4.890096485614777e-01, -4.890096485614777e-01, -4.890096485614777e-01, -4.890096485614777e-01, -4.890096485614777e-01, -4.890096485614777e-01, -4.890096485614777e-01, -4.890096485614777e-01, -4.890096485614777e-01, -4.890096485614777e-01, -4.890096485614777e-01, -4.890096485614777e-01, -4.890096485614777e-01, -4.890096485614777e-01, -4.890096485614777e-01, -4.890096485614777e-01, -4.890096485614777e-01, -4.890096485614777e-01, -4.890096485614777e-01, -4.890096485614777e-01, -4.890096485614777e-01, -4.890096485614777e-01, -4.890096485614777e-01, -4.890096485614777e-01, -4.890096485614777e-01, -4.890096485614777e-01, -4.890096485614777e-01, -4.890096485614777e-01, -4.890096485614777e-01, -4.890096485614777e-01, -4.890096485614777e-01, -4.890096485614777e-01, -4.890096485614777e-01, -4.890096485614777e-01, -4.890096485614777e-01, -4.890096485614777e-01, -4.890096485614777e-01, -4.890096485614777e-01, -4.890096485614777e-01, -4.890096485614777e-01, -4.890096485614777e-01, -4.890096485614777e-01, -4.890096485614777e-01, -4.890096485614777e-01, -4.890096485614777e-01, -4.890096485614777e-01, -4.890096485614777e-01, -4.890096485614777e-01, -4.890096485614777e-01, -4.890096485614777e-01, -4.890096485614777e-01, -4.890096485614777e-01, -4.890096485614777e-01, -4.890096485614777e-01, -4.890096485614777e-01, -4.890096485614777e-01, -4.890096485614777e-01, -4.890096485614777e-01, -4.890096485614777e-01, -4.890096485614777e-01]
hea5.T_b.T=[2.931499938964844e+02, 2.931428833007812e+02, 2.930924682617188e+02, 2.930425720214844e+02, 2.929928588867188e+02, 2.929432067871094e+02, 2.928935852050781e+02, 2.928439331054688e+02, 2.927943115234375e+02, 2.927446899414062e+02, 2.92695068359375e+02, 2.926454467773438e+02, 2.925958251953125e+02, 2.925462036132812e+02, 2.9249658203125e+02, 2.924469604492188e+02, 2.923973388671875e+02, 2.923477172851562e+02, 2.922981262207031e+02, 2.922485046386719e+02, 2.921988830566406e+02, 2.921492919921875e+02, 2.920996704101562e+02, 2.920500793457031e+02, 2.9200048828125e+02, 2.919508666992188e+02, 2.919012756347656e+02, 2.918516845703125e+02, 2.918020935058594e+02, 2.917525024414062e+02, 2.91702880859375e+02, 2.916533203125e+02, 2.916037292480469e+02, 2.915541381835938e+02, 2.915045471191406e+02, 2.914549560546875e+02, 2.914053649902344e+02, 2.913558044433594e+02, 2.913062133789062e+02, 2.912566528320312e+02, 2.912070617675781e+02, 2.911575012207031e+02, 2.9110791015625e+02, 2.91058349609375e+02, 2.910087890625e+02, 2.909591979980469e+02, 2.909096374511719e+02, 2.908600769042969e+02, 2.908105163574219e+02, 2.907609558105469e+02, 2.907113952636719e+02, 2.906618347167969e+02, 2.906122741699219e+02, 2.90562744140625e+02, 2.9051318359375e+02, 2.90463623046875e+02, 2.904140930175781e+02, 2.903645324707031e+02, 2.903150024414062e+02, 2.902654418945312e+02, 2.902159118652344e+02, 2.901663513183594e+02, 2.901168212890625e+02, 2.900672912597656e+02, 2.900177612304688e+02, 2.899682312011719e+02, 2.89918701171875e+02, 2.89869140625e+02, 2.898196411132812e+02, 2.897701110839844e+02, 2.897205810546875e+02, 2.896710510253906e+02, 2.896215209960938e+02, 2.89572021484375e+02, 2.895224914550781e+02, 2.894729614257812e+02, 2.894234619140625e+02, 2.893739318847656e+02, 2.893244323730469e+02, 2.892749328613281e+02, 2.892254028320312e+02, 2.891759033203125e+02, 2.891264038085938e+02, 2.89076904296875e+02, 2.890274047851562e+02, 2.889779052734375e+02, 2.889284057617188e+02, 2.8887890625e+02, 2.888294067382812e+02, 2.887799072265625e+02, 2.887304077148438e+02, 2.88680908203125e+02, 2.886314392089844e+02, 2.885819396972656e+02, 2.88532470703125e+02, 2.884829711914062e+02, 2.884335021972656e+02, 2.883840026855469e+02, 2.883345336914062e+02, 2.882850646972656e+02, 2.88235595703125e+02]
hea5.T_a.T=[2.906499938964844e+02, 2.931939086914062e+02, 2.931925659179688e+02, 2.931918640136719e+02, 2.931915588378906e+02, 2.931914672851562e+02, 2.9319140625e+02, 2.9319140625e+02, 2.9319140625e+02, 2.9319140625e+02, 2.931913757324219e+02, 2.931913757324219e+02, 2.931913757324219e+02, 2.931913757324219e+02, 2.931913757324219e+02, 2.931913757324219e+02, 2.931913757324219e+02, 2.931913757324219e+02, 2.931913757324219e+02, 2.931913757324219e+02, 2.931913757324219e+02, 2.931913757324219e+02, 2.931913757324219e+02, 2.931913757324219e+02, 2.931913757324219e+02, 2.931913757324219e+02, 2.931913757324219e+02, 2.931913757324219e+02, 2.931913757324219e+02, 2.931913757324219e+02, 2.931913757324219e+02, 2.931913757324219e+02, 2.931913757324219e+02, 2.931913757324219e+02, 2.931913757324219e+02, 2.931913757324219e+02, 2.931913757324219e+02, 2.931913757324219e+02, 2.931913757324219e+02, 2.931913757324219e+02, 2.931913757324219e+02, 2.931913757324219e+02, 2.931913757324219e+02, 2.931913757324219e+02, 2.931913757324219e+02, 2.931913757324219e+02, 2.931913757324219e+02, 2.931913757324219e+02, 2.931913757324219e+02, 2.931913757324219e+02, 2.931913757324219e+02, 2.931913757324219e+02, 2.931913757324219e+02, 2.931913757324219e+02, 2.931913757324219e+02, 2.931913757324219e+02, 2.931913757324219e+02, 2.931913757324219e+02, 2.931913757324219e+02, 2.931913757324219e+02, 2.931913757324219e+02, 2.931913757324219e+02, 2.931913757324219e+02, 2.931913757324219e+02, 2.931913757324219e+02, 2.931913757324219e+02, 2.931913757324219e+02, 2.931913757324219e+02, 2.931913757324219e+02, 2.931913757324219e+02, 2.931913757324219e+02, 2.931913757324219e+02, 2.931913757324219e+02, 2.931913757324219e+02, 2.931913757324219e+02, 2.931913757324219e+02, 2.931913757324219e+02, 2.931913757324219e+02, 2.931913757324219e+02, 2.931913757324219e+02, 2.931913757324219e+02, 2.931913757324219e+02, 2.931913757324219e+02, 2.931913757324219e+02, 2.931913757324219e+02, 2.931913757324219e+02, 2.931913757324219e+02, 2.931913757324219e+02, 2.931913757324219e+02, 2.931913757324219e+02, 2.931913757324219e+02, 2.931913757324219e+02, 2.931913757324219e+02, 2.931913757324219e+02, 2.931913757324219e+02, 2.931913757324219e+02, 2.931913757324219e+02, 2.931913757324219e+02, 2.931913757324219e+02, 2.931913757324219e+02, 2.931913757324219e+02]
hea6.T_b.T=[2.931499938964844e+02, 2.931428833007812e+02, 2.930924682617188e+02, 2.930425720214844e+02, 2.929928588867188e+02, 2.929432067871094e+02, 2.928935852050781e+02, 2.928439331054688e+02, 2.927943115234375e+02, 2.927446899414062e+02, 2.92695068359375e+02, 2.926454467773438e+02, 2.925958251953125e+02, 2.925462036132812e+02, 2.9249658203125e+02, 2.924469604492188e+02, 2.923973388671875e+02, 2.923477172851562e+02, 2.922981262207031e+02, 2.922485046386719e+02, 2.921988830566406e+02, 2.921492919921875e+02, 2.920996704101562e+02, 2.920500793457031e+02, 2.9200048828125e+02, 2.919508666992188e+02, 2.919012756347656e+02, 2.918516845703125e+02, 2.918020935058594e+02, 2.917525024414062e+02, 2.91702880859375e+02, 2.916533203125e+02, 2.916037292480469e+02, 2.915541381835938e+02, 2.915045471191406e+02, 2.914549560546875e+02, 2.914053649902344e+02, 2.913558044433594e+02, 2.913062133789062e+02, 2.912566528320312e+02, 2.912070617675781e+02, 2.911575012207031e+02, 2.9110791015625e+02, 2.91058349609375e+02, 2.910087890625e+02, 2.909591979980469e+02, 2.909096374511719e+02, 2.908600769042969e+02, 2.908105163574219e+02, 2.907609558105469e+02, 2.907113952636719e+02, 2.906618347167969e+02, 2.906122741699219e+02, 2.90562744140625e+02, 2.9051318359375e+02, 2.90463623046875e+02, 2.904140930175781e+02, 2.903645324707031e+02, 2.903150024414062e+02, 2.902654418945312e+02, 2.902159118652344e+02, 2.901663513183594e+02, 2.901168212890625e+02, 2.900672912597656e+02, 2.900177612304688e+02, 2.899682312011719e+02, 2.89918701171875e+02, 2.89869140625e+02, 2.898196411132812e+02, 2.897701110839844e+02, 2.897205810546875e+02, 2.896710510253906e+02, 2.896215209960938e+02, 2.89572021484375e+02, 2.895224914550781e+02, 2.894729614257812e+02, 2.894234619140625e+02, 2.893739318847656e+02, 2.893244323730469e+02, 2.892749328613281e+02, 2.892254028320312e+02, 2.891759033203125e+02, 2.891264038085938e+02, 2.89076904296875e+02, 2.890274047851562e+02, 2.889779052734375e+02, 2.889284057617188e+02, 2.8887890625e+02, 2.888294067382812e+02, 2.887799072265625e+02, 2.887304077148438e+02, 2.88680908203125e+02, 2.886314392089844e+02, 2.885819396972656e+02, 2.88532470703125e+02, 2.884829711914062e+02, 2.884335021972656e+02, 2.883840026855469e+02, 2.883345336914062e+02, 2.882850646972656e+02, 2.88235595703125e+02]
hea7.T_a.T=[2.906499938964844e+02, 2.931946716308594e+02, 2.931941528320312e+02, 2.931936645507812e+02, 2.931934509277344e+02, 2.931933288574219e+02, 2.931932983398438e+02, 2.931932678222656e+02, 2.931932678222656e+02, 2.931932678222656e+02, 2.931932678222656e+02, 2.931932678222656e+02, 2.931932678222656e+02, 2.931932678222656e+02, 2.931932678222656e+02, 2.931932678222656e+02, 2.931932678222656e+02, 2.931932678222656e+02, 2.931932678222656e+02, 2.931932678222656e+02, 2.931932678222656e+02, 2.931932678222656e+02, 2.931932678222656e+02, 2.931932678222656e+02, 2.931932678222656e+02, 2.931932678222656e+02, 2.931932678222656e+02, 2.931932678222656e+02, 2.931932678222656e+02, 2.931932678222656e+02, 2.931932678222656e+02, 2.931932678222656e+02, 2.931932678222656e+02, 2.931932678222656e+02, 2.931932678222656e+02, 2.931932678222656e+02, 2.931932678222656e+02, 2.931932678222656e+02, 2.931932678222656e+02, 2.931932678222656e+02, 2.931932678222656e+02, 2.931932678222656e+02, 2.931932678222656e+02, 2.931932678222656e+02, 2.931932678222656e+02, 2.931932678222656e+02, 2.931932678222656e+02, 2.931932678222656e+02, 2.931932678222656e+02, 2.931932678222656e+02, 2.931932678222656e+02, 2.931932678222656e+02, 2.931932678222656e+02, 2.931932678222656e+02, 2.931932678222656e+02, 2.931932678222656e+02, 2.931932678222656e+02, 2.931932678222656e+02, 2.931932678222656e+02, 2.931932678222656e+02, 2.931932678222656e+02, 2.931932678222656e+02, 2.931932678222656e+02, 2.931932678222656e+02, 2.931932678222656e+02, 2.931932678222656e+02, 2.931932678222656e+02, 2.931932678222656e+02, 2.931932678222656e+02, 2.931932678222656e+02, 2.931932678222656e+02, 2.931932678222656e+02, 2.931932678222656e+02, 2.931932678222656e+02, 2.931932678222656e+02, 2.931932678222656e+02, 2.931932678222656e+02, 2.931932678222656e+02, 2.931932678222656e+02, 2.931932678222656e+02, 2.931932678222656e+02, 2.931932678222656e+02, 2.931932678222656e+02, 2.931932678222656e+02, 2.931932678222656e+02, 2.931932678222656e+02, 2.931932678222656e+02, 2.931932678222656e+02, 2.931932678222656e+02, 2.931932678222656e+02, 2.931932678222656e+02, 2.931932678222656e+02, 2.931932678222656e+02, 2.931932678222656e+02, 2.931932678222656e+02, 2.931932678222656e+02, 2.931932678222656e+02, 2.931932678222656e+02, 2.931932678222656e+02, 2.931932678222656e+02, 2.931932678222656e+02]
hea7.T_b.T=[2.931499938964844e+02, 2.931437072753906e+02, 2.930921325683594e+02, 2.930411376953125e+02, 2.929902954101562e+02, 2.929395141601562e+02, 2.928887634277344e+02, 2.928380126953125e+02, 2.927872619628906e+02, 2.927365417480469e+02, 2.92685791015625e+02, 2.926350402832031e+02, 2.925843200683594e+02, 2.925335693359375e+02, 2.924828491210938e+02, 2.924320983886719e+02, 2.923813781738281e+02, 2.923306579589844e+02, 2.922799377441406e+02, 2.922291870117188e+02, 2.92178466796875e+02, 2.921277465820312e+02, 2.920770263671875e+02, 2.920263061523438e+02, 2.919755859375e+02, 2.919248962402344e+02, 2.918741760253906e+02, 2.918234558105469e+02, 2.917727661132812e+02, 2.917220458984375e+02, 2.916713256835938e+02, 2.916206359863281e+02, 2.915699462890625e+02, 2.915192260742188e+02, 2.914685363769531e+02, 2.914178466796875e+02, 2.913671569824219e+02, 2.913164367675781e+02, 2.912657470703125e+02, 2.912150573730469e+02, 2.911643676757812e+02, 2.911136779785156e+02, 2.910630187988281e+02, 2.910123291015625e+02, 2.909616394042969e+02, 2.909109497070312e+02, 2.908602905273438e+02, 2.908096008300781e+02, 2.907589416503906e+02, 2.90708251953125e+02, 2.906575927734375e+02, 2.9060693359375e+02, 2.905562438964844e+02, 2.905055847167969e+02, 2.904549255371094e+02, 2.904042663574219e+02, 2.903536071777344e+02, 2.903029479980469e+02, 2.902522888183594e+02, 2.902016296386719e+02, 2.901509704589844e+02, 2.90100341796875e+02, 2.900496826171875e+02, 2.899990234375e+02, 2.899483947753906e+02, 2.898977355957031e+02, 2.898471069335938e+02, 2.897964477539062e+02, 2.897458190917969e+02, 2.896951904296875e+02, 2.8964453125e+02, 2.895939025878906e+02, 2.895432739257812e+02, 2.894926452636719e+02, 2.894420166015625e+02, 2.893913879394531e+02, 2.893407592773438e+02, 2.892901306152344e+02, 2.89239501953125e+02, 2.891889038085938e+02, 2.891382751464844e+02, 2.89087646484375e+02, 2.890370483398438e+02, 2.889864196777344e+02, 2.889358215332031e+02, 2.888852233886719e+02, 2.888345947265625e+02, 2.887839965820312e+02, 2.887333984375e+02, 2.886828002929688e+02, 2.886321716308594e+02, 2.885815734863281e+02, 2.885309753417969e+02, 2.884803771972656e+02, 2.884298095703125e+02, 2.883792114257812e+02, 2.8832861328125e+02, 2.882780151367188e+02, 2.882274475097656e+02, 2.881768493652344e+02, 2.881262817382812e+02]
hea8.T_a.T=[2.931499938964844e+02, 2.931499938964844e+02, 2.931499938964844e+02, 2.931499938964844e+02, 2.931499938964844e+02, 2.931499938964844e+02, 2.931499938964844e+02, 2.931499938964844e+02, 2.931499938964844e+02, 2.931499938964844e+02, 2.931499938964844e+02, 2.931499938964844e+02, 2.931499938964844e+02, 2.931499938964844e+02, 2.931499938964844e+02, 2.931499938964844e+02, 2.931499938964844e+02, 2.931499938964844e+02, 2.931499938964844e+02, 2.931499938964844e+02, 2.931499938964844e+02, 2.931499938964844e+02, 2.931499938964844e+02, 2.931499938964844e+02, 2.931499938964844e+02, 2.931499938964844e+02, 2.931499938964844e+02, 2.931499938964844e+02, 2.931499938964844e+02, 2.931499938964844e+02, 2.931499938964844e+02, 2.931499938964844e+02, 2.931499938964844e+02, 2.931499938964844e+02, 2.931499938964844e+02, 2.931499938964844e+02, 2.931499938964844e+02, 2.931499938964844e+02, 2.931499938964844e+02, 2.931499938964844e+02, 2.931499938964844e+02, 2.931499938964844e+02, 2.931499938964844e+02, 2.931499938964844e+02, 2.931499938964844e+02, 2.931499938964844e+02, 2.931499938964844e+02, 2.931499938964844e+02, 2.931499938964844e+02, 2.931499938964844e+02, 2.931499938964844e+02, 2.931499938964844e+02, 2.931499938964844e+02, 2.931499938964844e+02, 2.931499938964844e+02, 2.931499938964844e+02, 2.931499938964844e+02, 2.931499938964844e+02, 2.931499938964844e+02, 2.931499938964844e+02, 2.931499938964844e+02, 2.931499938964844e+02, 2.931499938964844e+02, 2.931499938964844e+02, 2.931499938964844e+02, 2.931499938964844e+02, 2.931499938964844e+02, 2.931499938964844e+02, 2.931499938964844e+02, 2.931499938964844e+02, 2.931499938964844e+02, 2.931499938964844e+02, 2.931499938964844e+02, 2.931499938964844e+02, 2.931499938964844e+02, 2.931499938964844e+02, 2.931499938964844e+02, 2.931499938964844e+02, 2.931499938964844e+02, 2.931499938964844e+02, 2.931499938964844e+02, 2.931499938964844e+02, 2.931499938964844e+02, 2.931499938964844e+02, 2.931499938964844e+02, 2.931499938964844e+02, 2.931499938964844e+02, 2.931499938964844e+02, 2.931499938964844e+02, 2.931499938964844e+02, 2.931499938964844e+02, 2.931499938964844e+02, 2.931499938964844e+02, 2.931499938964844e+02, 2.931499938964844e+02, 2.931499938964844e+02, 2.931499938964844e+02, 2.931499938964844e+02, 2.931499938964844e+02, 2.931499938964844e+02, 2.931499938964844e+02]
hea8.T_b.T=[2.931499938964844e+02, 2.931437072753906e+02, 2.930921325683594e+02, 2.930411376953125e+02, 2.929902954101562e+02, 2.929395141601562e+02, 2.928887634277344e+02, 2.928380126953125e+02, 2.927872619628906e+02, 2.927365417480469e+02, 2.92685791015625e+02, 2.926350402832031e+02, 2.925843200683594e+02, 2.925335693359375e+02, 2.924828491210938e+02, 2.924320983886719e+02, 2.923813781738281e+02, 2.923306579589844e+02, 2.922799377441406e+02, 2.922291870117188e+02, 2.92178466796875e+02, 2.921277465820312e+02, 2.920770263671875e+02, 2.920263061523438e+02, 2.919755859375e+02, 2.919248962402344e+02, 2.918741760253906e+02, 2.918234558105469e+02, 2.917727661132812e+02, 2.917220458984375e+02, 2.916713256835938e+02, 2.916206359863281e+02, 2.915699462890625e+02, 2.915192260742188e+02, 2.914685363769531e+02, 2.914178466796875e+02, 2.913671569824219e+02, 2.913164367675781e+02, 2.912657470703125e+02, 2.912150573730469e+02, 2.911643676757812e+02, 2.911136779785156e+02, 2.910630187988281e+02, 2.910123291015625e+02, 2.909616394042969e+02, 2.909109497070312e+02, 2.908602905273438e+02, 2.908096008300781e+02, 2.907589416503906e+02, 2.90708251953125e+02, 2.906575927734375e+02, 2.9060693359375e+02, 2.905562438964844e+02, 2.905055847167969e+02, 2.904549255371094e+02, 2.904042663574219e+02, 2.903536071777344e+02, 2.903029479980469e+02, 2.902522888183594e+02, 2.902016296386719e+02, 2.901509704589844e+02, 2.90100341796875e+02, 2.900496826171875e+02, 2.899990234375e+02, 2.899483947753906e+02, 2.898977355957031e+02, 2.898471069335938e+02, 2.897964477539062e+02, 2.897458190917969e+02, 2.896951904296875e+02, 2.8964453125e+02, 2.895939025878906e+02, 2.895432739257812e+02, 2.894926452636719e+02, 2.894420166015625e+02, 2.893913879394531e+02, 2.893407592773438e+02, 2.892901306152344e+02, 2.89239501953125e+02, 2.891889038085938e+02, 2.891382751464844e+02, 2.89087646484375e+02, 2.890370483398438e+02, 2.889864196777344e+02, 2.889358215332031e+02, 2.888852233886719e+02, 2.888345947265625e+02, 2.887839965820312e+02, 2.887333984375e+02, 2.886828002929688e+02, 2.886321716308594e+02, 2.885815734863281e+02, 2.885309753417969e+02, 2.884803771972656e+02, 2.884298095703125e+02, 2.883792114257812e+02, 2.8832861328125e+02, 2.882780151367188e+02, 2.882274475097656e+02, 2.881768493652344e+02, 2.881262817382812e+02]
mix2.T=[2.931499938964844e+02, 2.931437072753906e+02, 2.930921325683594e+02, 2.930411376953125e+02, 2.929902954101562e+02, 2.929395141601562e+02, 2.928887634277344e+02, 2.928380126953125e+02, 2.927872619628906e+02, 2.927365417480469e+02, 2.92685791015625e+02, 2.926350402832031e+02, 2.925843200683594e+02, 2.925335693359375e+02, 2.924828491210938e+02, 2.924320983886719e+02, 2.923813781738281e+02, 2.923306579589844e+02, 2.922799377441406e+02, 2.922291870117188e+02, 2.92178466796875e+02, 2.921277465820312e+02, 2.920770263671875e+02, 2.920263061523438e+02, 2.919755859375e+02, 2.919248962402344e+02, 2.918741760253906e+02, 2.918234558105469e+02, 2.917727661132812e+02, 2.917220458984375e+02, 2.916713256835938e+02, 2.916206359863281e+02, 2.915699462890625e+02, 2.915192260742188e+02, 2.914685363769531e+02, 2.914178466796875e+02, 2.913671569824219e+02, 2.913164367675781e+02, 2.912657470703125e+02, 2.912150573730469e+02, 2.911643676757812e+02, 2.911136779785156e+02, 2.910630187988281e+02, 2.910123291015625e+02, 2.909616394042969e+02, 2.909109497070312e+02, 2.908602905273438e+02, 2.908096008300781e+02, 2.907589416503906e+02, 2.90708251953125e+02, 2.906575927734375e+02, 2.9060693359375e+02, 2.905562438964844e+02, 2.905055847167969e+02, 2.904549255371094e+02, 2.904042663574219e+02, 2.903536071777344e+02, 2.903029479980469e+02, 2.902522888183594e+02, 2.902016296386719e+02, 2.901509704589844e+02, 2.90100341796875e+02, 2.900496826171875e+02, 2.899990234375e+02, 2.899483947753906e+02, 2.898977355957031e+02, 2.898471069335938e+02, 2.897964477539062e+02, 2.897458190917969e+02, 2.896951904296875e+02, 2.8964453125e+02, 2.895939025878906e+02, 2.895432739257812e+02, 2.894926452636719e+02, 2.894420166015625e+02, 2.893913879394531e+02, 2.893407592773438e+02, 2.892901306152344e+02, 2.89239501953125e+02, 2.891889038085938e+02, 2.891382751464844e+02, 2.89087646484375e+02, 2.890370483398438e+02, 2.889864196777344e+02, 2.889358215332031e+02, 2.888852233886719e+02, 2.888345947265625e+02, 2.887839965820312e+02, 2.887333984375e+02, 2.886828002929688e+02, 2.886321716308594e+02, 2.885815734863281e+02, 2.885309753417969e+02, 2.884803771972656e+02, 2.884298095703125e+02, 2.883792114257812e+02, 2.8832861328125e+02, 2.882780151367188e+02, 2.882274475097656e+02, 2.881768493652344e+02, 2.881262817382812e+02]
hea5.m_flow=[-0e+00, -5e-01, -5e-01, -5e-01, -5e-01, -5e-01, -5e-01, -5e-01, -5e-01, -5e-01, -5e-01, -5e-01, -5e-01, -5e-01, -5e-01, -5e-01, -5e-01, -5e-01, -5e-01, -5e-01, -5e-01, -5e-01, -5e-01, -5e-01, -5e-01, -5e-01, -5e-01, -5e-01, -5e-01, -5e-01, -5e-01, -5e-01, -5e-01, -5e-01, -5e-01, -5e-01, -5e-01, -5e-01, -5e-01, -5e-01, -5e-01, -5e-01, -5e-01, -5e-01, -5e-01, -5e-01, -5e-01, -5e-01, -5e-01, -5e-01, -5e-01, -5e-01, -5e-01, -5e-01, -5e-01, -5e-01, -5e-01, -5e-01, -5e-01, -5e-01, -5e-01, -5e-01, -5e-01, -5e-01, -5e-01, -5e-01, -5e-01, -5e-01, -5e-01, -5e-01, -5e-01, -5e-01, -5e-01, -5e-01, -5e-01, -5e-01, -5e-01, -5e-01, -5e-01, -5e-01, -5e-01, -5e-01, -5e-01, -5e-01, -5e-01, -5e-01, -5e-01, -5e-01, -5e-01, -5e-01, -5e-01, -5e-01, -5e-01, -5e-01, -5e-01, -5e-01, -5e-01, -5e-01, -5e-01, -5e-01, -5e-01]
hea6.m_flow=[7.071067690849304e-01, 5e-01, 5e-01, 5e-01, 5e-01, 5e-01, 5e-01, 5e-01, 5e-01, 5e-01, 5e-01, 5e-01, 5e-01, 5e-01, 5e-01, 5e-01, 5e-01, 5e-01, 5e-01, 5e-01, 5e-01, 5e-01, 5e-01, 5e-01, 5e-01, 5e-01, 5e-01, 5e-01, 5e-01, 5e-01, 5e-01, 5e-01, 5e-01, 5e-01, 5e-01, 5e-01, 5e-01, 5e-01, 5e-01, 5e-01, 5e-01, 5e-01, 5e-01, 5e-01, 5e-01, 5e-01, 5e-01, 5e-01, 5e-01, 5e-01, 5e-01, 5e-01, 5e-01, 5e-01, 5e-01, 5e-01, 5e-01, 5e-01, 5e-01, 5e-01, 5e-01, 5e-01, 5e-01, 5e-01, 5e-01, 5e-01, 5e-01, 5e-01, 5e-01, 5e-01, 5e-01, 5e-01, 5e-01, 5e-01, 5e-01, 5e-01, 5e-01, 5e-01, 5e-01, 5e-01, 5e-01, 5e-01, 5e-01, 5e-01, 5e-01, 5e-01, 5e-01, 5e-01, 5e-01, 5e-01, 5e-01, 5e-01, 5e-01, 5e-01, 5e-01, 5e-01, 5e-01, 5e-01, 5e-01, 5e-01, 5e-01]
hea7.m_flow=[-0e+00, -4.890096485614777e-01, -4.890096485614777e-01, -4.890096485614777e-01, -4.890096485614777e-01, -4.890096485614777e-01, -4.890096485614777e-01, -4.890096485614777e-01, -4.890096485614777e-01, -4.890096485614777e-01, -4.890096485614777e-01, -4.890096485614777e-01, -4.890096485614777e-01, -4.890096485614777e-01, -4.890096485614777e-01, -4.890096485614777e-01, -4.890096485614777e-01, -4.890096485614777e-01, -4.890096485614777e-01, -4.890096485614777e-01, -4.890096485614777e-01, -4.890096485614777e-01, -4.890096485614777e-01, -4.890096485614777e-01, -4.890096485614777e-01, -4.890096485614777e-01, -4.890096485614777e-01, -4.890096485614777e-01, -4.890096485614777e-01, -4.890096485614777e-01, -4.890096485614777e-01, -4.890096485614777e-01, -4.890096485614777e-01, -4.890096485614777e-01, -4.890096485614777e-01, -4.890096485614777e-01, -4.890096485614777e-01, -4.890096485614777e-01, -4.890096485614777e-01, -4.890096485614777e-01, -4.890096485614777e-01, -4.890096485614777e-01, -4.890096485614777e-01, -4.890096485614777e-01, -4.890096485614777e-01, -4.890096485614777e-01, -4.890096485614777e-01, -4.890096485614777e-01, -4.890096485614777e-01, -4.890096485614777e-01, -4.890096485614777e-01, -4.890096485614777e-01, -4.890096485614777e-01, -4.890096485614777e-01, -4.890096485614777e-01, -4.890096485614777e-01, -4.890096485614777e-01, -4.890096485614777e-01, -4.890096485614777e-01, -4.890096485614777e-01, -4.890096485614777e-01, -4.890096485614777e-01, -4.890096485614777e-01, -4.890096485614777e-01, -4.890096485614777e-01, -4.890096485614777e-01, -4.890096485614777e-01, -4.890096485614777e-01, -4.890096485614777e-01, -4.890096485614777e-01, -4.890096485614777e-01, -4.890096485614777e-01, -4.890096485614777e-01, -4.890096485614777e-01, -4.890096485614777e-01, -4.890096485614777e-01, -4.890096485614777e-01, -4.890096485614777e-01, -4.890096485614777e-01, -4.890096485614777e-01, -4.890096485614777e-01, -4.890096485614777e-01, -4.890096485614777e-01, -4.890096485614777e-01, -4.890096485614777e-01, -4.890096485614777e-01, -4.890096485614777e-01, -4.890096485614777e-01, -4.890096485614777e-01, -4.890096485614777e-01, -4.890096485614777e-01, -4.890096485614777e-01, -4.890096485614777e-01, -4.890096485614777e-01, -4.890096485614777e-01, -4.890096485614777e-01, -4.890096485614777e-01, -4.890096485614777e-01, -4.890096485614777e-01, -4.890096485614777e-01, -4.890096485614777e-01]
hea8.m_flow=[7.071067690849304e-01, 4.890096485614777e-01, 4.890096485614777e-01, 4.890096485614777e-01, 4.890096485614777e-01, 4.890096485614777e-01, 4.890096485614777e-01, 4.890096485614777e-01, 4.890096485614777e-01, 4.890096485614777e-01, 4.890096485614777e-01, 4.890096485614777e-01, 4.890096485614777e-01, 4.890096485614777e-01, 4.890096485614777e-01, 4.890096485614777e-01, 4.890096485614777e-01, 4.890096485614777e-01, 4.890096485614777e-01, 4.890096485614777e-01, 4.890096485614777e-01, 4.890096485614777e-01, 4.890096485614777e-01, 4.890096485614777e-01, 4.890096485614777e-01, 4.890096485614777e-01, 4.890096485614777e-01, 4.890096485614777e-01, 4.890096485614777e-01, 4.890096485614777e-01, 4.890096485614777e-01, 4.890096485614777e-01, 4.890096485614777e-01, 4.890096485614777e-01, 4.890096485614777e-01, 4.890096485614777e-01, 4.890096485614777e-01, 4.890096485614777e-01, 4.890096485614777e-01, 4.890096485614777e-01, 4.890096485614777e-01, 4.890096485614777e-01, 4.890096485614777e-01, 4.890096485614777e-01, 4.890096485614777e-01, 4.890096485614777e-01, 4.890096485614777e-01, 4.890096485614777e-01, 4.890096485614777e-01, 4.890096485614777e-01, 4.890096485614777e-01, 4.890096485614777e-01, 4.890096485614777e-01, 4.890096485614777e-01, 4.890096485614777e-01, 4.890096485614777e-01, 4.890096485614777e-01, 4.890096485614777e-01, 4.890096485614777e-01, 4.890096485614777e-01, 4.890096485614777e-01, 4.890096485614777e-01, 4.890096485614777e-01, 4.890096485614777e-01, 4.890096485614777e-01, 4.890096485614777e-01, 4.890096485614777e-01, 4.890096485614777e-01, 4.890096485614777e-01, 4.890096485614777e-01, 4.890096485614777e-01, 4.890096485614777e-01, 4.890096485614777e-01, 4.890096485614777e-01, 4.890096485614777e-01, 4.890096485614777e-01, 4.890096485614777e-01, 4.890096485614777e-01, 4.890096485614777e-01, 4.890096485614777e-01, 4.890096485614777e-01, 4.890096485614777e-01, 4.890096485614777e-01, 4.890096485614777e-01, 4.890096485614777e-01, 4.890096485614777e-01, 4.890096485614777e-01, 4.890096485614777e-01, 4.890096485614777e-01, 4.890096485614777e-01, 4.890096485614777e-01, 4.890096485614777e-01, 4.890096485614777e-01, 4.890096485614777e-01, 4.890096485614777e-01, 4.890096485614777e-01, 4.890096485614777e-01, 4.890096485614777e-01, 4.890096485614777e-01, 4.890096485614777e-01, 4.890096485614777e-01]
che1.y=[0e+00, 0e+00, 0e+00, 0e+00, 0e+00, 0e+00, 0e+00, 0e+00, 0e+00, 0e+00, 0e+00, 0e+00, 0e+00, 0e+00, 0e+00, 0e+00, 0e+00, 0e+00, 0e+00, 0e+00, 0e+00, 0e+00, 0e+00, 0e+00, 0e+00, 0e+00, 0e+00, 0e+00, 0e+00, 0e+00, 0e+00, 0e+00, 0e+00, 0e+00, 0e+00, 0e+00, 0e+00, 0e+00, 0e+00, 0e+00, 0e+00, 0e+00, 0e+00, 0e+00, 0e+00, 0e+00, 0e+00, 0e+00, 0e+00, 0e+00, 0e+00, 0e+00, 0e+00, 0e+00, 0e+00, 0e+00, 0e+00, 0e+00, 0e+00, 0e+00, 0e+00, 0e+00, 0e+00, 0e+00, 0e+00, 0e+00, 0e+00, 0e+00, 0e+00, 0e+00, 0e+00, 0e+00, 0e+00, 0e+00, 0e+00, 0e+00, 0e+00, 0e+00, 0e+00, 0e+00, 0e+00, 0e+00, 0e+00, 0e+00, 0e+00, 0e+00, 0e+00, 0e+00, 0e+00, 0e+00, 0e+00, 0e+00, 0e+00, 0e+00, 0e+00, 0e+00, 0e+00, 0e+00, 0e+00, 0e+00, 0e+00]
che2.y=[-2.5e+00, 4.39041294157505e-02, 4.256277903914452e-02, 4.186899587512016e-02, 4.157166928052902e-02, 4.14559468626976e-02, 4.141290113329887e-02, 4.139754548668861e-02, 4.139305651187897e-02, 4.139136895537376e-02, 4.139024764299393e-02, 4.139008745551109e-02, 4.138996824622154e-02, 4.138977080583572e-02, 4.13898266851902e-02, 4.13898304104805e-02, 4.138978198170662e-02, 4.13898304104805e-02, 4.138988256454468e-02, 4.138987883925438e-02, 4.13898378610611e-02, 4.138979315757751e-02, 4.138972237706184e-02, 4.138972237706184e-02, 4.138967022299767e-02, 4.138968512415886e-02, 4.138971120119095e-02, 4.138973727822304e-02, 4.138976708054543e-02, 4.138977825641632e-02, 4.138978943228722e-02, 4.138979315757751e-02, 4.138980060815811e-02, 4.138980060815811e-02, 4.138980060815811e-02, 4.138980060815811e-02, 4.138980060815811e-02, 4.138979688286781e-02, 4.138979315757751e-02, 4.138978570699692e-02, 4.138978198170662e-02, 4.138977825641632e-02, 4.138977825641632e-02, 4.138978198170662e-02, 4.138978570699692e-02, 4.138979315757751e-02, 4.138978570699692e-02, 4.138977453112602e-02, 4.138976708054543e-02, 4.138975962996483e-02, 4.138975217938423e-02, 4.138974472880363e-02, 4.138974100351334e-02, 4.138974100351334e-02, 4.138974100351334e-02, 4.138974472880363e-02, 4.138975217938423e-02, 4.138975962996483e-02, 4.138977453112602e-02, 4.138978198170662e-02, 4.138976335525513e-02, 4.138974100351334e-02, 4.138971865177155e-02, 4.138969257473946e-02, 4.138966649770737e-02, 4.138964042067528e-02, 4.138961434364319e-02, 4.13895882666111e-02, 4.138956591486931e-02, 4.138954356312752e-02, 4.138952121138573e-02, 4.138950258493423e-02, 4.138949140906334e-02, 4.138948023319244e-02, 4.138948023319244e-02, 4.138948395848274e-02, 4.138949513435364e-02, 4.138951748609543e-02, 4.138954728841782e-02, 4.13895919919014e-02, 4.138964787125587e-02, 4.138971492648125e-02, 4.138974472880363e-02, 4.138975962996483e-02, 4.138977453112602e-02, 4.138978570699692e-02, 4.138980060815811e-02, 4.138981550931931e-02, 4.13898266851902e-02, 4.13898378610611e-02, 4.138984531164169e-02, 4.138984903693199e-02, 4.138985276222229e-02, 4.138985276222229e-02, 4.138984903693199e-02, 4.138984158635139e-02, 4.13898304104805e-02, 4.13898229598999e-02, 4.13898266851902e-02, 4.13898266851902e-02, 4.13898304104805e-02]
che3.y=[0e+00, 3.558000116754556e-09, 3.491379629849689e-09, 3.470631781965494e-09, 3.464208475634223e-09, 3.462105269136373e-09, 3.461423148110043e-09, 3.461082087596878e-09, 3.45977468896308e-09, 3.460741027083714e-09, 3.460627340245992e-09, 3.460399966570549e-09, 3.46045680998941e-09, 3.460286279732827e-09, 3.460115749476245e-09, 3.460058906057384e-09, 3.459945219219662e-09, 3.45977468896308e-09, 3.459661002125358e-09, 3.459547315287637e-09, 3.459433628449915e-09, 3.459376785031054e-09, 3.459206254774472e-09, 3.45909256793675e-09, 3.458978881099029e-09, 3.458865194261307e-09, 3.458694664004724e-09, 3.458580977167003e-09, 3.458467290329281e-09, 3.45835360349156e-09, 3.458239916653838e-09, 3.458126229816116e-09, 3.458012542978395e-09, 3.457898856140673e-09, 3.457785169302952e-09, 3.457614639046369e-09, 3.457557795627508e-09, 3.457444108789787e-09, 3.457273578533204e-09, 3.457159891695483e-09, 3.457046204857761e-09, 3.456932518020039e-09, 3.456818831182318e-09, 3.456648300925735e-09, 3.456534614088014e-09, 3.456534614088014e-09, 3.456364083831431e-09, 3.456193553574849e-09, 3.456079866737127e-09, 3.455966179899406e-09, 3.455852493061684e-09, 3.455738806223962e-09, 3.455625119386241e-09, 3.455454589129658e-09, 3.455340902291937e-09, 3.455227215454215e-09, 3.455113528616494e-09, 3.455056685197633e-09, 3.454942998359911e-09, 3.45482931152219e-09, 3.454658781265607e-09, 3.454545094427885e-09, 3.454374564171303e-09, 3.454204033914721e-09, 3.454033503658138e-09, 3.453919816820417e-09, 3.453806129982695e-09, 3.453635599726113e-09, 3.453521912888391e-09, 3.453351382631809e-09, 3.453180852375226e-09, 3.453067165537504e-09, 3.452953478699783e-09, 3.4527829484432e-09, 3.452669261605479e-09, 3.452612418186618e-09, 3.452498731348896e-09, 3.452385044511175e-09, 3.452271357673453e-09, 3.452271357673453e-09, 3.452214514254592e-09, 3.452157670835732e-09, 3.452100827416871e-09, 3.451987140579149e-09, 3.451930297160288e-09, 3.451816610322567e-09, 3.451702923484845e-09, 3.451589236647123e-09, 3.451475549809402e-09, 3.45136186297168e-09, 3.451248176133959e-09, 3.451134489296237e-09, 3.451020802458515e-09, 3.450850272201933e-09, 3.450736585364211e-09, 3.45062289852649e-09, 3.450452368269907e-09, 3.450338681432186e-09, 3.450168151175603e-09, 3.450054464337882e-09, 3.449883934081299e-09]
che4.y=[-2.5e+00, 4.466086626052856e-02, 4.413881897926331e-02, 4.367662966251373e-02, 4.343904554843903e-02, 4.333670064806938e-02, 4.329561814665794e-02, 4.327938333153725e-02, 4.327477514743805e-02, 4.327375441789627e-02, 4.327261447906494e-02, 4.327242448925972e-02, 4.327242448925972e-02, 4.327217489480972e-02, 4.327221214771271e-02, 4.327225312590599e-02, 4.327218607068062e-02, 4.327221587300301e-02, 4.327226430177689e-02, 4.327226802706718e-02, 4.32722382247448e-02, 4.327220097184181e-02, 4.327214136719704e-02, 4.327213764190674e-02, 4.327208921313286e-02, 4.327210038900375e-02, 4.327212274074554e-02, 4.327214881777763e-02, 4.327217489480972e-02, 4.327218607068062e-02, 4.327219352126122e-02, 4.327220097184181e-02, 4.327220469713211e-02, 4.327220842242241e-02, 4.327220842242241e-02, 4.327220842242241e-02, 4.327220842242241e-02, 4.327220469713211e-02, 4.327220097184181e-02, 4.327219724655151e-02, 4.327219352126122e-02, 4.327218979597092e-02, 4.327218979597092e-02, 4.327218979597092e-02, 4.327219352126122e-02, 4.327220097184181e-02, 4.327219352126122e-02, 4.327218607068062e-02, 4.327217862010002e-02, 4.327217116951942e-02, 4.327216744422913e-02, 4.327215999364853e-02, 4.327215626835823e-02, 4.327215626835823e-02, 4.327215626835823e-02, 4.327215999364853e-02, 4.327216371893883e-02, 4.327217489480972e-02, 4.327218607068062e-02, 4.327218979597092e-02, 4.327217489480972e-02, 4.327215626835823e-02, 4.327213764190674e-02, 4.327211901545525e-02, 4.327209666371346e-02, 4.327207431197166e-02, 4.327205196022987e-02, 4.327203333377838e-02, 4.327201098203659e-02, 4.32719923555851e-02, 4.327197372913361e-02, 4.327195882797241e-02, 4.327194765210152e-02, 4.327194020152092e-02, 4.327194020152092e-02, 4.327194392681122e-02, 4.327195137739182e-02, 4.327197000384331e-02, 4.32719960808754e-02, 4.327202960848808e-02, 4.327207803726196e-02, 4.327213391661644e-02, 4.327215999364853e-02, 4.327217116951942e-02, 4.327218234539032e-02, 4.327219352126122e-02, 4.327220469713211e-02, 4.327221587300301e-02, 4.32722270488739e-02, 4.32722344994545e-02, 4.32722419500351e-02, 4.327224567532539e-02, 4.327224940061569e-02, 4.327224940061569e-02, 4.327224940061569e-02, 4.32722419500351e-02, 4.32722307741642e-02, 4.32722270488739e-02, 4.32722270488739e-02, 4.32722307741642e-02, 4.32722344994545e-02]
che5.y=[0e+00, 0e+00, 0e+00, 0e+00, 0e+00, 0e+00, 0e+00, 0e+00, 0e+00, 0e+00, 0e+00, 0e+00, 0e+00, 0e+00, 0e+00, 0e+00, 0e+00, 0e+00, 0e+00, 0e+00, 0e+00, 0e+00, 0e+00, 0e+00, 0e+00, 0e+00, 0e+00, 0e+00, 0e+00, 0e+00, 0e+00, 0e+00, 0e+00, 0e+00, 0e+00, 0e+00, 0e+00, 0e+00, 0e+00, 0e+00, 0e+00, 0e+00, 0e+00, 0e+00, 0e+00, 0e+00, 0e+00, 0e+00, 0e+00, 0e+00, 0e+00, 0e+00, 0e+00, 0e+00, 0e+00, 0e+00, 0e+00, 0e+00, 0e+00, 0e+00, 0e+00, 0e+00, 0e+00, 0e+00, 0e+00, 0e+00, 0e+00, 0e+00, 0e+00, 0e+00, 0e+00, 0e+00, 0e+00, 0e+00, 0e+00, 0e+00, 0e+00, 0e+00, 0e+00, 0e+00, 0e+00, 0e+00, 0e+00, 0e+00, 0e+00, 0e+00, 0e+00, 0e+00, 0e+00, 0e+00, 0e+00, 0e+00, 0e+00, 0e+00, 0e+00, 0e+00, 0e+00, 0e+00, 0e+00, 0e+00, 0e+00]
che6.y=[2.5e+00, -4.39041294157505e-02, -4.256277903914452e-02, -4.186899587512016e-02, -4.157166928052902e-02, -4.14559468626976e-02, -4.141290113329887e-02, -4.139754548668861e-02, -4.139305651187897e-02, -4.139136895537376e-02, -4.139024764299393e-02, -4.139008745551109e-02, -4.138996824622154e-02, -4.138977080583572e-02, -4.13898266851902e-02, -4.13898304104805e-02, -4.138978198170662e-02, -4.13898304104805e-02, -4.138988256454468e-02, -4.138987883925438e-02, -4.13898378610611e-02, -4.138979315757751e-02, -4.138972237706184e-02, -4.138972237706184e-02, -4.138967022299767e-02, -4.138968512415886e-02, -4.138971120119095e-02, -4.138973727822304e-02, -4.138976708054543e-02, -4.138977825641632e-02, -4.138978943228722e-02, -4.138979315757751e-02, -4.138980060815811e-02, -4.138980060815811e-02, -4.138980060815811e-02, -4.138980060815811e-02, -4.138980060815811e-02, -4.138979688286781e-02, -4.138979315757751e-02, -4.138978570699692e-02, -4.138978198170662e-02, -4.138977825641632e-02, -4.138977825641632e-02, -4.138978198170662e-02, -4.138978570699692e-02, -4.138979315757751e-02, -4.138978570699692e-02, -4.138977453112602e-02, -4.138976708054543e-02, -4.138975962996483e-02, -4.138975217938423e-02, -4.138974472880363e-02, -4.138974100351334e-02, -4.138974100351334e-02, -4.138974100351334e-02, -4.138974472880363e-02, -4.138975217938423e-02, -4.138975962996483e-02, -4.138977453112602e-02, -4.138978198170662e-02, -4.138976335525513e-02, -4.138974100351334e-02, -4.138971865177155e-02, -4.138969257473946e-02, -4.138966649770737e-02, -4.138964042067528e-02, -4.138961434364319e-02, -4.13895882666111e-02, -4.138956591486931e-02, -4.138954356312752e-02, -4.138952121138573e-02, -4.138950258493423e-02, -4.138949140906334e-02, -4.138948023319244e-02, -4.138948023319244e-02, -4.138948395848274e-02, -4.138949513435364e-02, -4.138951748609543e-02, -4.138954728841782e-02, -4.13895919919014e-02, -4.138964787125587e-02, -4.138971492648125e-02, -4.138974472880363e-02, -4.138975962996483e-02, -4.138977453112602e-02, -4.138978570699692e-02, -4.138980060815811e-02, -4.138981550931931e-02, -4.13898266851902e-02, -4.13898378610611e-02, -4.138984531164169e-02, -4.138984903693199e-02, -4.138985276222229e-02, -4.138985276222229e-02, -4.138984903693199e-02, -4.138984158635139e-02, -4.13898304104805e-02, -4.13898229598999e-02, -4.13898266851902e-02, -4.13898266851902e-02, -4.13898304104805e-02]
che7.y=[0e+00, -2.787714947771747e-09, 8.417941899097059e-10, -2.247475094918627e-09, -1.236196567333536e-08, -1.185861719932291e-08, 3.820917982011451e-08, 7.67892061048774e-09, -5.21924903296167e-09, -3.460627340245992e-09, -3.46051365340827e-09, -3.460399966570549e-09, -3.460172592895105e-09, -3.460115749476245e-09, -3.459945219219662e-09, -3.459888375800801e-09, -3.459717845544219e-09, -3.459661002125358e-09, -3.459547315287637e-09, -3.459433628449915e-09, -3.459319941612193e-09, -3.459149411355611e-09, -3.459035724517889e-09, -3.458922037680168e-09, -3.458808350842446e-09, -3.458694664004724e-09, -3.458580977167003e-09, -3.458467290329281e-09, -3.458296760072699e-09, -3.458239916653838e-09, -3.458069386397256e-09, -3.457955699559534e-09, -3.457842012721812e-09, -3.457728325884091e-09, -3.457614639046369e-09, -3.457500952208648e-09, -3.457387265370926e-09, -3.457273578533204e-09, -3.457159891695483e-09, -3.457046204857761e-09, -3.456932518020039e-09, -3.456818831182318e-09, -3.456705144344596e-09, -3.456591457506875e-09, -3.456420927250292e-09, -3.456307240412571e-09, -3.456193553574849e-09, -3.456079866737127e-09, -3.455966179899406e-09, -3.455852493061684e-09, -3.455738806223962e-09, -3.455625119386241e-09, -3.455511432548519e-09, -3.455454589129658e-09, -3.455227215454215e-09, -3.455170372035354e-09, -3.455056685197633e-09, -3.45488615494105e-09, -3.454772468103329e-09, -3.454658781265607e-09, -3.454545094427885e-09, -3.454431407590164e-09, -3.454374564171303e-09, -3.454260877333581e-09, -3.454260877333581e-09, -3.45414719049586e-09, -3.454033503658138e-09, -3.453976660239277e-09, -3.453806129982695e-09, -3.453806129982695e-09, -3.453692443144973e-09, -3.453578756307252e-09, -3.453408226050669e-09, -3.453351382631809e-09, -3.453237695794087e-09, -3.453124008956365e-09, -3.452953478699783e-09, -3.452839791862061e-09, -3.452669261605479e-09, -3.452498731348896e-09, -3.452271357673453e-09, -3.45204398399801e-09, -3.451930297160288e-09, -3.451759766903706e-09, -3.451589236647123e-09, -3.451532393228263e-09, -3.45136186297168e-09, -3.451248176133959e-09, -3.451134489296237e-09, -3.450963959039655e-09, -3.450850272201933e-09, -3.450736585364211e-09, -3.45062289852649e-09, -3.450509211688768e-09, -3.450395524851047e-09, -3.450338681432186e-09, -3.450224994594464e-09, -3.450168151175603e-09, -3.450054464337882e-09, -3.449883934081299e-09, -3.449770247243578e-09]
che8.y=[2.5e+00, -4.466085135936737e-02, -4.413881152868271e-02, -4.367662966251373e-02, -4.343904554843903e-02, -4.333670064806938e-02, -4.329561814665794e-02, -4.327938333153725e-02, -4.327477514743805e-02, -4.327375441789627e-02, -4.327261447906494e-02, -4.327242448925972e-02, -4.327242448925972e-02, -4.327217489480972e-02, -4.327221214771271e-02, -4.327225312590599e-02, -4.327218607068062e-02, -4.327221587300301e-02, -4.327226430177689e-02, -4.327226802706718e-02, -4.32722382247448e-02, -4.327220097184181e-02, -4.327214136719704e-02, -4.327213764190674e-02, -4.327208921313286e-02, -4.327210038900375e-02, -4.327212274074554e-02, -4.327214881777763e-02, -4.327217489480972e-02, -4.327218607068062e-02, -4.327219352126122e-02, -4.327220097184181e-02, -4.327220469713211e-02, -4.327220842242241e-02, -4.327220842242241e-02, -4.327220842242241e-02, -4.327220842242241e-02, -4.327220469713211e-02, -4.327220097184181e-02, -4.327219724655151e-02, -4.327219352126122e-02, -4.327218979597092e-02, -4.327218979597092e-02, -4.327218979597092e-02, -4.327219352126122e-02, -4.327220097184181e-02, -4.327219352126122e-02, -4.327218607068062e-02, -4.327217862010002e-02, -4.327217116951942e-02, -4.327216744422913e-02, -4.327215999364853e-02, -4.327215626835823e-02, -4.327215626835823e-02, -4.327215626835823e-02, -4.327215999364853e-02, -4.327216371893883e-02, -4.327217489480972e-02, -4.327218607068062e-02, -4.327218979597092e-02, -4.327217489480972e-02, -4.327215626835823e-02, -4.327213764190674e-02, -4.327211901545525e-02, -4.327209666371346e-02, -4.327207431197166e-02, -4.327205196022987e-02, -4.327203333377838e-02, -4.327201098203659e-02, -4.32719923555851e-02, -4.327197372913361e-02, -4.327195882797241e-02, -4.327194765210152e-02, -4.327194392681122e-02, -4.327194020152092e-02, -4.327194392681122e-02, -4.327195137739182e-02, -4.327197000384331e-02, -4.32719960808754e-02, -4.327203333377838e-02, -4.327207803726196e-02, -4.327213391661644e-02, -4.327215999364853e-02, -4.327217116951942e-02, -4.327218234539032e-02, -4.327219352126122e-02, -4.327220469713211e-02, -4.327221587300301e-02, -4.32722270488739e-02, -4.32722344994545e-02, -4.32722419500351e-02, -4.327224567532539e-02, -4.327224940061569e-02, -4.327224940061569e-02, -4.327224940061569e-02, -4.32722419500351e-02, -4.32722307741642e-02, -4.32722270488739e-02, -4.32722270488739e-02, -4.32722307741642e-02, -4.32722344994545e-02]
che9.y=[0e+00, 0e+00, 0e+00, 0e+00, 0e+00, -5.684341886080801e-14, 5.684341886080801e-13, 3.467448550509293e-12, 5.627498467219993e-12, 2.330580173293129e-12, 2.842170943040401e-13, 6.252776074688882e-13, 5.684341886080801e-14, -1.13686837721616e-13, 2.273736754432325e-13, -1.70530256582424e-13, 5.684341886080801e-14, 1.13686837721616e-13, 5.684341886080801e-13, 1.023181539494544e-12, 9.663381206337363e-13, 2.273736754432321e-13, 4.547473508864641e-13, 2.330580173293129e-12, 3.581135388230905e-12, 3.069544618483633e-12, 2.899014361901209e-12, 4.376943252282226e-12, 5.627498467219993e-12, 5.115907697472721e-12, 4.376943252282217e-12, 3.979039320256561e-12, 3.694822225952521e-12, 2.842170943040401e-12, 2.330580173293129e-12, 2.273736754432321e-12, 2.614797267597169e-12, 1.534772309241816e-12, 3.979039320256561e-13, -5.115907697472721e-13, -1.13686837721616e-12, -1.193711796076968e-12, -6.252776074688882e-13, 6.821210263296962e-13, 3.012701199622825e-12, 6.02540239924565e-12, 4.320099833421409e-12, 2.501110429875553e-12, 6.821210263296962e-13, -1.13686837721616e-12, -2.842170943040401e-12, -4.433786671143025e-12, -5.74118530494161e-12, -6.707523425575346e-12, -7.332801033044236e-12, -7.44648787076585e-12, -7.105427357600996e-12, -6.082245818106458e-12, -4.376943252282217e-12, -4.831690603168681e-12, -1.068656274583191e-11, -1.716671249596402e-11, -2.415845301584341e-11, -3.137756721116602e-11, -3.89945853385143e-11, -4.672529030358419e-11, -5.445599526865408e-11, -6.201616997714154e-11, -6.917844075360335e-11, -7.582912076031789e-11, -8.174083632184193e-11, -8.668621376273222e-11, -9.043787940754555e-11, -9.282530299969949e-11, -9.350742402602918e-11, -9.208633855450898e-11, -8.844835974741727e-11, -8.230927051045001e-11, -7.321432349272072e-11, -6.087930159992538e-11, -4.496314431889914e-11, -2.506794771761633e-11, -1.654143488849513e-11, -1.227817847393453e-11, -7.958078640513122e-12, -3.637978807091713e-12, 5.684341886080801e-13, 4.490630090003833e-12, 8.071765478234738e-12, 1.119815351557918e-11, 1.369926394545473e-11, 1.546140993013978e-11, 1.637090463191271e-11, 1.625721779419109e-11, 1.494981916039251e-11, 1.233502189279534e-11, 8.185452315956354e-12, 4.547473508864641e-12, 2.728484105318785e-12, 2.842170943040401e-13, -2.955857780762017e-12]
che10.y=[0e+00, 1.539746108392137e-08, 4.763819561048876e-09, 1.468322352593532e-09, 4.540083864412736e-10, 1.405737748427782e-10, 4.627054295269772e-11, 2.899014361901174e-12, -3.183231456205249e-11, -1.995204002014361e-11, -2.046363078989089e-12, -2.330580173293129e-12, -1.080024958355352e-12, -1.70530256582424e-13, 1.818989403545856e-12, -3.581135388230905e-12, -2.046363078989089e-12, -1.375610736431554e-11, -5.786660040030256e-11, -9.197265171678737e-11, -7.065636964398436e-11, -1.966782292583957e-11, 5.88329385209363e-11, 7.099743015714921e-11, 1.226680979016237e-10, 1.088551471184473e-10, 7.935341272968799e-11, 5.138645065017034e-11, 2.000888343900434e-11, -4.831690603168681e-12, -2.256683728774078e-11, -2.916067387559451e-11, -2.91038304567337e-11, -3.592504072003067e-11, -3.871036824421026e-11, -3.68913788406644e-11, -3.160494088660926e-11, -3.075228960369714e-11, -2.825117917382158e-11, -2.370370566495694e-11, -1.682565198279917e-11, -7.16227077646181e-12, 5.627498467219993e-12, 2.188471626141109e-11, 4.212097337585874e-11, 6.497202775790356e-11, 6.798472895752639e-11, 6.974687494221143e-11, 7.025846571195871e-11, 6.95195012667682e-11, 6.770051186322235e-11, 6.474465408246033e-11, 6.070877134334296e-11, 5.570655048359185e-11, 4.973799150320697e-11, 4.280309440218839e-11, 3.501554601825769e-11, 2.643218977027573e-11, 1.69961822393816e-11, 1.250555214937776e-12, -2.688693712116219e-11, -5.735500963055529e-11, -8.969891496235505e-11, -1.235775926033966e-10, -1.584226083650719e-10, -1.937223714776337e-10, -2.287379174958915e-10, -2.627302819746546e-10, -2.951310307253152e-10, -3.249738256272394e-10, -3.51462858816376e-10, -3.736317921720911e-10, -3.904574441548903e-10, -4.009734766441397e-10, -4.039293344249018e-10, -3.983018359576818e-10, -3.827835826086812e-10, -3.561240191629622e-10, -3.169589035678655e-10, -2.6381030693301e-10, -1.953708306245971e-10, -1.099351720768027e-10, -7.264588930411264e-11, -5.286437954055145e-11, -3.274180926382542e-11, -1.27897692436818e-11, 6.650680006714538e-12, 2.501110429875553e-11, 4.189359970041551e-11, 5.650235834764317e-11, 6.843947630841285e-11, 7.702283255639486e-11, 8.151346264639869e-11, 8.128608897095546e-11, 7.560174708487466e-11, 6.372147254296578e-11, 4.473577064345591e-11, 3.035438567167148e-11, 2.887645678129047e-11, 2.535216481192037e-11, 1.955413608811796e-11]
che11.y=[0e+00, 0e+00, 0e+00, 0e+00, 0e+00, 0e+00, 0e+00, 0e+00, 0e+00, 0e+00, 0e+00, 0e+00, 0e+00, 0e+00, 0e+00, 0e+00, 0e+00, 0e+00, 0e+00, 0e+00, 0e+00, 0e+00, 0e+00, 0e+00, 0e+00, 0e+00, 0e+00, 0e+00, 0e+00, 0e+00, 0e+00, 0e+00, 0e+00, 0e+00, 0e+00, 0e+00, 0e+00, 0e+00, 0e+00, 0e+00, 0e+00, 0e+00, 0e+00, 0e+00, 0e+00, 0e+00, 0e+00, 0e+00, 0e+00, 0e+00, 0e+00, 0e+00, 0e+00, 0e+00, 0e+00, 0e+00, 0e+00, 0e+00, 0e+00, 0e+00, 0e+00, 0e+00, 0e+00, 0e+00, 0e+00, 0e+00, 0e+00, 0e+00, 0e+00, 0e+00, 0e+00, 0e+00, 0e+00, 0e+00, 0e+00, 0e+00, 0e+00, 0e+00, 0e+00, 0e+00, 0e+00, 0e+00, 0e+00, 0e+00, 0e+00, 0e+00, 0e+00, 0e+00, 0e+00, 0e+00, 0e+00, 0e+00, 0e+00, 0e+00, 0e+00, 0e+00, 0e+00, 0e+00, 0e+00, 0e+00, 0e+00]
che12.y=[0e+00, -5.623092874884605e-06, -1.152716504293494e-05, -1.457392409065505e-05, -1.587836595717818e-05, -1.638580761209596e-05, -1.657448228797875e-05, -1.664175579207949e-05, -1.666142452450003e-05, -1.666884963924531e-05, -1.667375909164548e-05, -1.667447577347048e-05, -1.66749996424187e-05, -1.667586548137479e-05, -1.667561264184769e-05, -1.667560172791127e-05, -1.667581273068208e-05, -1.667560354690067e-05, -1.667537253524642e-05, -1.667539254412986e-05, -1.667557080509141e-05, -1.667575816099998e-05, -1.667606375121977e-05, -1.667606557020918e-05, -1.667629476287402e-05, -1.66762329172343e-05, -1.667611832090188e-05, -1.667600008659065e-05, -1.66758727573324e-05, -1.66758218256291e-05, -1.667578362685163e-05, -1.667575270403177e-05, -1.667573269514833e-05, -1.667572541919071e-05, -1.667572360020131e-05, -1.667572178121191e-05, -1.667572178121191e-05, -1.667574179009534e-05, -1.667576543695759e-05, -1.667578726483043e-05, -1.667580727371387e-05, -1.66758200066397e-05, -1.667582546360791e-05, -1.667581636866089e-05, -1.667579454078805e-05, -1.667575816099998e-05, -1.667579817876685e-05, -1.667583819653373e-05, -1.667587639531121e-05, -1.667591095610987e-05, -1.667594369791914e-05, -1.667596916377079e-05, -1.667598553467542e-05, -1.667599462962244e-05, -1.667599099164363e-05, -1.66759764397284e-05, -1.667594733589794e-05, -1.667590186116286e-05, -1.667583819653373e-05, -1.667581454967149e-05, -1.667589640419465e-05, -1.667598917265423e-05, -1.667608921707142e-05, -1.667619653744623e-05, -1.667630749579985e-05, -1.667642209213227e-05, -1.66765385074541e-05, -1.667665128479712e-05, -1.667676042416133e-05, -1.667686046857852e-05, -1.66769514180487e-05, -1.667702781560365e-05, -1.667708784225397e-05, -1.667712604103144e-05, -1.667713695496786e-05, -1.667711876507383e-05, -1.667706601438113e-05, -1.667697324592154e-05, -1.667683500272688e-05, -1.667664764681831e-05, -1.667640390223823e-05, -1.667610013100784e-05, -1.6675974620739e-05, -1.667591277509928e-05, -1.667585092945956e-05, -1.667578908381984e-05, -1.667572723818012e-05, -1.667567084950861e-05, -1.66756180988159e-05, -1.667557262408081e-05, -1.667553624429274e-05, -1.667550895945169e-05, -1.667549440753646e-05, -1.667549258854706e-05, -1.667550895945169e-05, -1.667554352025036e-05, -1.667559990892187e-05, -1.667563628870994e-05, -1.667561991780531e-05, -1.667560718487948e-05, -1.667559627094306e-05]
che13.y=[0e+00, -9.631687808431266e-13, -1.261213355974178e-12, -1.353602993581227e-12, -1.382043784969866e-12, -1.390791995459217e-12, -1.393414897354894e-12, -1.393970008867207e-12, -1.394278789645931e-12, -1.394634407958506e-12, -1.394677776045405e-12, -1.394691653833213e-12, -1.394740226090541e-12, -1.394726348302733e-12, -1.394721144132305e-12, -1.394733287196637e-12, -1.394728083026209e-12, -1.394721144132305e-12, -1.394721144132305e-12, -1.394722878855781e-12, -1.394724613579257e-12, -1.394731552473161e-12, -1.394735021920113e-12, -1.394731552473161e-12, -1.394729817749685e-12, -1.394731552473161e-12, -1.394733287196637e-12, -1.394731552473161e-12, -1.394733287196637e-12, -1.394733287196637e-12, -1.394731552473161e-12, -1.394731552473161e-12, -1.394729817749685e-12, -1.394729817749685e-12, -1.394728083026209e-12, -1.394728083026209e-12, -1.394726348302733e-12, -1.394728083026209e-12, -1.394728083026209e-12, -1.394729817749685e-12, -1.394729817749685e-12, -1.394729817749685e-12, -1.394729817749685e-12, -1.394729817749685e-12, -1.394729817749685e-12, -1.394729817749685e-12, -1.394731552473161e-12, -1.394731552473161e-12, -1.394733287196637e-12, -1.394733287196637e-12, -1.394733287196637e-12, -1.394733287196637e-12, -1.394733287196637e-12, -1.394735021920113e-12, -1.394733287196637e-12, -1.394733287196637e-12, -1.394731552473161e-12, -1.394731552473161e-12, -1.394729817749685e-12, -1.394729817749685e-12, -1.394729817749685e-12, -1.394729817749685e-12, -1.394729817749685e-12, -1.394731552473161e-12, -1.394731552473161e-12, -1.394733287196637e-12, -1.394735021920113e-12, -1.394735021920113e-12, -1.394736756643589e-12, -1.394738491367065e-12, -1.394736756643589e-12, -1.394738491367065e-12, -1.394740226090541e-12, -1.394740226090541e-12, -1.394740226090541e-12, -1.394740226090541e-12, -1.394740226090541e-12, -1.394740226090541e-12, -1.394736756643589e-12, -1.394736756643589e-12, -1.394735021920113e-12, -1.394733287196637e-12, -1.394733287196637e-12, -1.394733287196637e-12, -1.394731552473161e-12, -1.394731552473161e-12, -1.394729817749685e-12, -1.394729817749685e-12, -1.394729817749685e-12, -1.394729817749685e-12, -1.394729817749685e-12, -1.394729817749685e-12, -1.394728083026209e-12, -1.394729817749685e-12, -1.394728083026209e-12, -1.394728083026209e-12, -1.394728083026209e-12, -1.394728083026209e-12, -1.394728083026209e-12, -1.394728083026209e-12, -1.394728083026209e-12]
che14.y=[0e+00, -5.71220698475372e-06, -1.184804204967804e-05, -1.509695721324533e-05, -1.652449282119051e-05, -1.709480238787364e-05, -1.731237171043176e-05, -1.739224171615206e-05, -1.741685628076084e-05, -1.742595304676797e-05, -1.743163738865405e-05, -1.743269422149751e-05, -1.743328357406426e-05, -1.74342239915859e-05, -1.743401480780449e-05, -1.743398570397403e-05, -1.743420762068126e-05, -1.74340220837621e-05, -1.743379652907606e-05, -1.743380380503368e-05, -1.743396751408e-05, -1.743414941302035e-05, -1.743444954627194e-05, -1.743446046020836e-05, -1.74346878338838e-05, -1.743463326420169e-05, -1.743452230584808e-05, -1.743440589052625e-05, -1.743428038025741e-05, -1.74342258105753e-05, -1.743418579280842e-05, -1.743415486998856e-05, -1.743413304211572e-05, -1.74341239471687e-05, -1.74341221281793e-05, -1.743412030918989e-05, -1.743412030918989e-05, -1.743413849908393e-05, -1.743415850796737e-05, -1.743418033584021e-05, -1.743419670674484e-05, -1.743420943967067e-05, -1.743421307764947e-05, -1.743420762068126e-05, -1.743418761179782e-05, -1.743415668897796e-05, -1.743419124977663e-05, -1.743422944855411e-05, -1.743426400935277e-05, -1.743429675116204e-05, -1.743432585499249e-05, -1.743434950185474e-05, -1.743436587275937e-05, -1.743437496770639e-05, -1.743437314871699e-05, -1.743435859680176e-05, -1.74343313119607e-05, -1.743428947520442e-05, -1.743423126754351e-05, -1.743420943967067e-05, -1.743428401823621e-05, -1.743436951073818e-05, -1.743446046020836e-05, -1.743455868563615e-05, -1.743466054904275e-05, -1.743476423143875e-05, -1.743486973282415e-05, -1.743497341522016e-05, -1.743507345963735e-05, -1.743516440910753e-05, -1.743524808262009e-05, -1.743531902320683e-05, -1.743537177389953e-05, -1.74354063346982e-05, -1.743541906762403e-05, -1.743540269671939e-05, -1.74353535840055e-05, -1.743526991049293e-05, -1.743514621921349e-05, -1.743497523420956e-05, -1.743475513649173e-05, -1.743447865010239e-05, -1.743436405376997e-05, -1.743430766509846e-05, -1.743425127642695e-05, -1.743419488775544e-05, -1.743414031807333e-05, -1.743408756738063e-05, -1.743403845466673e-05, -1.743399661791045e-05, -1.743396205711178e-05, -1.743393659126014e-05, -1.743392203934491e-05, -1.74339184013661e-05, -1.743393113429192e-05, -1.743396205711178e-05, -1.743401116982568e-05, -1.743404027365614e-05, -1.743402572174091e-05, -1.743401298881508e-05, -1.743400207487866e-05]
che15.y=[0e+00, 0e+00, 0e+00, 0e+00, 0e+00, 0e+00, 0e+00, 0e+00, 0e+00, 0e+00, 0e+00, 0e+00, 0e+00, 0e+00, 0e+00, 0e+00, 0e+00, 0e+00, 0e+00, 0e+00, 0e+00, 0e+00, 0e+00, 0e+00, 0e+00, 0e+00, 0e+00, 0e+00, 0e+00, 0e+00, 0e+00, 0e+00, 0e+00, 0e+00, 0e+00, 0e+00, 0e+00, 0e+00, 0e+00, 0e+00, 0e+00, 0e+00, 0e+00, 0e+00, 0e+00, 0e+00, 0e+00, 0e+00, 0e+00, 0e+00, 0e+00, 0e+00, 0e+00, 0e+00, 0e+00, 0e+00, 0e+00, 0e+00, 0e+00, 0e+00, 0e+00, 0e+00, 0e+00, 0e+00, 0e+00, 0e+00, 0e+00, 0e+00, 0e+00, 0e+00, 0e+00, 0e+00, 0e+00, 0e+00, 0e+00, 0e+00, 0e+00, 0e+00, 0e+00, 0e+00, 0e+00, 0e+00, 0e+00, 0e+00, 0e+00, 0e+00, 0e+00, 0e+00, 0e+00, 0e+00, 0e+00, 0e+00, 0e+00, 0e+00, 0e+00, 0e+00, 0e+00, 0e+00, 0e+00, 0e+00, 0e+00]
che16.y=[0e+00, 5.623092874884605e-06, 1.152716504293494e-05, 1.457392409065505e-05, 1.587836595717818e-05, 1.638580761209596e-05, 1.657448228797875e-05, 1.664175579207949e-05, 1.666142452450003e-05, 1.666884963924531e-05, 1.667375909164548e-05, 1.667447577347048e-05, 1.66749996424187e-05, 1.667586548137479e-05, 1.667561264184769e-05, 1.667560172791127e-05, 1.667581273068208e-05, 1.667560354690067e-05, 1.667537253524642e-05, 1.667539254412986e-05, 1.667557080509141e-05, 1.667575816099998e-05, 1.667606375121977e-05, 1.667606557020918e-05, 1.667629476287402e-05, 1.66762329172343e-05, 1.667611832090188e-05, 1.667600008659065e-05, 1.66758727573324e-05, 1.66758218256291e-05, 1.667578362685163e-05, 1.667575270403177e-05, 1.667573269514833e-05, 1.667572541919071e-05, 1.667572360020131e-05, 1.667572178121191e-05, 1.667572178121191e-05, 1.667574179009534e-05, 1.667576543695759e-05, 1.667578726483043e-05, 1.667580727371387e-05, 1.66758200066397e-05, 1.667582546360791e-05, 1.667581636866089e-05, 1.667579454078805e-05, 1.667575816099998e-05, 1.667579817876685e-05, 1.667583819653373e-05, 1.667587639531121e-05, 1.667591095610987e-05, 1.667594369791914e-05, 1.667596916377079e-05, 1.667598553467542e-05, 1.667599462962244e-05, 1.667599099164363e-05, 1.66759764397284e-05, 1.667594733589794e-05, 1.667590186116286e-05, 1.667583819653373e-05, 1.667581454967149e-05, 1.667589640419465e-05, 1.667598917265423e-05, 1.667608921707142e-05, 1.667619653744623e-05, 1.667630749579985e-05, 1.667642209213227e-05, 1.66765385074541e-05, 1.667665128479712e-05, 1.667676042416133e-05, 1.667686046857852e-05, 1.66769514180487e-05, 1.667702963459305e-05, 1.667708784225397e-05, 1.667712604103144e-05, 1.667713695496786e-05, 1.667711876507383e-05, 1.667706601438113e-05, 1.667697324592154e-05, 1.667683500272688e-05, 1.667664764681831e-05, 1.667640390223823e-05, 1.667610013100784e-05, 1.6675974620739e-05, 1.667591277509928e-05, 1.667585092945956e-05, 1.667578908381984e-05, 1.667572723818012e-05, 1.667567084950861e-05, 1.66756180988159e-05, 1.667557262408081e-05, 1.667553624429274e-05, 1.667550895945169e-05, 1.667549440753646e-05, 1.667549258854706e-05, 1.667550895945169e-05, 1.667554352025036e-05, 1.667559990892187e-05, 1.667563628870994e-05, 1.667561991780531e-05, 1.667560718487948e-05, 1.667559627094306e-05]
che17.y=[0e+00, 9.631219433092753e-13, 1.261157844822947e-12, 1.353538808812615e-12, 1.381979600201255e-12, 1.39072607596713e-12, 1.393347243139331e-12, 1.393902354651644e-12, 1.394212870153844e-12, 1.394566753742943e-12, 1.394608387106366e-12, 1.39462399961765e-12, 1.394674306598453e-12, 1.394656959363694e-12, 1.39465869408717e-12, 1.39466736770455e-12, 1.394660428810646e-12, 1.394656959363694e-12, 1.394653489916742e-12, 1.39465869408717e-12, 1.394662163534122e-12, 1.394665632981074e-12, 1.394665632981074e-12, 1.39466736770455e-12, 1.39466736770455e-12, 1.394665632981074e-12, 1.394665632981074e-12, 1.394663898257598e-12, 1.394662163534122e-12, 1.394662163534122e-12, 1.394662163534122e-12, 1.394662163534122e-12, 1.394662163534122e-12, 1.394662163534122e-12, 1.394662163534122e-12, 1.394663898257598e-12, 1.394663898257598e-12, 1.394663898257598e-12, 1.394665632981074e-12, 1.394665632981074e-12, 1.394665632981074e-12, 1.39466736770455e-12, 1.39466736770455e-12, 1.394665632981074e-12, 1.394665632981074e-12, 1.394663898257598e-12, 1.394663898257598e-12, 1.394663898257598e-12, 1.394663898257598e-12, 1.394665632981074e-12, 1.394665632981074e-12, 1.394665632981074e-12, 1.394665632981074e-12, 1.394665632981074e-12, 1.394665632981074e-12, 1.394665632981074e-12, 1.394665632981074e-12, 1.394663898257598e-12, 1.394665632981074e-12, 1.394663898257598e-12, 1.39466736770455e-12, 1.39466736770455e-12, 1.394669102428026e-12, 1.394672571874978e-12, 1.394676041321929e-12, 1.394676041321929e-12, 1.394677776045405e-12, 1.394681245492357e-12, 1.394682980215833e-12, 1.394684714939309e-12, 1.394686449662785e-12, 1.394688184386261e-12, 1.394689919109737e-12, 1.394689919109737e-12, 1.394688184386261e-12, 1.394689919109737e-12, 1.394688184386261e-12, 1.394686449662785e-12, 1.394682980215833e-12, 1.394679510768881e-12, 1.394674306598453e-12, 1.39466736770455e-12, 1.394665632981074e-12, 1.394663898257598e-12, 1.394662163534122e-12, 1.394660428810646e-12, 1.394660428810646e-12, 1.39465869408717e-12, 1.39465869408717e-12, 1.39465869408717e-12, 1.394656959363694e-12, 1.394656959363694e-12, 1.394656959363694e-12, 1.394656959363694e-12, 1.39465869408717e-12, 1.394660428810646e-12, 1.394662163534122e-12, 1.394662163534122e-12, 1.394662163534122e-12, 1.394662163534122e-12, 1.394662163534122e-12]
che18.y=[0e+00, 5.71220698475372e-06, 1.184804204967804e-05, 1.509695721324533e-05, 1.652449282119051e-05, 1.709480238787364e-05, 1.731237171043176e-05, 1.739224171615206e-05, 1.741685628076084e-05, 1.742595304676797e-05, 1.743163738865405e-05, 1.743269422149751e-05, 1.743328357406426e-05, 1.74342239915859e-05, 1.743401480780449e-05, 1.743398570397403e-05, 1.743420762068126e-05, 1.74340220837621e-05, 1.743379652907606e-05, 1.743380380503368e-05, 1.743396751408e-05, 1.743414941302035e-05, 1.743444954627194e-05, 1.743446046020836e-05, 1.74346878338838e-05, 1.743463326420169e-05, 1.743452230584808e-05, 1.743440589052625e-05, 1.743428038025741e-05, 1.74342258105753e-05, 1.743418579280842e-05, 1.743415486998856e-05, 1.743413304211572e-05, 1.74341239471687e-05, 1.74341221281793e-05, 1.743412030918989e-05, 1.743412030918989e-05, 1.743413849908393e-05, 1.743415850796737e-05, 1.743418033584021e-05, 1.743419670674484e-05, 1.743420943967067e-05, 1.743421307764947e-05, 1.743420762068126e-05, 1.743418761179782e-05, 1.743415668897796e-05, 1.743419124977663e-05, 1.743422944855411e-05, 1.743426400935277e-05, 1.743429675116204e-05, 1.743432585499249e-05, 1.743434950185474e-05, 1.743436587275937e-05, 1.743437496770639e-05, 1.743437314871699e-05, 1.743435859680176e-05, 1.74343313119607e-05, 1.743428947520442e-05, 1.743423126754351e-05, 1.743420943967067e-05, 1.743428401823621e-05, 1.743436951073818e-05, 1.743446046020836e-05, 1.743455868563615e-05, 1.743466054904275e-05, 1.743476423143875e-05, 1.743486973282415e-05, 1.743497341522016e-05, 1.743507345963735e-05, 1.743516622809693e-05, 1.743524808262009e-05, 1.743531902320683e-05, 1.743537359288894e-05, 1.74354081536876e-05, 1.743541906762403e-05, 1.743540269671939e-05, 1.74353535840055e-05, 1.743526991049293e-05, 1.743514621921349e-05, 1.743497523420956e-05, 1.743475513649173e-05, 1.743447865010239e-05, 1.743436405376997e-05, 1.743430766509846e-05, 1.743425127642695e-05, 1.743419488775544e-05, 1.743414031807333e-05, 1.743408756738063e-05, 1.743403845466673e-05, 1.743399661791045e-05, 1.743396205711178e-05, 1.743393659126014e-05, 1.743392203934491e-05, 1.74339184013661e-05, 1.743393113429192e-05, 1.743396205711178e-05, 1.743400935083628e-05, 1.743404027365614e-05, 1.743402572174091e-05, 1.743401298881508e-05, 1.743400207487866e-05]
che19.y=[0e+00, 0e+00, 0e+00, 0e+00, 1.734723475976807e-18, 1.908195823574488e-17, -1.838806884535416e-16, -1.384309333829493e-15, -2.272487753529617e-15, -9.454242944073599e-16, -1.144917494144693e-16, -2.42861286636753e-16, -2.081668171172169e-17, 5.551115123125783e-17, -8.84708972748173e-17, 5.724587470723463e-17, -2.42861286636753e-17, -4.336808689942018e-17, -2.099015405931937e-16, -4.111294638065033e-16, -3.885780586188048e-16, -9.194034422677078e-17, -1.856154119295184e-16, -9.367506770274758e-16, -1.451963549392588e-15, -1.250735626179278e-15, -1.174407793236298e-15, -1.771152668972323e-15, -2.284630817861455e-15, -2.057382042508493e-15, -1.76594849854439e-15, -1.589006703994755e-15, -1.479719125008216e-15, -1.137978600240785e-15, -9.26342336171615e-16, -9.280770596475918e-16, -1.061650767297806e-15, -6.088879400678593e-16, -1.665334536937735e-16, 2.046973701652632e-16, 4.371503159461554e-16, 4.77048955893622e-16, 2.550043509685906e-16, -2.8796409701215e-16, -1.212571709707788e-15, -2.42861286636753e-15, -1.750335987260598e-15, -1.020017403874363e-15, -2.723515857283587e-16, 4.666406150377611e-16, 1.167468899332391e-15, 1.795438797635995e-15, 2.326264181284898e-15, 2.728720027711518e-15, 2.971581314348271e-15, 3.027092465579528e-15, 2.86229373536173e-15, 2.449429548079252e-15, 1.762479051592436e-15, 1.941155569618047e-15, 4.326400349086157e-15, 6.942363350859182e-15, 9.747411211513679e-15, 1.270858418500609e-14, 1.577731001400906e-14, 1.889981227076731e-14, 2.201711035709764e-14, 2.506848895134084e-14, 2.797935494402992e-14, 3.067164577874593e-14, 3.306903362254587e-14, 3.507784340772702e-14, 3.660786951353856e-14, 3.755329380794592e-14, 3.781176760586646e-14, 3.726532971093377e-14, 3.580295782068532e-14, 3.329281295094688e-14, 2.960999501144812e-14, 2.461225667715894e-14, 1.815908534652522e-14, 1.010302952408892e-14, 6.676950659034731e-15, 4.935288289154016e-15, 3.174543961037557e-15, 1.429412144204889e-15, -2.619432448724979e-16, -1.856154119295184e-15, -3.304648221735818e-15, -4.565792188770956e-15, -5.580605422217388e-15, -6.298780941271787e-15, -6.661338147750939e-15, -6.607561719995658e-15, -6.075001612870778e-15, -4.996003610813204e-15, -3.301178774783864e-15, -1.81452075587174e-15, -1.115427195053087e-15, -1.196959198423997e-16, 1.198693921899974e-15]
che20.y=[0e+00, -2.42861286636753e-17, -1.040834085586084e-16, -3.50414142147315e-16, -2.654126918244515e-16, -1.682681771697503e-16, 5.898059818321144e-16, 1.010823369451687e-14, 2.038993973663139e-14, 1.042395336714463e-14, 1.7277845820729e-15, 1.679212324745549e-15, 4.735795089416683e-16, 3.816391647148976e-17, -6.418476861114187e-16, 1.436351038108796e-15, 7.771561172376096e-16, 5.663872149064275e-15, 2.350897254643769e-14, 3.723583941184216e-14, 2.854660952067434e-14, 7.901665433074356e-15, -2.386979502944087e-14, -2.878079718993121e-14, -4.969809286325955e-14, -4.41140179940902e-14, -3.216697741503793e-14, -2.08721928629529e-14, -8.146261443187051e-15, 1.870031907102998e-15, 9.050052374171003e-15, 1.171632235674736e-14, 1.170244456893954e-14, 1.443810349055497e-14, 1.556914319689184e-14, 1.484923295436147e-14, 1.273807448409769e-14, 1.237378255414257e-14, 1.135203042679223e-14, 9.520162436160717e-15, 6.732461810265988e-15, 2.83627288322208e-15, -2.317590563905014e-15, -8.880049473525276e-15, -1.699855534109673e-14, -2.619432448724979e-14, -2.743638649604918e-14, -2.816150090900749e-14, -2.838354551393252e-14, -2.811986754558404e-14, -2.739128368567378e-14, -2.621514116896151e-14, -2.460531778325503e-14, -2.258609965721803e-14, -2.017309930213427e-14, -1.738192922928759e-14, -1.42316713969137e-14, -1.074314248672437e-14, -6.931955010003321e-15, -5.603156827405087e-16, 1.071712163458471e-14, 2.293304435241339e-14, 3.593132735790761e-14, 4.952462051566187e-14, 6.350649173203493e-14, 7.764622278472189e-14, 9.168533987580219e-14, 1.053480219725955e-13, 1.183306924668059e-13, 1.303054886214738e-13, 1.409219962944519e-13, 1.498089846618811e-13, 1.565639978773348e-13, 1.607689675831026e-13, 1.619746003989064e-13, 1.597159904331846e-13, 1.534987414952838e-13, 1.428024365424108e-13, 1.270910460204888e-13, 1.057973153528735e-13, 7.833664272816065e-14, 4.409320131237848e-14, 2.914335439641036e-14, 2.119485142948463e-14, 1.312491781924052e-14, 5.100087019371813e-15, -2.699229728619912e-15, -1.007180450152134e-14, -1.681120520569124e-14, -2.269018306577664e-14, -2.746934624209274e-14, -3.090236400105084e-14, -3.271341530997063e-14, -3.263014858312374e-14, -3.035245665916619e-14, -2.557676292980204e-14, -1.797693938154765e-14, -1.221071854740075e-14, -1.160009588385691e-14, -1.016201012227214e-14, -7.825337600131377e-15]
