last-generated=2014-03-25
vol.T=[293.14999389648437500000, 296.32861328125000000000, 299.01364135742187500000, 301.27194213867187500000, 303.16928100585937500000, 304.75878906250000000000, 306.08789062500000000000, 307.20251464843750000000, 308.13864135742187500000, 308.92428588867187500000, 309.58575439453125000000, 310.14328002929687500000, 310.61404418945312500000, 311.01135253906250000000, 311.34680175781250000000, 311.62997436523437500000, 311.86868286132812500000, 312.07019042968750000000, 312.24072265625000000000, 312.38467407226562500000, 312.50643920898437500000, 312.60897827148437500000, 312.69598388671875000000, 312.77014160156250000000, 312.83346557617187500000, 312.88760375976562500000, 309.75070190429687500000, 307.10089111328125000000, 304.87222290039062500000, 302.99975585937500000000, 301.43112182617187500000, 300.11947631835937500000, 299.01943969726562500000, 298.09579467773437500000, 297.32116699218750000000, 296.66937255859375000000, 296.11996459960937500000, 295.65615844726562500000, 295.26467895507812500000, 294.93405151367187500000, 294.65481567382812500000, 294.41925048828125000000, 294.22024536132812500000, 294.05163574218750000000, 293.90908813476562500000, 293.78833007812500000000, 293.68661499023437500000, 293.60018920898437500000, 293.52645874023437500000, 293.46337890625000000000, 293.40927124023437500000, 296.54666137695312500000, 299.19689941406250000000, 301.42593383789062500000, 303.29867553710937500000, 304.86755371093750000000, 306.17944335937500000000, 307.27960205078125000000, 308.20358276367187500000, 308.97894287109375000000, 309.63177490234375000000, 310.18194580078125000000, 310.64660644531250000000, 311.03863525390625000000, 311.36984252929687500000, 311.64926147460937500000, 311.88497924804687500000, 312.08383178710937500000, 312.25219726562500000000, 312.39428710937500000000, 312.51449584960937500000, 312.61578369140625000000, 312.70162963867187500000, 312.77478027343750000000, 312.83721923828125000000, 312.89056396484375000000, 309.75317382812500000000, 307.10299682617187500000, 304.87396240234375000000, 303.00125122070312500000, 301.43237304687500000000, 300.12051391601562500000, 299.02032470703125000000, 298.09655761718750000000, 297.32180786132812500000, 296.66989135742187500000, 296.12039184570312500000, 295.65655517578125000000, 295.26498413085937500000, 294.93432617187500000000, 294.65502929687500000000, 294.41943359375000000000, 294.22039794921875000000, 294.05175781250000000000, 293.90917968750000000000, 293.78842163085937500000, 293.68667602539062500000, 293.60028076171875000000, 293.52658081054687500000, 293.46356201171875000000, 293.40960693359375000000]
time=[0.00000000000000000000, 7200.00000000000000000000]
expVes.port_a.p=[300000.00000000000000000000, 300000.00000000000000000000]
