last-generated=2015-05-08
statistics-initialization={'numerical Jacobians': '0', 'nonlinear': '12', 'linear': '19'}
statistics-simulation={'numerical Jacobians': '0', 'nonlinear': '1, 12, 1, 1, 1, 1, 1', 'number of continuous time states': '41', 'linear': '0, 0, 0, 0, 0, 0, 0, 0, 0, 0, 0'}
staRes.minT.Max=[251.5500030517578125, 251.5500030517578125]
staRes.maxT.Max=[341.350006103515625, 341.350006103515625]
staRes.maxT.Min=[336.350006103515625, 336.350006103515625]
TRooHou.y=[0., 301.98274536132811363132, 270.69036865234375, 277.75306396484376136868, 310.83912963867186363132, 272.346893310546875, 278.23826293945313636868, 275.79011840820311363132, 264.42063598632813636868, 288.69185180664061363132, 283.88470458984375, 274.99019775390627273737, 309.62639160156248863132, 269.91334228515626136868, 272.35421142578127273737, 326.68359375, 279.30541381835939773737, 274.50338134765627273737, 314.87726440429685226263, 274.70989379882814773737, 275.815032958984375, 303.691619873046875, 270.52650756835936363132, 281.63263549804685226263, 315.75255126953123863132, 278.60125732421875, 282.76417236328126136868, 297.64795532226560226263, 275.41078491210936363132, 293.31939697265625, 293.36627197265625, 284.27622070312497726263, 310.46096191406252273737, 284.74146728515626136868, 285.39943237304686363132, 309.317718505859375, 284.89426879882813636868, 288.67531127929686363132, 312.00322265624998863132, 282.456878662109375, 290.256744384765625, 307.46644287109376136868, 285.132080078125, 296.49152832031251136868, 286.21490478515625, 295.386322021484375, 289.51896972656248863132, 300.15618286132814773737, 290.24293823242186363132, 302.16063842773439773737, 308.240631103515625, 287.41035766601561363132, 315.46526489257814773737, 297.95313720703126136868, 291.87697143554686363132, 320.2657470703125, 296.77435913085935226263, 297.22156372070310226263, 323.12140502929685226263, 293.19669189453122726263, 291.52801513671875, 325.10307617187498863132, 287.56349487304686363132, 296.89840087890627273737, 316.74399414062497726263, 287.651275634765625, 302.69582519531252273737, 319.68683471679685226263, 288.06048583984375, 304.3924560546875, 306.235443115234375, 283.18666992187502273737, 315.69053955078123863132, 292.61021728515623863132, 281.75130615234377273737, 293.1451416015625, 285.63999633789063636868, 277.24408569335935226263, 310.09307250976564773737, 281.565582275390625, 283.388031005859375, 326.87694702148439773737, 281.700225830078125, 276.48238525390627273737, 309.29475708007811363132, 275.09283447265625, 283.33269042968748863132, 281.02055053710938636868, 272.017578125, 290.75092773437501136868, 307.602874755859375, 283.732940673828125, 288.01857910156252273737, 275.15784301757810226263, 271.64577026367186363132, 295.172576904296875, 270.627532958984375, 273.846099853515625, 321.213348388671875, 265.42574462890627273737, 274.957611083984375]
time=[0., 31536000.]
staRes.minT.Min=[250.149993896484375, 250.149993896484375]
staRes.minT.Mean=[250.4499969482421875, 250.4499969482421875]
staRes.maxT.Mean=[337.850006103515625, 337.850006103515625]
staRes.meanT.Min=[291.149993896484375, 291.149993896484375]
TRooAnn.y=[0., 0., 0., 0., 0., 0., 0., 0., 0., 0., 0., 0., 0., 0., 0., 0., 0., 0., 0., 0., 0., 0., 0., 0., 0., 0., 0., 0., 0., 0., 0., 0., 0., 0., 0., 0., 0., 0., 0., 0., 0., 0., 0., 0., 0., 0., 0., 0., 0., 0., 0., 0., 0., 0., 0., 0., 0., 0., 0., 0., 0., 0., 0., 0., 0., 0., 0., 0., 0., 0., 0., 0., 0., 0., 0., 0., 0., 0., 0., 0., 0., 0., 0., 0., 0., 0., 0., 0., 0., 0., 0., 0., 0., 0., 0., 0., 0., 0., 0., 0., 0.]
staRes.meanT.Mean=[291.850006103515625, 291.850006103515625]
staRes.meanT.Max=[292.75, 292.75]
