last-generated=2015-06-03
statistics-simulation={'numerical Jacobians': '0', 'nonlinear': ' ', 'linear': ' '}
bicubic.y=[93., 95.97262579974464813404, 99.01103224209813902235, 102.11598226656712995464, 105.28825407144468329079, 108.52862524481240313889, 111.83786818620278324943, 115.21674336770439595057, 118.66604676697680531561, 122.18653742701447129093, 125.77899878897706287262, 129.44419882948250233312, 133.18290811922020111524, 136.99591248414427013813, 140.8839719344246361743, 144.84786749222195112452, 148.88838341957193733833, 153.00627062040408077337, 157.20232851921423389285, 161.47731121126500397622, 165.83199942507135915548, 170.26716907749454321674, 174.78358513898527348829, 179.38204762813830939194, 184.06329599508930527918, 188.828125, 193.67731180202608243235, 198.61159745260181352933, 203.63180481735557236789, 208.73868228370011479456, 213.93299242319869790663, 219.21554438637286921221, 224.58707053083284677086, 230.04836315264225277133, 235.60021772806109652265, 241.24338108195698282543, 246.9786141792741318568, 252.80672938089830381614, 258.7284879580635106322, 264.74466811152217360359, 270.85598388339002440262, 277.06332621518140513217, 283.36734843097781322285, 289.76888577409613390046, 296.26873935678713678499, 302.86762268396552144623, 309.56633959148581425325, 316.365662438873357587, 323.26636489124877016366, 330.26921935663170870612, 337.375, 344.58447959128437787513, 351.89845157029969868745, 359.31764836110374972122, 366.84284875155412919412, 374.47487488402322242109, 382.21447568345115541888, 390.06241410713721506909, 398.01945308672907231085, 406.08641659358090691967, 414.2639879658061659029, 422.5530276294720124497, 430.95431115808145250412, 439.46857098682431796988, 448.09660057513292485964, 456.83913233636940276483, 465.69696761482435931612, 474.67091390068549117132, 483.76171221429984825591, 492.97015602098622366611, 502.2970082736423478309, 511.74303189762201782287, 521.30899348994705633231, 530.9956479359767627102, 540.80388464288171235239, 550.734375, 560.787912490264943699, 570.9652905494623382765, 581.26724160208641478675, 591.69449656085862443433, 602.24797319917286131385, 612.9284032030953994763, 623.73645798074630874908, 634.67305304890930983674, 645.73885979088663589209, 656.93460453038562718575, 668.26121419110768329119, 679.71935486281847715873, 691.3098810529849060913, 703.03352518610131483001, 714.89101967327428610588, 726.88314711904604337178, 739.01072185692692073644, 751.27452732214078423567, 763.6753569801749108592, 776.21388223319797816657, 788.89095755663799991453, 801.7072995984175349804, 814.66373250489220936288, 827.7610348191606135515, 841.]
time=[0., 1.]
