last-generated=2016-06-28
statistics-simulation=
{
  "numerical Jacobians": "0", 
  "nonlinear": " ", 
  "linear": " "
}
conAirWithC.outlet.forward.X_w=[0.00999999977648258209, 0.00999999977648258209]
conAirNoC.outlet.forward.X_w=[0.00999999977648258209, 0.00999999977648258209]
time=[0., 1.]
conDryAirWithC.outlet.forward.C[1]=[0.00000999999974737875, 0.00000999999974737875]
conAirWithC.outlet.forward.C[1]=[0.00000999999974737875, 0.00000999999974737875]
conAirWithC.X_wZon=[0.01499999966472387314, 0.01499999966472387314]
conAirNoC.X_wZon=[0.01499999966472387314, 0.01499999966472387314]
conAirWithC.CZon[1]=[0.69999998807907104492, 0.69999998807907104492]
conDryAirWithC.CZon[1]=[0.69999998807907104492, 0.69999998807907104492]
