last-generated=2026-10-10
statistics-initialization=
{
  "linear": "0, 0",
  "nonlinear": "0, 0, 0, 0",
  "numerical Jacobians": "0"
}
statistics-simulation=
{
  "linear": "0",
  "nonlinear": " ",
  "number of continuous time states": "6",
  "numerical Jacobians": "0"
}
time=[0e+00, 8.64e+04]
zon.TAir=[2.931499938964844e+02, 2.906162719726562e+02, 2.898275451660156e+02, 2.896363220214844e+02, 2.891479187011719e+02, 2.888010559082031e+02, 2.890082702636719e+02, 2.890101623535156e+02, 2.892073059082031e+02, 2.893154296875e+02, 2.892701110839844e+02, 2.891718444824219e+02, 2.888953857421875e+02, 2.892773132324219e+02, 2.892180480957031e+02, 2.891819152832031e+02, 2.891602478027344e+02, 2.89144287109375e+02, 2.891404418945312e+02, 2.891339111328125e+02, 2.891350708007812e+02, 2.891325988769531e+02, 2.89132568359375e+02, 2.891315002441406e+02, 2.891310424804688e+02, 2.891334533691406e+02, 2.942236022949219e+02, 2.940358581542969e+02, 2.942389831542969e+02, 2.947734069824219e+02, 2.949434204101562e+02, 2.952210388183594e+02, 2.953458557128906e+02, 2.951663818359375e+02, 2.953114013671875e+02, 2.952226257324219e+02, 2.952438049316406e+02, 2.952764587402344e+02, 2.952738647460938e+02, 2.952828369140625e+02, 2.952744140625e+02, 2.952570495605469e+02, 2.952521057128906e+02, 2.952391052246094e+02, 2.952384948730469e+02, 2.952198486328125e+02, 2.952113647460938e+02, 2.951957397460938e+02, 2.951859436035156e+02, 2.951708374023438e+02, 2.951585388183594e+02, 2.95147705078125e+02, 2.951402587890625e+02, 2.951415405273438e+02, 2.951434936523438e+02, 2.951392822265625e+02, 2.9514111328125e+02, 2.951429748535156e+02, 2.951425170898438e+02, 2.951415405273438e+02, 2.95141357421875e+02, 2.951399841308594e+02, 2.951314086914062e+02, 2.951292114257812e+02, 2.951182250976562e+02, 2.951160278320312e+02, 2.951174011230469e+02, 2.951116638183594e+02, 2.951149291992188e+02, 2.951078186035156e+02, 2.951152038574219e+02, 2.951156005859375e+02, 2.951193542480469e+02, 2.951203002929688e+02, 2.951213989257812e+02, 2.951256103515625e+02, 2.915675964355469e+02, 2.906154174804688e+02, 2.90288818359375e+02, 2.900339050292969e+02, 2.897774047851562e+02, 2.89572265625e+02, 2.893985900878906e+02, 2.892366943359375e+02, 2.890773315429688e+02, 2.889153442382812e+02, 2.892382202148438e+02, 2.892185363769531e+02, 2.890863342285156e+02, 2.889607238769531e+02, 2.893096923828125e+02, 2.889602966308594e+02, 2.892331848144531e+02, 2.892316589355469e+02, 2.891200866699219e+02, 2.889105529785156e+02, 2.889541625976562e+02, 2.890591430664062e+02, 2.891680908203125e+02, 2.893387145996094e+02, 2.892980651855469e+02]
TSet.y=[2.891499938964844e+02, 2.891499938964844e+02, 2.891499938964844e+02, 2.891499938964844e+02, 2.891499938964844e+02, 2.891499938964844e+02, 2.891499938964844e+02, 2.891499938964844e+02, 2.891499938964844e+02, 2.891499938964844e+02, 2.891499938964844e+02, 2.891499938964844e+02, 2.891499938964844e+02, 2.891499938964844e+02, 2.891499938964844e+02, 2.891499938964844e+02, 2.891499938964844e+02, 2.891499938964844e+02, 2.891499938964844e+02, 2.891499938964844e+02, 2.891499938964844e+02, 2.891499938964844e+02, 2.891499938964844e+02, 2.891499938964844e+02, 2.891499938964844e+02, 2.891499938964844e+02, 2.951499938964844e+02, 2.951499938964844e+02, 2.951499938964844e+02, 2.951499938964844e+02, 2.951499938964844e+02, 2.951499938964844e+02, 2.951499938964844e+02, 2.951499938964844e+02, 2.951499938964844e+02, 2.951499938964844e+02, 2.951499938964844e+02, 2.951499938964844e+02, 2.951499938964844e+02, 2.951499938964844e+02, 2.951499938964844e+02, 2.951499938964844e+02, 2.951499938964844e+02, 2.951499938964844e+02, 2.951499938964844e+02, 2.951499938964844e+02, 2.951499938964844e+02, 2.951499938964844e+02, 2.951499938964844e+02, 2.951499938964844e+02, 2.951499938964844e+02, 2.951499938964844e+02, 2.951499938964844e+02, 2.951499938964844e+02, 2.951499938964844e+02, 2.951499938964844e+02, 2.951499938964844e+02, 2.951499938964844e+02, 2.951499938964844e+02, 2.951499938964844e+02, 2.951499938964844e+02, 2.951499938964844e+02, 2.951499938964844e+02, 2.951499938964844e+02, 2.951499938964844e+02, 2.951499938964844e+02, 2.951499938964844e+02, 2.951499938964844e+02, 2.951499938964844e+02, 2.951499938964844e+02, 2.951499938964844e+02, 2.951499938964844e+02, 2.951499938964844e+02, 2.951499938964844e+02, 2.951499938964844e+02, 2.951499938964844e+02, 2.891499938964844e+02, 2.891499938964844e+02, 2.891499938964844e+02, 2.891499938964844e+02, 2.891499938964844e+02, 2.891499938964844e+02, 2.891499938964844e+02, 2.891499938964844e+02, 2.891499938964844e+02, 2.891499938964844e+02, 2.891499938964844e+02, 2.891499938964844e+02, 2.891499938964844e+02, 2.891499938964844e+02, 2.891499938964844e+02, 2.891499938964844e+02, 2.891499938964844e+02, 2.891499938964844e+02, 2.891499938964844e+02, 2.891499938964844e+02, 2.891499938964844e+02, 2.891499938964844e+02, 2.891499938964844e+02, 2.891499938964844e+02, 2.891499938964844e+02]
conPID.y=[0e+00, 0e+00, 0e+00, 0e+00, 6.097856163978577e-02, 4.990606307983398e-01, 3.233597874641418e-01, 3.360711634159102e-01, 1.584353148937225e-01, 6.988927721977234e-02, 1.215986236929893e-01, 2.237577438354492e-01, 4.858080148696899e-01, 5.738836154341698e-02, 7.068911939859393e-02, 8.333224058151245e-02, 9.543435275554657e-02, 1.109430491924286e-01, 1.187654882669449e-01, 1.31716176867485e-01, 1.379676312208176e-01, 1.478577554225922e-01, 1.561588495969772e-01, 1.657204329967499e-01, 1.751473397016525e-01, 1.815213412046432e-01, 1e+00, 1e+00, 1e+00, 1e+00, 1e+00, 8.316328525543213e-01, 6.195805072784424e-01, 7.256818413734436e-01, 5.550301074981744e-01, 6.252430677413948e-01, 5.625247955322266e-01, 4.775345623493195e-01, 4.204993546009064e-01, 3.509858846664429e-01, 2.977292537689209e-01, 2.592967450618744e-01, 2.134901434183121e-01, 1.801489740610123e-01, 1.368118673563004e-01, 1.177003458142281e-01, 9.497474879026413e-02, 8.494389057159424e-02, 7.458019256591797e-02, 7.604924589395523e-02, 8.194068074226379e-02, 9.164877235889435e-02, 1.022267639636993e-01, 1.052342653274536e-01, 1.068010032176971e-01, 1.153711006045342e-01, 1.181839630007744e-01, 1.200307905673979e-01, 1.239350959658623e-01, 1.289059966802597e-01, 1.32802814245224e-01, 1.387028247117996e-01, 1.539383232593536e-01, 1.655207127332687e-01, 1.889022439718246e-01, 2.06895187497139e-01, 2.215760201215744e-01, 2.445888370275497e-01, 2.592463493347168e-01, 2.858987450599668e-01, 2.969099283218384e-01, 3.127769231796265e-01, 3.244234919548035e-01, 3.377307951450348e-01, 3.506051301956177e-01, 3.593814969062805e-01, 0e+00, 0e+00, 0e+00, 0e+00, 0e+00, 0e+00, 0e+00, 0e+00, 1.200225278735161e-01, 3.558907806873322e-01, 8.024411648511887e-02, 1.255635619163513e-01, 2.729479968547821e-01, 4.202843904495239e-01, 8.014199882745743e-02, 4.355107843875885e-01, 1.603778451681137e-01, 1.786814332008362e-01, 2.896016538143158e-01, 4.926916062831879e-01, 4.430833160877228e-01, 3.313422203063965e-01, 2.193029075860977e-01, 4.918152093887329e-02, 9.505902975797653e-02]
hea.m_flow=[0e+00, 0e+00, 0e+00, 0e+00, 0e+00, 0e+00, 6.041839718818665e-01, 3.348183294147307e-26, 2.666672660467384e-09, 6.041839718818665e-01, 6.041839718818665e-01, 6.041839718818665e-01, -7.141970582407039e-16, 6.041839718818665e-01, 6.041839718818665e-01, 6.041839718818665e-01, 6.041839718818665e-01, 6.041839718818665e-01, 6.041839718818665e-01, 6.041839718818665e-01, 6.041839718818665e-01, 6.041839718818665e-01, 6.041839718818665e-01, 6.041839718818665e-01, 6.041839718818665e-01, 6.041839718818665e-01, 1.208367943763733e+00, 1.208367943763733e+00, 1.208367943763733e+00, 1.208367943763733e+00, 1.208367943763733e+00, 1.208367943763733e+00, 1.208367943763733e+00, 6.041839718818665e-01, 6.041839718818665e-01, 6.041839718818665e-01, 6.041839718818665e-01, 6.041839718818665e-01, 6.041839718818665e-01, 6.041839718818665e-01, 6.041839718818665e-01, 6.041839718818665e-01, 6.041839718818665e-01, 6.041839718818665e-01, 6.041839718818665e-01, 6.041839718818665e-01, 6.041839718818665e-01, 6.041839718818665e-01, 6.041839718818665e-01, 6.041839718818665e-01, 6.041839718818665e-01, 6.041839718818665e-01, 6.041839718818665e-01, 6.041839718818665e-01, 6.041839718818665e-01, 6.041839718818665e-01, 6.041839718818665e-01, 6.041839718818665e-01, 6.041839718818665e-01, 6.041839718818665e-01, 6.041839718818665e-01, 6.041839718818665e-01, 6.041839718818665e-01, 6.041839718818665e-01, 6.041839718818665e-01, 6.041839718818665e-01, 6.041839718818665e-01, 6.041839718818665e-01, 6.041839718818665e-01, 6.041839718818665e-01, 6.041839718818665e-01, 6.041839718818665e-01, 6.041839718818665e-01, 6.041839718818665e-01, 6.041839718818665e-01, 6.041839718818665e-01, 4.683634846498806e-28, -6.566484603826093e-42, 0e+00, 0e+00, 0e+00, 0e+00, -0e+00, -0e+00, 0e+00, 0e+00, -1.614327053110765e-12, -1.526131851984208e-17, 6.073061209281129e-18, -3.117117614990741e-26, -3.178168839212958e-10, -2.139449945838163e-21, 1.472898365773023e-11, 6.041839718818665e-01, 6.041840314865112e-01, 1.1379257665607e-16, 3.979854182892479e-15, 5.248208985453306e-12, 2.295587504808072e-11, 4.99062567949295e-01, 6.041839718818665e-01]
hea.TSet=[2.951499938964844e+02, 2.926162719726562e+02, 2.918275451660156e+02, 2.916363220214844e+02, 2.916357727050781e+02, 2.947935485839844e+02, 2.935951538085938e+02, 2.936987609863281e+02, 2.924747924804688e+02, 2.918745422363281e+02, 2.92242919921875e+02, 2.929619140625e+02, 2.947818298339844e+02, 2.917364196777344e+02, 2.917835693359375e+02, 2.918485717773438e+02, 2.919237060546875e+02, 2.920318298339844e+02, 2.92090576171875e+02, 2.921876525878906e+02, 2.922388305664062e+02, 2.923154602050781e+02, 2.923818359375e+02, 2.924572448730469e+02, 2.925322265625e+02, 2.925856018066406e+02, 3.042236022949219e+02, 3.040358581542969e+02, 3.042389831542969e+02, 3.047734069824219e+02, 3.049434204101562e+02, 3.038740844726562e+02, 3.023025207519531e+02, 3.029718322753906e+02, 3.017516479492188e+02, 3.022245483398438e+02, 3.017440185546875e+02, 3.010967102050781e+02, 3.006378479003906e+02, 3.000906982421875e+02, 2.9965625e+02, 2.993314208984375e+02, 2.989600219726562e+02, 2.986802978515625e+02, 2.983329772949219e+02, 2.981614685058594e+02, 2.979711608886719e+02, 2.978753051757812e+02, 2.977825927734375e+02, 2.977792358398438e+02, 2.978140563964844e+02, 2.978809204101562e+02, 2.979580688476562e+02, 2.979834289550781e+02, 2.979979248046875e+02, 2.98062255859375e+02, 2.980865783691406e+02, 2.981032409667969e+02, 2.981340026855469e+02, 2.981727600097656e+02, 2.982037658691406e+02, 2.982496032714844e+02, 2.983629150390625e+02, 2.98453369140625e+02, 2.986294555664062e+02, 2.987711791992188e+02, 2.988900146484375e+02, 2.990683898925781e+02, 2.991889038085938e+02, 2.9939501953125e+02, 2.99490478515625e+02, 2.996177978515625e+02, 2.997147521972656e+02, 2.998221435546875e+02, 2.999262390136719e+02, 3.000006713867188e+02, 2.935675964355469e+02, 2.926154174804688e+02, 2.92288818359375e+02, 2.920339050292969e+02, 2.917774047851562e+02, 2.91572265625e+02, 2.913985900878906e+02, 2.912366943359375e+02, 2.920375061035156e+02, 2.93762451171875e+02, 2.918801879882812e+02, 2.922230529785156e+02, 2.932699279785156e+02, 2.94322998046875e+02, 2.919508361816406e+02, 2.944443664550781e+02, 2.925162048339844e+02, 2.926611022949219e+02, 2.934368896484375e+02, 2.948521118164062e+02, 2.944988098144531e+02, 2.937098999023438e+02, 2.929225158691406e+02, 2.91732177734375e+02, 2.920585327148438e+02]
hea.QMax_flow=[5.84987890625e+03, 5.84987890625e+03]
sizSysHea.sizHea.QSen_flow=[5.84987890625e+03, 5.84987890625e+03]
