last-generated=2015-05-08
statistics-simulation={'numerical Jacobians': '0', 'nonlinear': '0', 'linear': ' '}
sur.heatPort.T=[283.678375244140625, 283.81240845026695751585, 283.94671631460323624196, 284.08123780200344299374, 284.21603394760677474551, 284.35107420867734617786, 284.48635866074982914142, 284.62191772056667105062, 284.75769045399823653497, 284.89373774429270724795, 285.03002927654785025879, 285.16656494955532252789, 285.30334476331512405523, 285.44036871775449526467, 285.57766722814267268404, 285.71517936132312343034, 285.85296635792462893733, 285.99099728976040069028, 286.12927236194832403271, 286.26779178107966572497, 286.40652461682117291275, 286.5455323178028379516, 286.68481446973231641095, 286.82431024448135303828, 286.9640503679473226839, 287.104034423828125, 287.24426282918983588388, 287.38473495664612755718, 287.52545164336703464869, 287.66641247129496150592, 287.80761701906192229217, 287.94906612838536830168, 288.09075937884313134418, 288.2326963469208180868, 288.37487787877410028159, 288.51727303425633408551, 288.65994242264463309766, 288.80282585955876584194, 288.94598395503987831034, 289.08935567393160681604, 289.23297110573201962325, 289.37683110620116622158, 289.52093524767730059466, 289.66525258230126382841, 289.80981448764936203588, 289.95465105170990227634, 290.09970080651714852138, 290.24496461694428717237, 290.39050308586558912793, 290.53625474369647463391, 290.6822509765625, 290.82849135048797961645, 290.97494534804246768545, 291.12164348680397552016, 291.26858488977984507073, 291.41577130884547841561, 291.56317135153904018807, 291.71081553533264241196, 291.85867334271767958853, 292.00680580848779754888, 292.15512049600380350967, 292.30371072490009964895, 292.45251457742534739737, 292.60156257108491217878, 292.75082418830061214976, 292.90032994635964769259, 293.05004843515717993796, 293.20001195670619154043, 293.35021961906204523984, 293.50064090501155078528, 293.65127581447870852571, 293.80215486515402290024, 293.95327715526951806169, 294.10461396881635209866, 294.25616440613765689704, 294.407958984375, 294.55996718624129471209, 294.71221952902357088533, 294.86471601272194220655, 295.01739469179130992416, 295.17031842107405736897, 295.32348629156285824138, 295.47686778557357456521, 295.63046290292118101206, 295.78427164400682158885, 295.93832360717971141639, 296.09259011135520722746, 296.24710075637392492354, 296.40182502502159422875, 296.55676291707993641467, 296.71191443283998978586, 296.86730916253833356677, 297.0229184414245651169, 297.17874134353957060739, 297.3348083868263529439, 297.49105853605260563199, 297.64755282615965370496, 297.80425980513280137529, 297.96118134115164366449, 298.11834701794106194939, 298.27569580078125]
time=[0., 1.]
