last-generated=2015-05-08
statistics-simulation={'numerical Jacobians': '0', 'nonlinear': ' ', 'linear': ' '}
powerLinearized.y=[-0.25, -0.23999999441206579243, -0.23000000372528947579, -0.21999999813735424126, -0.20999999254942106064, -0.20000000372529169734, -0.18999999627470720576, -0.17999999999999999334, -0.16999999999999668154, -0.16000000000000000333, -0.15000000745057781582, -0.14000000000000001332, -0.12999999254943939153, -0.12000000372529529002, -0.1100000000000010969, -0.10000000745055839801, -0.09000000000000665801, -0.08000000372528695558, -0.07000000745055395823, -0.05999999627471414021, -0.05000000372528473624, -0.0399999925494316233, -0.02999999813735818033, -0.01999999627470358532, -0.0099999944120770512, 0., 0.01000000931320799147, 0.01999998882414910639, 0.02999999813735765297, 0.04000000745056503382, 0.04999998882415129797, 0.05999999627471414021, 0.07000000745056728091, 0.08000000372530030601, 0.09000000000000668576, 0.10000000372527917403, 0.10999998509889208353, 0.1199999925494371622, 0.13000000000000000444, 0.13999999999999557243, 0.1500000000000000222, 0.16000000745056724982, 0.1700000149011611783, 0.17999999999999999334, 0.19000000000000000222, 0.19999999999997780664, 0.20999998509886991238, 0.21999999999999997335, 0.23000001490108124003, 0.23999998509890985154, 0.25, 0.26010001680353966869, 0.27040000761037902288, 0.2809040086746223408, 0.29159996584901359817, 0.30250402271750259642, 0.31360000105858365504, 0.32490396897801587794, 0.33640002163364923771, 0.34810003757874702357, 0.35999998574284602926, 0.37209997818989043461, 0.38440000420578757101, 0.39690000420557441929, 0.40960000802041041101, 0.42250398516656745285, 0.43559997802732192129, 0.44890402524470113255, 0.46239997966769602611, 0.47610400946145470247, 0.49000002627363214991, 0.5041000552122006928, 0.51839997230622714142, 0.53289994796820572276, 0.54759995719946330528, 0.5625, 0.57760001680353967313, 0.59290398495211049656, 0.6084000319669602419, 0.62410403616425647044, 0.63999996666907632559, 0.65610399456016932351, 0.67240000946996503206, 0.68890399544237868046, 0.70560006738067859722, 0.72249998574284601816, 0.73959997818967726513, 0.7569000042057876243, 0.77440000420557442151, 0.7921000377936826542, 0.81000004539467151954, 0.82810402567384611139, 0.84639999186518899421, 0.86490402858232329208, 0.8836000010585657316, 0.90250396311285763229, 0.92160002541019803157, 0.94089997230580080245, 0.96039994796848993097, 0.98009995719960540939, 1.]
time=[0., 1.]
