last-generated=2026-08-26
statistics-initialization=
{
  "nonlinear": "11",
  "numerical Jacobians": "0"
}
statistics-simulation=
{
  "linear": " ",
  "nonlinear": "6, 1",
  "number of continuous time states": "10",
  "numerical Jacobians": "0"
}
time=[0e+00, 9e+02]
roo.yCFD[1]=[3.031395568847656e+02, 3.031395568847656e+02, 3.031395568847656e+02, 3.031395568847656e+02, 3.011699523925781e+02, 3.011699523925781e+02, 3.011699523925781e+02, 2.974144592285156e+02, 2.974144592285156e+02, 2.974144592285156e+02, 2.974144592285156e+02, 2.939756164550781e+02, 2.939756164550781e+02, 2.939756164550781e+02, 2.907899780273438e+02, 2.907899780273438e+02, 2.907899780273438e+02, 2.879020690917969e+02, 2.879020690917969e+02, 2.879020690917969e+02, 2.879020690917969e+02, 2.853035583496094e+02, 2.853035583496094e+02, 2.853035583496094e+02, 2.829540405273438e+02, 2.829540405273438e+02, 2.829540405273438e+02, 2.808185424804688e+02, 2.808185424804688e+02, 2.808185424804688e+02, 2.808185424804688e+02, 2.788761291503906e+02, 2.788761291503906e+02, 2.788761291503906e+02, 2.771094970703125e+02, 2.771094970703125e+02, 2.771094970703125e+02, 2.755032958984375e+02, 2.755032958984375e+02, 2.755032958984375e+02, 2.755032958984375e+02, 2.740431518554688e+02, 2.740431518554688e+02, 2.740431518554688e+02, 2.727153625488281e+02, 2.727153625488281e+02, 2.727153625488281e+02, 2.715073547363281e+02, 2.715073547363281e+02, 2.715073547363281e+02, 2.715073547363281e+02, 2.704077758789062e+02, 2.704077758789062e+02, 2.704077758789062e+02, 2.694065551757812e+02, 2.694065551757812e+02, 2.694065551757812e+02, 2.684946899414062e+02, 2.684946899414062e+02, 2.684946899414062e+02, 2.684946899414062e+02, 2.676646118164062e+02, 2.676646118164062e+02, 2.676646118164062e+02, 2.669134521484375e+02, 2.669134521484375e+02, 2.669134521484375e+02, 2.662356872558594e+02, 2.662356872558594e+02, 2.662356872558594e+02, 2.662356872558594e+02, 2.656189270019531e+02, 2.656189270019531e+02, 2.656189270019531e+02, 2.650586242675781e+02, 2.650586242675781e+02, 2.650586242675781e+02, 2.645470275878906e+02, 2.645470275878906e+02, 2.645470275878906e+02, 2.645470275878906e+02, 2.640802307128906e+02, 2.640802307128906e+02, 2.640802307128906e+02, 2.63656494140625e+02, 2.63656494140625e+02, 2.63656494140625e+02, 2.632729797363281e+02, 2.632729797363281e+02, 2.632729797363281e+02, 2.632729797363281e+02, 2.629244689941406e+02, 2.629244689941406e+02, 2.629244689941406e+02, 2.626080017089844e+02, 2.626080017089844e+02, 2.626080017089844e+02, 2.623209838867188e+02, 2.623209838867188e+02, 2.623209838867188e+02, 2.623209838867188e+02]
roo.yCFD[2]=[5.131935235112906e-03, 5.131935235112906e-03, 5.131935235112906e-03, 5.131935235112906e-03, 5.648637656122446e-03, 5.648637656122446e-03, 5.648637656122446e-03, 4.517199471592903e-02, 4.517199471592903e-02, 4.517199471592903e-02, 4.517199471592903e-02, 2.843684516847134e-02, 2.843684516847134e-02, 2.843684516847134e-02, 2.979157492518425e-02, 2.979157492518425e-02, 2.979157492518425e-02, 2.591621316969395e-02, 2.591621316969395e-02, 2.591621316969395e-02, 2.591621316969395e-02, 2.459054999053478e-02, 2.459054999053478e-02, 2.459054999053478e-02, 2.353869751095772e-02, 2.353869751095772e-02, 2.353869751095772e-02, 2.274803631007671e-02, 2.274803631007671e-02, 2.274803631007671e-02, 2.274803631007671e-02, 2.20792256295681e-02, 2.20792256295681e-02, 2.20792256295681e-02, 2.151015214622021e-02, 2.151015214622021e-02, 2.151015214622021e-02, 2.104410529136658e-02, 2.104410529136658e-02, 2.104410529136658e-02, 2.104410529136658e-02, 2.065118588507175e-02, 2.065118588507175e-02, 2.065118588507175e-02, 2.02935803681612e-02, 2.02935803681612e-02, 2.02935803681612e-02, 1.991340890526772e-02, 1.991340890526772e-02, 1.991340890526772e-02, 1.991340890526772e-02, 1.94984283298254e-02, 1.94984283298254e-02, 1.94984283298254e-02, 1.904387958347797e-02, 1.904387958347797e-02, 1.904387958347797e-02, 1.851559244096279e-02, 1.851559244096279e-02, 1.851559244096279e-02, 1.851559244096279e-02, 1.790628209710121e-02, 1.790628209710121e-02, 1.790628209710121e-02, 1.775036565959454e-02, 1.775036565959454e-02, 1.775036565959454e-02, 1.816171407699585e-02, 1.816171407699585e-02, 1.816171407699585e-02, 1.816171407699585e-02, 1.814232021570206e-02, 1.814232021570206e-02, 1.814232021570206e-02, 1.7642542719841e-02, 1.7642542719841e-02, 1.7642542719841e-02, 1.724635437130928e-02, 1.724635437130928e-02, 1.724635437130928e-02, 1.724635437130928e-02, 1.719182543456554e-02, 1.719182543456554e-02, 1.719182543456554e-02, 1.66538804769516e-02, 1.66538804769516e-02, 1.66538804769516e-02, 1.635879091918468e-02, 1.635879091918468e-02, 1.635879091918468e-02, 1.635879091918468e-02, 1.472253259271383e-02, 1.472253259271383e-02, 1.472253259271383e-02, 1.288699451833963e-02, 1.288699451833963e-02, 1.288699451833963e-02, 1.311441976577044e-02, 1.311441976577044e-02, 1.311441976577044e-02, 1.311441976577044e-02]
roo.air.conExt[1].Q_flow=[2.064009284973145e+01, 2.064009284973145e+01, 2.064009284973145e+01, 2.064009284973145e+01, 1.952711486816406e+01, 1.952711486816406e+01, 1.952711486816406e+01, 1.846933174133301e+01, 1.846933174133301e+01, 1.846933174133301e+01, 1.846933174133301e+01, 1.683575439453125e+01, 1.683575439453125e+01, 1.683575439453125e+01, 1.53133373260498e+01, 1.53133373260498e+01, 1.53133373260498e+01, 1.390325260162354e+01, 1.390325260162354e+01, 1.390325260162354e+01, 1.390325260162354e+01, 1.263024997711182e+01, 1.263024997711182e+01, 1.263024997711182e+01, 1.147743320465088e+01, 1.147743320465088e+01, 1.147743320465088e+01, 1.042963600158691e+01, 1.042963600158691e+01, 1.042963600158691e+01, 1.042963600158691e+01, 9.476635932922363e+00, 9.476635932922363e+00, 9.476635932922363e+00, 8.610087394714355e+00, 8.610087394714355e+00, 8.610087394714355e+00, 7.82231330871582e+00, 7.82231330871582e+00, 7.82231330871582e+00, 7.82231330871582e+00, 7.106146335601807e+00, 7.106146335601807e+00, 7.106146335601807e+00, 6.455052852630615e+00, 6.455052852630615e+00, 6.455052852630615e+00, 5.86277437210083e+00, 5.86277437210083e+00, 5.86277437210083e+00, 5.86277437210083e+00, 5.323714733123779e+00, 5.323714733123779e+00, 5.323714733123779e+00, 4.833133697509766e+00, 4.833133697509766e+00, 4.833133697509766e+00, 4.386513233184814e+00, 4.386513233184814e+00, 4.386513233184814e+00, 4.386513233184814e+00, 3.979923486709595e+00, 3.979923486709595e+00, 3.979923486709595e+00, 3.61154580116272e+00, 3.61154580116272e+00, 3.61154580116272e+00, 3.278777599334717e+00, 3.278777599334717e+00, 3.278777599334717e+00, 3.278777599334717e+00, 2.975488901138306e+00, 2.975488901138306e+00, 2.975488901138306e+00, 2.701170682907104e+00, 2.701170682907104e+00, 2.701170682907104e+00, 2.449980735778809e+00, 2.449980735778809e+00, 2.449980735778809e+00, 2.449980735778809e+00, 2.222079038619995e+00, 2.222079038619995e+00, 2.222079038619995e+00, 2.015639781951904e+00, 2.015639781951904e+00, 2.015639781951904e+00, 1.827116250991821e+00, 1.827116250991821e+00, 1.827116250991821e+00, 1.827116250991821e+00, 1.657082319259644e+00, 1.657082319259644e+00, 1.657082319259644e+00, 1.501966834068298e+00, 1.501966834068298e+00, 1.501966834068298e+00, 1.361985087394714e+00, 1.361985087394714e+00, 1.361985087394714e+00, 1.361985087394714e+00]
roo.air.conExt[2].Q_flow=[2.064009284973145e+01, 2.064009284973145e+01, 2.064009284973145e+01, 2.064009284973145e+01, 1.952711296081543e+01, 1.952711296081543e+01, 1.952711296081543e+01, 1.846931838989258e+01, 1.846931838989258e+01, 1.846931838989258e+01, 1.846931838989258e+01, 1.683575248718262e+01, 1.683575248718262e+01, 1.683575248718262e+01, 1.531333541870117e+01, 1.531333541870117e+01, 1.531333541870117e+01, 1.390322017669678e+01, 1.390322017669678e+01, 1.390322017669678e+01, 1.390322017669678e+01, 1.263025665283203e+01, 1.263025665283203e+01, 1.263025665283203e+01, 1.147743320465088e+01, 1.147743320465088e+01, 1.147743320465088e+01, 1.04296407699585e+01, 1.04296407699585e+01, 1.04296407699585e+01, 1.04296407699585e+01, 9.476646423339844e+00, 9.476646423339844e+00, 9.476646423339844e+00, 8.610100746154785e+00, 8.610100746154785e+00, 8.610100746154785e+00, 7.822320461273193e+00, 7.822320461273193e+00, 7.822320461273193e+00, 7.822320461273193e+00, 7.10614013671875e+00, 7.10614013671875e+00, 7.10614013671875e+00, 6.455052852630615e+00, 6.455052852630615e+00, 6.455052852630615e+00, 5.86278772354126e+00, 5.86278772354126e+00, 5.86278772354126e+00, 5.86278772354126e+00, 5.323747158050537e+00, 5.323747158050537e+00, 5.323747158050537e+00, 4.833168029785156e+00, 4.833168029785156e+00, 4.833168029785156e+00, 4.38647985458374e+00, 4.38647985458374e+00, 4.38647985458374e+00, 4.38647985458374e+00, 3.97962212562561e+00, 3.97962212562561e+00, 3.97962212562561e+00, 3.611084222793579e+00, 3.611084222793579e+00, 3.611084222793579e+00, 3.278765439987183e+00, 3.278765439987183e+00, 3.278765439987183e+00, 3.278765439987183e+00, 2.976307153701782e+00, 2.976307153701782e+00, 2.976307153701782e+00, 2.701210737228394e+00, 2.701210737228394e+00, 2.701210737228394e+00, 2.450708627700806e+00, 2.450708627700806e+00, 2.450708627700806e+00, 2.450708627700806e+00, 2.22301197052002e+00, 2.22301197052002e+00, 2.22301197052002e+00, 2.015854120254517e+00, 2.015854120254517e+00, 2.015854120254517e+00, 1.82813036441803e+00, 1.82813036441803e+00, 1.82813036441803e+00, 1.82813036441803e+00, 1.65730094909668e+00, 1.65730094909668e+00, 1.65730094909668e+00, 1.502593278884888e+00, 1.502593278884888e+00, 1.502593278884888e+00, 1.362684845924377e+00, 1.362684845924377e+00, 1.362684845924377e+00, 1.362684845924377e+00]
roo.air.conExt[3].Q_flow=[2.064009284973145e+01, 2.064009284973145e+01, 2.064009284973145e+01, 2.064009284973145e+01, 1.952711296081543e+01, 1.952711296081543e+01, 1.952711296081543e+01, 1.846931838989258e+01, 1.846931838989258e+01, 1.846931838989258e+01, 1.846931838989258e+01, 1.683575248718262e+01, 1.683575248718262e+01, 1.683575248718262e+01, 1.531333541870117e+01, 1.531333541870117e+01, 1.531333541870117e+01, 1.390322113037109e+01, 1.390322113037109e+01, 1.390322113037109e+01, 1.390322113037109e+01, 1.263025569915771e+01, 1.263025569915771e+01, 1.263025569915771e+01, 1.147743320465088e+01, 1.147743320465088e+01, 1.147743320465088e+01, 1.04296407699585e+01, 1.04296407699585e+01, 1.04296407699585e+01, 1.04296407699585e+01, 9.476645469665527e+00, 9.476645469665527e+00, 9.476645469665527e+00, 8.610099792480469e+00, 8.610099792480469e+00, 8.610099792480469e+00, 7.822320938110352e+00, 7.822320938110352e+00, 7.822320938110352e+00, 7.822320938110352e+00, 7.106141090393066e+00, 7.106141090393066e+00, 7.106141090393066e+00, 6.455052375793457e+00, 6.455052375793457e+00, 6.455052375793457e+00, 5.862786769866943e+00, 5.862786769866943e+00, 5.862786769866943e+00, 5.862786769866943e+00, 5.323744773864746e+00, 5.323744773864746e+00, 5.323744773864746e+00, 4.833166599273682e+00, 4.833166599273682e+00, 4.833166599273682e+00, 4.386476039886475e+00, 4.386476039886475e+00, 4.386476039886475e+00, 4.386476039886475e+00, 3.979608774185181e+00, 3.979608774185181e+00, 3.979608774185181e+00, 3.611040115356445e+00, 3.611040115356445e+00, 3.611040115356445e+00, 3.278651714324951e+00, 3.278651714324951e+00, 3.278651714324951e+00, 3.278651714324951e+00, 2.977073669433594e+00, 2.977073669433594e+00, 2.977073669433594e+00, 2.70120906829834e+00, 2.70120906829834e+00, 2.70120906829834e+00, 2.450949907302856e+00, 2.450949907302856e+00, 2.450949907302856e+00, 2.450949907302856e+00, 2.223040342330933e+00, 2.223040342330933e+00, 2.223040342330933e+00, 2.015311241149902e+00, 2.015311241149902e+00, 2.015311241149902e+00, 1.828041195869446e+00, 1.828041195869446e+00, 1.828041195869446e+00, 1.828041195869446e+00, 1.657092809677124e+00, 1.657092809677124e+00, 1.657092809677124e+00, 1.502331495285034e+00, 1.502331495285034e+00, 1.502331495285034e+00, 1.362421870231628e+00, 1.362421870231628e+00, 1.362421870231628e+00, 1.362421870231628e+00]
roo.air.conExt[4].Q_flow=[2.064009284973145e+01, 2.064009284973145e+01, 2.064009284973145e+01, 2.064009284973145e+01, 1.952711486816406e+01, 1.952711486816406e+01, 1.952711486816406e+01, 1.846933174133301e+01, 1.846933174133301e+01, 1.846933174133301e+01, 1.846933174133301e+01, 1.683575439453125e+01, 1.683575439453125e+01, 1.683575439453125e+01, 1.53133373260498e+01, 1.53133373260498e+01, 1.53133373260498e+01, 1.39032506942749e+01, 1.39032506942749e+01, 1.39032506942749e+01, 1.39032506942749e+01, 1.263024997711182e+01, 1.263024997711182e+01, 1.263024997711182e+01, 1.14774341583252e+01, 1.14774341583252e+01, 1.14774341583252e+01, 1.042963695526123e+01, 1.042963695526123e+01, 1.042963695526123e+01, 1.042963695526123e+01, 9.47663688659668e+00, 9.47663688659668e+00, 9.47663688659668e+00, 8.610088348388672e+00, 8.610088348388672e+00, 8.610088348388672e+00, 7.822314262390137e+00, 7.822314262390137e+00, 7.822314262390137e+00, 7.822314262390137e+00, 7.106146812438965e+00, 7.106146812438965e+00, 7.106146812438965e+00, 6.45505428314209e+00, 6.45505428314209e+00, 6.45505428314209e+00, 5.862777709960938e+00, 5.862777709960938e+00, 5.862777709960938e+00, 5.862777709960938e+00, 5.323718070983887e+00, 5.323718070983887e+00, 5.323718070983887e+00, 4.833137035369873e+00, 4.833137035369873e+00, 4.833137035369873e+00, 4.386513710021973e+00, 4.386513710021973e+00, 4.386513710021973e+00, 4.386513710021973e+00, 3.979910373687744e+00, 3.979910373687744e+00, 3.979910373687744e+00, 3.61149787902832e+00, 3.61149787902832e+00, 3.61149787902832e+00, 3.278700828552246e+00, 3.278700828552246e+00, 3.278700828552246e+00, 3.278700828552246e+00, 2.97627067565918e+00, 2.97627067565918e+00, 2.97627067565918e+00, 2.701034545898438e+00, 2.701034545898438e+00, 2.701034545898438e+00, 2.450624227523804e+00, 2.450624227523804e+00, 2.450624227523804e+00, 2.450624227523804e+00, 2.221771717071533e+00, 2.221771717071533e+00, 2.221771717071533e+00, 2.015011548995972e+00, 2.015011548995972e+00, 2.015011548995972e+00, 1.827121376991272e+00, 1.827121376991272e+00, 1.827121376991272e+00, 1.827121376991272e+00, 1.656745314598083e+00, 1.656745314598083e+00, 1.656745314598083e+00, 1.502204895019531e+00, 1.502204895019531e+00, 1.502204895019531e+00, 1.361934065818787e+00, 1.361934065818787e+00, 1.361934065818787e+00, 1.361934065818787e+00]
roo.air.conExt[5].Q_flow=[2.016131019592285e+01, 2.016131019592285e+01, 2.016131019592285e+01, 2.016131019592285e+01, 1.863583946228027e+01, 1.863583946228027e+01, 1.863583946228027e+01, 1.714446067810059e+01, 1.714446067810059e+01, 1.714446067810059e+01, 1.714446067810059e+01, 1.530654430389404e+01, 1.530654430389404e+01, 1.530654430389404e+01, 1.358474826812744e+01, 1.358474826812744e+01, 1.358474826812744e+01, 1.208120727539062e+01, 1.208120727539062e+01, 1.208120727539062e+01, 1.208120727539062e+01, 1.083254814147949e+01, 1.083254814147949e+01, 1.083254814147949e+01, 9.740062713623047e+00, 9.740062713623047e+00, 9.740062713623047e+00, 8.763219833374023e+00, 8.763219833374023e+00, 8.763219833374023e+00, 8.763219833374023e+00, 7.883822441101074e+00, 7.883822441101074e+00, 7.883822441101074e+00, 7.091729164123535e+00, 7.091729164123535e+00, 7.091729164123535e+00, 6.378197193145752e+00, 6.378197193145752e+00, 6.378197193145752e+00, 6.378197193145752e+00, 5.734556198120117e+00, 5.734556198120117e+00, 5.734556198120117e+00, 5.152390956878662e+00, 5.152390956878662e+00, 5.152390956878662e+00, 4.624214649200439e+00, 4.624214649200439e+00, 4.624214649200439e+00, 4.624214649200439e+00, 4.144253253936768e+00, 4.144253253936768e+00, 4.144253253936768e+00, 3.708181858062744e+00, 3.708181858062744e+00, 3.708181858062744e+00, 3.312208652496338e+00, 3.312208652496338e+00, 3.312208652496338e+00, 3.312208652496338e+00, 2.955397129058838e+00, 2.955397129058838e+00, 2.955397129058838e+00, 2.643833160400391e+00, 2.643833160400391e+00, 2.643833160400391e+00, 2.369741678237915e+00, 2.369741678237915e+00, 2.369741678237915e+00, 2.369741678237915e+00, 2.119208335876465e+00, 2.119208335876465e+00, 2.119208335876465e+00, 1.891410708427429e+00, 1.891410708427429e+00, 1.891410708427429e+00, 1.678575992584229e+00, 1.678575992584229e+00, 1.678575992584229e+00, 1.678575992584229e+00, 1.487162470817566e+00, 1.487162470817566e+00, 1.487162470817566e+00, 1.314738512039185e+00, 1.314738512039185e+00, 1.314738512039185e+00, 1.157564759254456e+00, 1.157564759254456e+00, 1.157564759254456e+00, 1.157564759254456e+00, 1.013420343399048e+00, 1.013420343399048e+00, 1.013420343399048e+00, 8.814582228660583e-01, 8.814582228660583e-01, 8.814582228660583e-01, 7.602568864822388e-01, 7.602568864822388e-01, 7.602568864822388e-01, 7.602568864822388e-01]
roo.air.conExt[6].Q_flow=[2.112495994567871e+01, 2.112495994567871e+01, 2.112495994567871e+01, 2.112495994567871e+01, 2.028472328186035e+01, 2.028472328186035e+01, 2.028472328186035e+01, 1.946075820922852e+01, 1.946075820922852e+01, 1.946075820922852e+01, 1.946075820922852e+01, 1.78624439239502e+01, 1.78624439239502e+01, 1.78624439239502e+01, 1.636478805541992e+01, 1.636478805541992e+01, 1.636478805541992e+01, 1.494962692260742e+01, 1.494962692260742e+01, 1.494962692260742e+01, 1.494962692260742e+01, 1.365819072723389e+01, 1.365819072723389e+01, 1.365819072723389e+01, 1.247787380218506e+01, 1.247787380218506e+01, 1.247787380218506e+01, 1.14005126953125e+01, 1.14005126953125e+01, 1.14005126953125e+01, 1.14005126953125e+01, 1.041783142089844e+01, 1.041783142089844e+01, 1.041783142089844e+01, 9.522256851196289e+00, 9.522256851196289e+00, 9.522256851196289e+00, 8.706303596496582e+00, 8.706303596496582e+00, 8.706303596496582e+00, 8.706303596496582e+00, 7.963027954101562e+00, 7.963027954101562e+00, 7.963027954101562e+00, 7.286318302154541e+00, 7.286318302154541e+00, 7.286318302154541e+00, 6.670105934143066e+00, 6.670105934143066e+00, 6.670105934143066e+00, 6.670105934143066e+00, 6.108845233917236e+00, 6.108845233917236e+00, 6.108845233917236e+00, 5.597753524780273e+00, 5.597753524780273e+00, 5.597753524780273e+00, 5.132139682769775e+00, 5.132139682769775e+00, 5.132139682769775e+00, 5.132139682769775e+00, 4.707804203033447e+00, 4.707804203033447e+00, 4.707804203033447e+00, 4.321224212646484e+00, 4.321224212646484e+00, 4.321224212646484e+00, 3.968906164169312e+00, 3.968906164169312e+00, 3.968906164169312e+00, 3.968906164169312e+00, 3.648175954818726e+00, 3.648175954818726e+00, 3.648175954818726e+00, 3.357157707214355e+00, 3.357157707214355e+00, 3.357157707214355e+00, 3.092573404312134e+00, 3.092573404312134e+00, 3.092573404312134e+00, 3.092573404312134e+00, 2.851622819900513e+00, 2.851622819900513e+00, 2.851622819900513e+00, 2.632577896118164e+00, 2.632577896118164e+00, 2.632577896118164e+00, 2.433367967605591e+00, 2.433367967605591e+00, 2.433367967605591e+00, 2.433367967605591e+00, 2.2517991065979e+00, 2.2517991065979e+00, 2.2517991065979e+00, 2.087511777877808e+00, 2.087511777877808e+00, 2.087511777877808e+00, 1.938502907752991e+00, 1.938502907752991e+00, 1.938502907752991e+00, 1.938502907752991e+00]
roo.air.conExt[1].T=[2.581513366699219e+02, 2.581505126953125e+02, 2.581496887207031e+02, 2.581488647460938e+02, 2.582232666015625e+02, 2.582224426269531e+02, 2.582216186523438e+02, 2.582926025390625e+02, 2.582918090820312e+02, 2.582909851074219e+02, 2.582901916503906e+02, 2.58400146484375e+02, 2.583993225097656e+02, 2.583985290527344e+02, 2.585012512207031e+02, 2.585004272460938e+02, 2.584996337890625e+02, 2.585947570800781e+02, 2.585939636230469e+02, 2.585931701660156e+02, 2.585924072265625e+02, 2.586781005859375e+02, 2.586773071289062e+02, 2.586765441894531e+02, 2.58754150390625e+02, 2.587533874511719e+02, 2.587526245117188e+02, 2.588231811523438e+02, 2.588224182128906e+02, 2.588216552734375e+02, 2.588208923339844e+02, 2.588851013183594e+02, 2.588843688964844e+02, 2.588836059570312e+02, 2.589420166015625e+02, 2.589412536621094e+02, 2.589405212402344e+02, 2.589936218261719e+02, 2.589928894042969e+02, 2.589921569824219e+02, 2.589914245605469e+02, 2.590396728515625e+02, 2.590389404296875e+02, 2.590382385253906e+02, 2.590820922851562e+02, 2.590813903808594e+02, 2.590806579589844e+02, 2.591205444335938e+02, 2.591198425292969e+02, 2.59119140625e+02, 2.591184387207031e+02, 2.591547241210938e+02, 2.591540222167969e+02, 2.591533203125e+02, 2.591863403320312e+02, 2.591856384277344e+02, 2.591849670410156e+02, 2.592149963378906e+02, 2.592142944335938e+02, 2.59213623046875e+02, 2.592129516601562e+02, 2.592402648925781e+02, 2.592395935058594e+02, 2.592389221191406e+02, 2.592635803222656e+02, 2.592629089355469e+02, 2.592622680664062e+02, 2.592844848632812e+02, 2.592838439941406e+02, 2.59283203125e+02, 2.592825622558594e+02, 2.593027648925781e+02, 2.593021240234375e+02, 2.593014831542969e+02, 2.593197631835938e+02, 2.593191528320312e+02, 2.593185119628906e+02, 2.59335205078125e+02, 2.593345947265625e+02, 2.593339538574219e+02, 2.593333435058594e+02, 2.593484497070312e+02, 2.593478698730469e+02, 2.593472595214844e+02, 2.593609008789062e+02, 2.593603210449219e+02, 2.593597106933594e+02, 2.593721313476562e+02, 2.593715515136719e+02, 2.593709716796875e+02, 2.593703918457031e+02, 2.593815612792969e+02, 2.593809814453125e+02, 2.593804321289062e+02, 2.593905639648438e+02, 2.593900146484375e+02, 2.593894653320312e+02, 2.593985900878906e+02, 2.593980407714844e+02, 2.593974914550781e+02, 2.593969421386719e+02]
roo.air.conExt[2].T=[2.581513366699219e+02, 2.581505126953125e+02, 2.581496887207031e+02, 2.581488647460938e+02, 2.582232666015625e+02, 2.582224426269531e+02, 2.582216186523438e+02, 2.582926025390625e+02, 2.582918090820312e+02, 2.582909851074219e+02, 2.582901916503906e+02, 2.58400146484375e+02, 2.583993225097656e+02, 2.583985290527344e+02, 2.585012512207031e+02, 2.585004272460938e+02, 2.584996337890625e+02, 2.585947570800781e+02, 2.585939636230469e+02, 2.585931701660156e+02, 2.585924072265625e+02, 2.586781005859375e+02, 2.586773071289062e+02, 2.586765441894531e+02, 2.58754150390625e+02, 2.587533874511719e+02, 2.587526245117188e+02, 2.588231811523438e+02, 2.588224182128906e+02, 2.588216552734375e+02, 2.588208923339844e+02, 2.588851013183594e+02, 2.588843688964844e+02, 2.588836059570312e+02, 2.589420166015625e+02, 2.589412536621094e+02, 2.589405212402344e+02, 2.589936218261719e+02, 2.589928894042969e+02, 2.589921569824219e+02, 2.589913940429688e+02, 2.590396728515625e+02, 2.590389404296875e+02, 2.590382385253906e+02, 2.590820922851562e+02, 2.590813903808594e+02, 2.590806579589844e+02, 2.591205444335938e+02, 2.591198425292969e+02, 2.59119140625e+02, 2.591184387207031e+02, 2.591547241210938e+02, 2.591540222167969e+02, 2.591533203125e+02, 2.591863403320312e+02, 2.591856384277344e+02, 2.591849670410156e+02, 2.592149963378906e+02, 2.592142944335938e+02, 2.59213623046875e+02, 2.592129516601562e+02, 2.592402648925781e+02, 2.592395935058594e+02, 2.592389221191406e+02, 2.592636108398438e+02, 2.59262939453125e+02, 2.592622985839844e+02, 2.592844848632812e+02, 2.592838439941406e+02, 2.59283203125e+02, 2.592825622558594e+02, 2.59302734375e+02, 2.593020935058594e+02, 2.593014526367188e+02, 2.593197631835938e+02, 2.593191223144531e+02, 2.593185119628906e+02, 2.593351745605469e+02, 2.593345336914062e+02, 2.593339233398438e+02, 2.593333129882812e+02, 2.593484191894531e+02, 2.593478088378906e+02, 2.593471984863281e+02, 2.593609008789062e+02, 2.593602905273438e+02, 2.593597106933594e+02, 2.593720703125e+02, 2.593714904785156e+02, 2.593709106445312e+02, 2.593703308105469e+02, 2.593815612792969e+02, 2.593809814453125e+02, 2.593804016113281e+02, 2.593905334472656e+02, 2.593899841308594e+02, 2.593894348144531e+02, 2.593985595703125e+02, 2.593980102539062e+02, 2.593974609375e+02, 2.593969116210938e+02]
roo.air.conExt[3].T=[2.581513366699219e+02, 2.581505126953125e+02, 2.581496887207031e+02, 2.581488647460938e+02, 2.582232666015625e+02, 2.582224426269531e+02, 2.582216186523438e+02, 2.582926025390625e+02, 2.582918090820312e+02, 2.582909851074219e+02, 2.582901916503906e+02, 2.58400146484375e+02, 2.583993225097656e+02, 2.583985290527344e+02, 2.585012512207031e+02, 2.585004272460938e+02, 2.584996337890625e+02, 2.585947570800781e+02, 2.585939636230469e+02, 2.585931701660156e+02, 2.585924072265625e+02, 2.586781005859375e+02, 2.586773071289062e+02, 2.586765441894531e+02, 2.58754150390625e+02, 2.587533874511719e+02, 2.587526245117188e+02, 2.588231811523438e+02, 2.588224182128906e+02, 2.588216552734375e+02, 2.588208923339844e+02, 2.588851013183594e+02, 2.588843688964844e+02, 2.588836059570312e+02, 2.589420166015625e+02, 2.589412536621094e+02, 2.589405212402344e+02, 2.589936218261719e+02, 2.589928894042969e+02, 2.589921569824219e+02, 2.589913940429688e+02, 2.590396728515625e+02, 2.590389404296875e+02, 2.590382385253906e+02, 2.590820922851562e+02, 2.590813903808594e+02, 2.590806579589844e+02, 2.591205444335938e+02, 2.591198425292969e+02, 2.59119140625e+02, 2.591184387207031e+02, 2.591547241210938e+02, 2.591540222167969e+02, 2.591533203125e+02, 2.591863403320312e+02, 2.591856384277344e+02, 2.591849670410156e+02, 2.592149963378906e+02, 2.592143249511719e+02, 2.59213623046875e+02, 2.592129516601562e+02, 2.592402648925781e+02, 2.592395935058594e+02, 2.592389221191406e+02, 2.592636108398438e+02, 2.59262939453125e+02, 2.592622985839844e+02, 2.592844848632812e+02, 2.592838439941406e+02, 2.59283203125e+02, 2.592825622558594e+02, 2.593026733398438e+02, 2.593020629882812e+02, 2.593014221191406e+02, 2.593197631835938e+02, 2.593191223144531e+02, 2.593185119628906e+02, 2.593351440429688e+02, 2.593345336914062e+02, 2.593339233398438e+02, 2.593333129882812e+02, 2.593484191894531e+02, 2.593478088378906e+02, 2.593471984863281e+02, 2.593609313964844e+02, 2.593603210449219e+02, 2.593597412109375e+02, 2.593720703125e+02, 2.593714904785156e+02, 2.593709106445312e+02, 2.593703308105469e+02, 2.593815612792969e+02, 2.593809814453125e+02, 2.593804321289062e+02, 2.593905639648438e+02, 2.593899841308594e+02, 2.593894348144531e+02, 2.593985595703125e+02, 2.593980102539062e+02, 2.593974609375e+02, 2.593969116210938e+02]
roo.air.conExt[4].T=[2.581513366699219e+02, 2.581505126953125e+02, 2.581496887207031e+02, 2.581488647460938e+02, 2.582232666015625e+02, 2.582224426269531e+02, 2.582216186523438e+02, 2.582926025390625e+02, 2.582918090820312e+02, 2.582909851074219e+02, 2.582901916503906e+02, 2.58400146484375e+02, 2.583993225097656e+02, 2.583985290527344e+02, 2.585012512207031e+02, 2.585004272460938e+02, 2.584996337890625e+02, 2.585947570800781e+02, 2.585939636230469e+02, 2.585931701660156e+02, 2.585924072265625e+02, 2.586781005859375e+02, 2.586773071289062e+02, 2.586765441894531e+02, 2.58754150390625e+02, 2.587533874511719e+02, 2.587526245117188e+02, 2.588231811523438e+02, 2.588224182128906e+02, 2.588216552734375e+02, 2.588208923339844e+02, 2.588851013183594e+02, 2.588843688964844e+02, 2.588836059570312e+02, 2.589420166015625e+02, 2.589412536621094e+02, 2.589405212402344e+02, 2.589936218261719e+02, 2.589928894042969e+02, 2.589921569824219e+02, 2.589914245605469e+02, 2.590396728515625e+02, 2.590389404296875e+02, 2.590382385253906e+02, 2.590820922851562e+02, 2.590813903808594e+02, 2.590806579589844e+02, 2.591205444335938e+02, 2.591198425292969e+02, 2.59119140625e+02, 2.591184387207031e+02, 2.591547241210938e+02, 2.591540222167969e+02, 2.591533203125e+02, 2.591863403320312e+02, 2.591856384277344e+02, 2.591849670410156e+02, 2.592149963378906e+02, 2.592142944335938e+02, 2.59213623046875e+02, 2.592129516601562e+02, 2.592402648925781e+02, 2.592395935058594e+02, 2.592389221191406e+02, 2.592635803222656e+02, 2.59262939453125e+02, 2.592622680664062e+02, 2.592844848632812e+02, 2.592838439941406e+02, 2.59283203125e+02, 2.592825622558594e+02, 2.59302734375e+02, 2.593020935058594e+02, 2.593014526367188e+02, 2.593197631835938e+02, 2.593191528320312e+02, 2.593185119628906e+02, 2.593351745605469e+02, 2.593345336914062e+02, 2.593339233398438e+02, 2.593333129882812e+02, 2.593484802246094e+02, 2.593478698730469e+02, 2.593472595214844e+02, 2.593609313964844e+02, 2.593603515625e+02, 2.593597412109375e+02, 2.593721313476562e+02, 2.593715515136719e+02, 2.593709716796875e+02, 2.593703918457031e+02, 2.59381591796875e+02, 2.593810119628906e+02, 2.593804321289062e+02, 2.593905639648438e+02, 2.593900146484375e+02, 2.593894348144531e+02, 2.593985900878906e+02, 2.593980407714844e+02, 2.593974914550781e+02, 2.593969421386719e+02]
roo.air.conExt[5].T=[2.591897277832031e+02, 2.591890563964844e+02, 2.591883850097656e+02, 2.591877136230469e+02, 2.592818603515625e+02, 2.592811889648438e+02, 2.59280517578125e+02, 2.593724365234375e+02, 2.593717651367188e+02, 2.5937109375e+02, 2.593704223632812e+02, 2.594897766113281e+02, 2.594891052246094e+02, 2.594884338378906e+02, 2.596005249023438e+02, 2.59599853515625e+02, 2.595992126464844e+02, 2.596986083984375e+02, 2.596979370117188e+02, 2.596972961425781e+02, 2.596966552734375e+02, 2.597809143066406e+02, 2.597802734375e+02, 2.597796020507812e+02, 2.598540954589844e+02, 2.598534545898438e+02, 2.598528137207031e+02, 2.599197998046875e+02, 2.599191589355469e+02, 2.599185180664062e+02, 2.599178771972656e+02, 2.599784240722656e+02, 2.599778137207031e+02, 2.599771728515625e+02, 2.600319213867188e+02, 2.600313110351562e+02, 2.600306701660156e+02, 2.600801696777344e+02, 2.600795593261719e+02, 2.600789489746094e+02, 2.600783386230469e+02, 2.601231079101562e+02, 2.601224975585938e+02, 2.601218872070312e+02, 2.601624755859375e+02, 2.60161865234375e+02, 2.601612854003906e+02, 2.601981506347656e+02, 2.601975402832031e+02, 2.601969604492188e+02, 2.601963500976562e+02, 2.602298889160156e+02, 2.602293090820312e+02, 2.602287292480469e+02, 2.602592163085938e+02, 2.602586364746094e+02, 2.60258056640625e+02, 2.602857360839844e+02, 2.602851867675781e+02, 2.602846069335938e+02, 2.602840270996094e+02, 2.603090515136719e+02, 2.603084716796875e+02, 2.603079223632812e+02, 2.603299255371094e+02, 2.603293762207031e+02, 2.603288269042969e+02, 2.603482971191406e+02, 2.603477478027344e+02, 2.603471984863281e+02, 2.603466491699219e+02, 2.603644104003906e+02, 2.603638610839844e+02, 2.603633117675781e+02, 2.603794555664062e+02, 2.6037890625e+02, 2.603783874511719e+02, 2.603933410644531e+02, 2.603927917480469e+02, 2.603922729492188e+02, 2.603917541503906e+02, 2.604052124023438e+02, 2.604046936035156e+02, 2.604041748046875e+02, 2.604162902832031e+02, 2.60415771484375e+02, 2.60415283203125e+02, 2.6042626953125e+02, 2.6042578125e+02, 2.604252624511719e+02, 2.604247741699219e+02, 2.60434814453125e+02, 2.60434326171875e+02, 2.60433837890625e+02, 2.604429931640625e+02, 2.604425048828125e+02, 2.604420166015625e+02, 2.604503479003906e+02, 2.604498901367188e+02, 2.604494018554688e+02, 2.604489440917969e+02]
roo.air.conExt[6].T=[2.570300598144531e+02, 2.570290832519531e+02, 2.570281066894531e+02, 2.570271301269531e+02, 2.570912780761719e+02, 2.5709033203125e+02, 2.5708935546875e+02, 2.571518859863281e+02, 2.571509399414062e+02, 2.571499938964844e+02, 2.571490478515625e+02, 2.572631225585938e+02, 2.572621765136719e+02, 2.5726123046875e+02, 2.573681335449219e+02, 2.573671875e+02, 2.573662719726562e+02, 2.574666442871094e+02, 2.574657287597656e+02, 2.574648132324219e+02, 2.574638977050781e+02, 2.575550231933594e+02, 2.575541076660156e+02, 2.575531921386719e+02, 2.5763623046875e+02, 2.576353149414062e+02, 2.576344299316406e+02, 2.577101135253906e+02, 2.577091979980469e+02, 2.577083129882812e+02, 2.577074584960938e+02, 2.577763977050781e+02, 2.577755432128906e+02, 2.57774658203125e+02, 2.578374633789062e+02, 2.578365783691406e+02, 2.578357238769531e+02, 2.578928833007812e+02, 2.578920288085938e+02, 2.578911743164062e+02, 2.578903198242188e+02, 2.579423217773438e+02, 2.579414672851562e+02, 2.579406433105469e+02, 2.579879455566406e+02, 2.579870910644531e+02, 2.579862670898438e+02, 2.58029296875e+02, 2.580284729003906e+02, 2.580276489257812e+02, 2.5802685546875e+02, 2.580659790039062e+02, 2.58065185546875e+02, 2.580643615722656e+02, 2.580999755859375e+02, 2.580991821289062e+02, 2.58098388671875e+02, 2.581307678222656e+02, 2.581299743652344e+02, 2.581292114257812e+02, 2.5812841796875e+02, 2.581578674316406e+02, 2.581571044921875e+02, 2.581563415527344e+02, 2.581830444335938e+02, 2.581823120117188e+02, 2.581815490722656e+02, 2.582057800292969e+02, 2.582050476074219e+02, 2.582042846679688e+02, 2.582035522460938e+02, 2.582255859375e+02, 2.58224853515625e+02, 2.5822412109375e+02, 2.582440490722656e+02, 2.582433471679688e+02, 2.582426147460938e+02, 2.582607116699219e+02, 2.58260009765625e+02, 2.582593078613281e+02, 2.582586059570312e+02, 2.582750549316406e+02, 2.582743530273438e+02, 2.58273681640625e+02, 2.5828857421875e+02, 2.582878723144531e+02, 2.582872009277344e+02, 2.583006896972656e+02, 2.583000183105469e+02, 2.582993774414062e+02, 2.582987060546875e+02, 2.583109741210938e+02, 2.58310302734375e+02, 2.583096618652344e+02, 2.583207092285156e+02, 2.58320068359375e+02, 2.583194274902344e+02, 2.583294067382812e+02, 2.583287963867188e+02, 2.583281860351562e+02, 2.583275451660156e+02]
