last-generated=2026-09-28
statistics-initialization=
{
  "nonlinear": "1",
  "numerical Jacobians": "0"
}
statistics-simulation=
{
  "linear": " ",
  "nonlinear": "1",
  "number of continuous time states": "7",
  "numerical Jacobians": "0"
}
time=[0e+00, 5.4e+02]
rac.dat.m_flow_nominal=[1.033797264099121e+00, 1.033797264099121e+00]
rac.port_a.m_flow=[0e+00, 5.920637926490857e-01, 4.867944419036416e-01, 4.876034556797028e-01, 4.882524609134041e-01, 2.955336272716522e-01, 2.953410148943981e-01, 2.952976822859615e-01, 2.953191101500529e-01, 2.953663468514588e-01, 2.954224348068237e-01, 2.954800724821107e-01, 4.894370430456053e-01, 4.901852610810906e-01, 4.906676710816604e-01, 4.910531640052795e-01, 2.97103822585953e-01, 2.96749085337052e-01, 2.965722083394449e-01, 2.96480268221743e-01, 2.964266836643219e-01, 2.963918149556337e-01, 2.963665723928662e-01, 4.907276039489589e-01, 4.914140099446953e-01, 4.918072521686554e-01, 4.921017888189246e-01, 2.97745490397155e-01, 2.973074315320314e-01, 2.970718147470739e-01, 2.969308197498322e-01, 2.968358396597912e-01, 2.967646122345083e-01, 2.967070042793947e-01, 4.911424206533501e-01, 4.918487370014191e-01, 4.922194186160422e-01, 4.924833475179187e-01, 2.986056785011088e-01, 2.975448076229568e-01, 2.972744703292847e-01, 2.971108852368534e-01, 2.969979942407479e-01, 2.969118654299295e-01, 2.968409360202914e-01, 4.912221431732178e-01, 4.91979808136386e-01, 4.923556147265221e-01, 4.926127190096765e-01, 2.848755855859231e-01, 2.976609468460083e-01, 2.973678407666709e-01, 2.971895035935445e-01, 2.970668973980667e-01, 2.969734073651986e-01, 2.968966662883759e-01, 4.911630464814483e-01, 4.91993249569885e-01, 4.923862509732194e-01, 4.926459488622143e-01, 4.928553998470306e-01, 2.97735303196236e-01, 2.974188918742665e-01, 2.972295287855266e-01, 2.971004546970323e-01, 2.970027923583984e-01, 2.969228028435935e-01, 4.910410671912536e-01, 4.919583187483232e-01, 4.923759695137244e-01, 4.926427006721497e-01, 4.92854148367082e-01, 2.977927317673892e-01, 2.974561458854697e-01, 2.972561122868215e-01, 2.971213459968567e-01, 2.97020316024088e-01, 2.969380317437645e-01, 4.900265898202611e-01, 4.919027380441063e-01, 4.923491775989532e-01, 4.926248791447532e-01, 4.928399328812936e-01, 2.978492688664476e-01, 2.974885109286755e-01, 2.972774505615234e-01, 2.971371708998541e-01, 2.970330713134797e-01, 2.969489397390241e-01, 5.057483630621771e-01, 4.918331205844879e-01, 4.923149351066167e-01, 4.926017230151231e-01, 4.92820947901884e-01, 2.979044622369795e-01, 2.975206971168518e-01, 2.972980149932822e-01, 2.9715195271281e-01, 2.970446648403021e-01, 2.969586249676489e-01, 2.968860566616058e-01]
rac.utiIT=[6.000000238418579e-01, 1e+00, 1e+00, 1e+00, 1e+00, 6.000000238418579e-01, 6.000000238418579e-01, 6.000000238418579e-01, 6.000000238418579e-01, 6.000000238418579e-01, 6.000000238418579e-01, 6.000000238418579e-01, 1e+00, 1e+00, 1e+00, 1e+00, 6.000000238418579e-01, 6.000000238418579e-01, 6.000000238418579e-01, 6.000000238418579e-01, 6.000000238418579e-01, 6.000000238418579e-01, 6.000000238418579e-01, 1e+00, 1e+00, 1e+00, 1e+00, 6.000000238418579e-01, 6.000000238418579e-01, 6.000000238418579e-01, 6.000000238418579e-01, 6.000000238418579e-01, 6.000000238418579e-01, 6.000000238418579e-01, 1e+00, 1e+00, 1e+00, 1e+00, 6.000000238418579e-01, 6.000000238418579e-01, 6.000000238418579e-01, 6.000000238418579e-01, 6.000000238418579e-01, 6.000000238418579e-01, 6.000000238418579e-01, 1e+00, 1e+00, 1e+00, 1e+00, 6.0000612745023e-01, 6.000000238418579e-01, 6.000000238418579e-01, 6.000000238418579e-01, 6.000000238418579e-01, 6.000000238418579e-01, 6.000000238418579e-01, 1e+00, 1e+00, 1e+00, 1e+00, 1e+00, 6.000000238418579e-01, 6.000000238418579e-01, 6.000000238418579e-01, 6.000000238418579e-01, 6.000000238418579e-01, 6.000000238418579e-01, 1e+00, 1e+00, 1e+00, 1e+00, 1e+00, 6.000000238418579e-01, 6.000000238418579e-01, 6.000000238418579e-01, 6.000000238418579e-01, 6.000000238418579e-01, 6.000000238418579e-01, 9.999951171877866e-01, 1e+00, 1e+00, 1e+00, 1e+00, 6.000000238418579e-01, 6.000000238418579e-01, 6.000000238418579e-01, 6.000000238418579e-01, 6.000000238418579e-01, 6.000000238418579e-01, 9.999938963916279e-01, 1e+00, 1e+00, 1e+00, 1e+00, 6.000000238418579e-01, 6.000000238418579e-01, 6.000000238418579e-01, 6.000000238418579e-01, 6.000000238418579e-01, 6.000000238418579e-01, 6.000000238418579e-01]
senTIn.T=[2.931499938964844e+02, 2.931499938964844e+02]
senTOut.T=[2.931499938964844e+02, 3.151181639073847e+02, 3.134984436045989e+02, 3.134691772501036e+02, 3.134423217791762e+02, 3.132402038574219e+02, 3.132322692892652e+02, 3.132251586904577e+02, 3.132186889657277e+02, 3.132128295882915e+02, 3.132074584960938e+02, 3.132025756849304e+02, 3.133708801377323e+02, 3.133525695701613e+02, 3.133355712844921e+02, 3.133199768066406e+02, 3.131254272457919e+02, 3.131272277821683e+02, 3.13129028321261e+02, 3.131307373051618e+02, 3.131323547363281e+02, 3.131338500972251e+02, 3.131352233878958e+02, 3.133114318770909e+02, 3.132981567529409e+02, 3.132857666015625e+02, 3.132743530150986e+02, 3.130815426082943e+02, 3.130870361358307e+02, 3.130922546329805e+02, 3.130971069335938e+02, 3.131015625048291e+02, 3.131056823708048e+02, 3.131094360371396e+02, 3.132897033820756e+02, 3.132783203125e+02, 3.132676086310228e+02, 3.132577209526983e+02, 3.130649719263289e+02, 3.130713500900677e+02, 3.13077880859375e+02, 3.130839538638032e+02, 3.130895080536225e+02, 3.13094665530017e+02, 3.13099365229201e+02, 3.132821960449219e+02, 3.132715148808504e+02, 3.132614135797377e+02, 3.132520446984301e+02, 3.128768976927659e+02, 3.130649108886719e+02, 3.130719604568072e+02, 3.130785217426577e+02, 3.130845641958771e+02, 3.130901184021669e+02, 3.130951843261719e+02, 3.132800903201312e+02, 3.132696532972023e+02, 3.132597046119192e+02, 3.132505188088311e+02, 3.132420654296875e+02, 3.130619506920445e+02, 3.130692444002874e+02, 3.130760192722774e+02, 3.130822753837264e+02, 3.130880126953125e+02, 3.130932617244413e+02, 3.132799987558417e+02, 3.132696533434227e+02, 3.132597351182872e+02, 3.132505187988281e+02, 3.132420654206073e+02, 3.130602722340433e+02, 3.130677184893028e+02, 3.130746154709272e+02, 3.130809631347656e+02, 3.130868225159743e+02, 3.130921936148983e+02, 3.132798134326935e+02, 3.132703552361645e+02, 3.132604064941406e+02, 3.132511596579658e+02, 3.132426452453906e+02, 3.130591430488149e+02, 3.130666198647686e+02, 3.130736083984375e+02, 3.130800476143204e+02, 3.130859680303405e+02, 3.1309143065199e+02, 3.134621831336138e+02, 3.132713317871094e+02, 3.132613220106191e+02, 3.132520141401504e+02, 3.132434387393293e+02, 3.130581664949381e+02, 3.130657043457031e+02, 3.130727538758962e+02, 3.130792846817659e+02, 3.13085266100174e+02, 3.130907593007989e+02, 3.130957946777344e+02]
rac.PTot=[6e+03, 1.007428514969133e+04, 1.004183398436603e+04, 1.004204296872378e+04, 1.004221093748896e+04, 6.009376953125e+03, 6.009359375002759e+03, 6.00935546875e+03, 6.00935742187431e+03, 6.00936181640763e+03, 6.00936669921875e+03, 6.00937207031112e+03, 1.004251953108719e+04, 1.004271484383002e+04, 1.004284082034285e+04, 1.004294140625e+04, 6.009523925815053e+03, 6.009490234390177e+03, 6.009473632806981e+03, 6.00946533202918e+03, 6.00946044921875e+03, 6.00945703125069e+03, 6.00945458984513e+03, 1.004285644544771e+04, 1.004303613266349e+04, 1.00431396484375e+04, 1.004321777351477e+04, 6.009584457095601e+03, 6.009542968734823e+03, 6.009520507834576e+03, 6.00950732421875e+03, 6.009498535147972e+03, 6.009491699222889e+03, 6.009486328122241e+03, 1.004296484340783e+04, 1.0043150390625e+04, 1.00432480469633e+04, 1.004331835933913e+04, 6.009667480278346e+03, 6.009565429726133e+03, 6.0095400390625e+03, 6.009524414048703e+03, 6.009513671880519e+03, 6.009505859370861e+03, 6.009499023445778e+03, 1.0042986328125e+04, 1.004318554701297e+04, 1.004328417964059e+04, 1.004335253891901e+04, 6.008567916252179e+03, 6.009576171875e+03, 6.009548828100165e+03, 6.009531738253656e+03, 6.009520507834575e+03, 6.009511718758278e+03, 6.00950439453125e+03, 1.004297070346717e+04, 1.004318847686052e+04, 1.004329199199986e+04, 1.004336132805326e+04, 1.0043416015625e+04, 6.009583496049599e+03, 6.009553222612099e+03, 6.009535644564363e+03, 6.009523437511038e+03, 6.00951416015625e+03, 6.009506835929222e+03, 1.004293847733514e+04, 1.004317968713575e+04, 1.004329003896316e+04, 1.00433603515625e+04, 1.00434160156846e+04, 6.009588867099198e+03, 6.009557128961439e+03, 6.009538085954056e+03, 6.009525390625e+03, 6.009516113270212e+03, 6.009508300764694e+03, 1.004261189992423e+04, 1.00431650388583e+04, 1.00432822265625e+04, 1.004335546881623e+04, 1.004341210949642e+04, 6.009594238386108e+03, 6.009560058624103e+03, 6.0095400390625e+03, 6.009526855457712e+03, 6.009517089827194e+03, 6.009509277360306e+03, 1.004624504294901e+04, 1.0043146484375e+04, 1.004327343759934e+04, 1.004334960950745e+04, 1.004340722644108e+04, 6.009599121154458e+03, 6.00956298828125e+03, 6.009541992264764e+03, 6.009528320284906e+03, 6.009518066428325e+03, 6.009510253873137e+03, 6.00950341796875e+03]
