last-generated=2026-10-10
statistics-initialization=
{
  "linear": "0, 0, 0, 0, 0, 0, 0",
  "nonlinear": "1, 0, 0, 0, 0, 0, 0, 0, 0, 0, 0, 0, 0, 0, 0, 0, 0, 0, 0, 0, 0, 0, 0, 0, 0, 3, 0,   0, 1, 1, 0, 0, 1, 1",
  "numerical Jacobians": "0"
}
statistics-simulation=
{
  "linear": "0, 0, 0, 0, 0, 0, 0, 0, 0, 0, 0, 4, 0",
  "nonlinear": "5, 0, 0, 0, 0, 0, 0, 0, 0, 0, 1, 1, 1, 0, 1",
  "number of continuous time states": "82",
  "numerical Jacobians": "0"
}
time=[4.32e+05, 8.64e+05]
flo.sou.TAir=[2.931499938964844e+02, 2.913813781738281e+02, 2.909693298339844e+02, 2.922546997070312e+02, 2.929110717773438e+02, 2.93281494140625e+02, 2.929672546386719e+02, 2.932513122558594e+02, 2.941121826171875e+02, 2.939234924316406e+02, 2.931438598632812e+02, 2.931188354492188e+02, 2.930714111328125e+02, 2.931543884277344e+02, 2.931293334960938e+02, 2.931337280273438e+02, 2.904667053222656e+02, 2.903899536132812e+02, 2.899795227050781e+02, 2.892721557617188e+02, 2.886196899414062e+02, 2.884661560058594e+02, 2.88248046875e+02, 2.911145629882812e+02, 2.915948181152344e+02, 2.917362670898438e+02, 2.916550598144531e+02, 2.92631591796875e+02, 2.933719177246094e+02, 2.932256774902344e+02, 2.934234008789062e+02, 2.93192626953125e+02, 2.930681457519531e+02, 2.93015380859375e+02, 2.925405578613281e+02, 2.920655822753906e+02, 2.892478637695312e+02, 2.892770385742188e+02, 2.888749389648438e+02, 2.885653076171875e+02, 2.883495788574219e+02, 2.882062377929688e+02, 2.877667541503906e+02, 2.905800476074219e+02, 2.911210632324219e+02, 2.913499755859375e+02, 2.911088256835938e+02, 2.918545227050781e+02, 2.925961303710938e+02, 2.931104431152344e+02, 2.934430847167969e+02, 2.928999328613281e+02, 2.927289733886719e+02, 2.9288818359375e+02, 2.92706787109375e+02, 2.924057922363281e+02, 2.896335144042969e+02, 2.891602478027344e+02, 2.886722717285156e+02, 2.880932922363281e+02, 2.880180358886719e+02, 2.878217468261719e+02, 2.874940795898438e+02, 2.913450927734375e+02, 2.922462158203125e+02, 2.927099609375e+02, 2.919008178710938e+02, 2.928197937011719e+02, 2.932379455566406e+02, 2.93170654296875e+02, 2.932155456542969e+02, 2.934183044433594e+02, 2.934306335449219e+02, 2.932378845214844e+02, 2.931552734375e+02, 2.931819152832031e+02, 2.915603332519531e+02, 2.911994934082031e+02, 2.911619873046875e+02, 2.909700012207031e+02, 2.901221313476562e+02, 2.899109191894531e+02, 2.899920349121094e+02, 2.932842712402344e+02, 2.928477172851562e+02, 2.932122802734375e+02, 2.930735778808594e+02, 2.932974548339844e+02, 2.944630737304688e+02, 2.951939697265625e+02, 2.957442932128906e+02, 2.960181884765625e+02, 2.960483703613281e+02, 2.958482666015625e+02, 2.951576843261719e+02, 2.9364453125e+02, 2.9323046875e+02, 2.927310791015625e+02, 2.922808837890625e+02, 2.917845153808594e+02, 2.914192810058594e+02]
flo.eas.TAir=[2.931499938964844e+02, 2.913829345703125e+02, 2.908268737792969e+02, 2.924127807617188e+02, 2.935117492675781e+02, 2.928290710449219e+02, 2.93228515625e+02, 2.931674499511719e+02, 2.934765930175781e+02, 2.930668029785156e+02, 2.931146240234375e+02, 2.932925720214844e+02, 2.931580810546875e+02, 2.931337280273438e+02, 2.931318054199219e+02, 2.930767517089844e+02, 2.906107788085938e+02, 2.904356384277344e+02, 2.900694274902344e+02, 2.894569702148438e+02, 2.887550964355469e+02, 2.885531005859375e+02, 2.882734069824219e+02, 2.912901000976562e+02, 2.918600158691406e+02, 2.920086669921875e+02, 2.918987731933594e+02, 2.930482788085938e+02, 2.932453918457031e+02, 2.929512634277344e+02, 2.927897033691406e+02, 2.926191101074219e+02, 2.926177673339844e+02, 2.925979919433594e+02, 2.920274353027344e+02, 2.917740478515625e+02, 2.891612243652344e+02, 2.890775146484375e+02, 2.886530456542969e+02, 2.882774658203125e+02, 2.881039428710938e+02, 2.876811828613281e+02, 2.875959777832031e+02, 2.90587646484375e+02, 2.912365112304688e+02, 2.914913024902344e+02, 2.912284240722656e+02, 2.921329956054688e+02, 2.923421020507812e+02, 2.921820068359375e+02, 2.921179504394531e+02, 2.920992126464844e+02, 2.920635375976562e+02, 2.9219873046875e+02, 2.921502075195312e+02, 2.920601806640625e+02, 2.893708190917969e+02, 2.890106506347656e+02, 2.885426940917969e+02, 2.881249084472656e+02, 2.879208068847656e+02, 2.878325805664062e+02, 2.875692138671875e+02, 2.913590698242188e+02, 2.924384155273438e+02, 2.929261779785156e+02, 2.923565673828125e+02, 2.932635192871094e+02, 2.932164306640625e+02, 2.931862487792969e+02, 2.931711120605469e+02, 2.933243103027344e+02, 2.931780700683594e+02, 2.931329956054688e+02, 2.931437683105469e+02, 2.931628723144531e+02, 2.912731323242188e+02, 2.909646301269531e+02, 2.906878662109375e+02, 2.90441162109375e+02, 2.897967834472656e+02, 2.895194091796875e+02, 2.900000610351562e+02, 2.93392822265625e+02, 2.931793518066406e+02, 2.935844116210938e+02, 2.931732177734375e+02, 2.931761474609375e+02, 2.938946228027344e+02, 2.940335083007812e+02, 2.941985168457031e+02, 2.94424072265625e+02, 2.945553588867188e+02, 2.945685424804688e+02, 2.942733764648438e+02, 2.93114501953125e+02, 2.924541625976562e+02, 2.921779174804688e+02, 2.916056213378906e+02, 2.911964721679688e+02, 2.907835693359375e+02]
flo.nor.TAir=[2.931499938964844e+02, 2.919702453613281e+02, 2.914115295410156e+02, 2.92258056640625e+02, 2.931799621582031e+02, 2.932931213378906e+02, 2.9262939453125e+02, 2.934072265625e+02, 2.932078857421875e+02, 2.931826782226562e+02, 2.931582336425781e+02, 2.932998962402344e+02, 2.932481079101562e+02, 2.931353149414062e+02, 2.931349182128906e+02, 2.928248596191406e+02, 2.901693115234375e+02, 2.901748046875e+02, 2.899211120605469e+02, 2.890005187988281e+02, 2.883482360839844e+02, 2.881074829101562e+02, 2.879322509765625e+02, 2.910354614257812e+02, 2.915487060546875e+02, 2.917081298828125e+02, 2.916393737792969e+02, 2.921152954101562e+02, 2.915382995605469e+02, 2.914014282226562e+02, 2.922896423339844e+02, 2.921313171386719e+02, 2.919712524414062e+02, 2.920911560058594e+02, 2.91285888671875e+02, 2.914502563476562e+02, 2.886516723632812e+02, 2.889691467285156e+02, 2.885006408691406e+02, 2.880881652832031e+02, 2.880556945800781e+02, 2.878307189941406e+02, 2.876679382324219e+02, 2.903314514160156e+02, 2.90907958984375e+02, 2.911617431640625e+02, 2.909327087402344e+02, 2.911389465332031e+02, 2.912687072753906e+02, 2.9148583984375e+02, 2.916877746582031e+02, 2.916590881347656e+02, 2.9162353515625e+02, 2.918042602539062e+02, 2.917886352539062e+02, 2.917109985351562e+02, 2.89463623046875e+02, 2.8907763671875e+02, 2.886616516113281e+02, 2.882796020507812e+02, 2.880686340332031e+02, 2.880010681152344e+02, 2.877667236328125e+02, 2.910555114746094e+02, 2.920167541503906e+02, 2.924996643066406e+02, 2.920050964355469e+02, 2.929178161621094e+02, 2.931936340332031e+02, 2.932236022949219e+02, 2.931745300292969e+02, 2.933307189941406e+02, 2.931838684082031e+02, 2.931358947753906e+02, 2.931468811035156e+02, 2.931693115234375e+02, 2.914778747558594e+02, 2.911221008300781e+02, 2.908897399902344e+02, 2.906689453125e+02, 2.902664794921875e+02, 2.899190063476562e+02, 2.900746765136719e+02, 2.930929870605469e+02, 2.930528869628906e+02, 2.933053283691406e+02, 2.929115600585938e+02, 2.933916931152344e+02, 2.931478271484375e+02, 2.934950866699219e+02, 2.940583801269531e+02, 2.943043212890625e+02, 2.944498596191406e+02, 2.944969482421875e+02, 2.942247009277344e+02, 2.930966186523438e+02, 2.925558776855469e+02, 2.922661437988281e+02, 2.918670349121094e+02, 2.914696350097656e+02, 2.910952453613281e+02]
flo.wes.TAir=[2.931499938964844e+02, 2.91077392578125e+02, 2.906351623535156e+02, 2.919889221191406e+02, 2.931146850585938e+02, 2.930817260742188e+02, 2.9315576171875e+02, 2.928544006347656e+02, 2.931999816894531e+02, 2.931456909179688e+02, 2.93059814453125e+02, 2.933045654296875e+02, 2.931919250488281e+02, 2.931473693847656e+02, 2.931140441894531e+02, 2.93e+02, 2.907895202636719e+02, 2.899611206054688e+02, 2.89560302734375e+02, 2.894118957519531e+02, 2.888925170898438e+02, 2.883070983886719e+02, 2.879613647460938e+02, 2.911928100585938e+02, 2.918055725097656e+02, 2.919636840820312e+02, 2.918558959960938e+02, 2.922729187011719e+02, 2.92252685546875e+02, 2.922598876953125e+02, 2.923529052734375e+02, 2.924763488769531e+02, 2.931349487304688e+02, 2.932567749023438e+02, 2.921875610351562e+02, 2.917975769042969e+02, 2.892688293457031e+02, 2.887517395019531e+02, 2.883483581542969e+02, 2.883298950195312e+02, 2.879005737304688e+02, 2.875983276367188e+02, 2.87343505859375e+02, 2.905766296386719e+02, 2.912427673339844e+02, 2.915025329589844e+02, 2.912434387207031e+02, 2.913873596191406e+02, 2.914984741210938e+02, 2.916410522460938e+02, 2.919402465820312e+02, 2.9195947265625e+02, 2.922494506835938e+02, 2.928975219726562e+02, 2.92322509765625e+02, 2.919862976074219e+02, 2.892511291503906e+02, 2.889024047851562e+02, 2.886686096191406e+02, 2.879011840820312e+02, 2.876109924316406e+02, 2.875777893066406e+02, 2.87283203125e+02, 2.913802185058594e+02, 2.924311828613281e+02, 2.929284362792969e+02, 2.922662353515625e+02, 2.926442260742188e+02, 2.928819580078125e+02, 2.938087463378906e+02, 2.93093017578125e+02, 2.934135437011719e+02, 2.932520141601562e+02, 2.931245422363281e+02, 2.930833435058594e+02, 2.933003845214844e+02, 2.910172119140625e+02, 2.907212829589844e+02, 2.905487670898438e+02, 2.903635559082031e+02, 2.896842651367188e+02, 2.893959350585938e+02, 2.896409606933594e+02, 2.933822631835938e+02, 2.931968078613281e+02, 2.930895690917969e+02, 2.932301025390625e+02, 2.928723449707031e+02, 2.932025756835938e+02, 2.936571655273438e+02, 2.940611572265625e+02, 2.9442333984375e+02, 2.947596740722656e+02, 2.947773132324219e+02, 2.942322692871094e+02, 2.931453552246094e+02, 2.9236767578125e+02, 2.921477661132812e+02, 2.915044860839844e+02, 2.910911560058594e+02, 2.90680908203125e+02]
flo.cor.TAir=[2.931499938964844e+02, 2.922305297851562e+02, 2.917362670898438e+02, 2.928227844238281e+02, 2.933818969726562e+02, 2.934121704101562e+02, 2.932518920898438e+02, 2.937023315429688e+02, 2.938428649902344e+02, 2.936536865234375e+02, 2.934809875488281e+02, 2.935519714355469e+02, 2.934758605957031e+02, 2.934220275878906e+02, 2.93421875e+02, 2.932299194335938e+02, 2.911482849121094e+02, 2.909558410644531e+02, 2.906177062988281e+02, 2.899727478027344e+02, 2.893642272949219e+02, 2.890629577636719e+02, 2.88818603515625e+02, 2.918252868652344e+02, 2.922872924804688e+02, 2.92439697265625e+02, 2.923799133300781e+02, 2.929756469726562e+02, 2.928087463378906e+02, 2.92688232421875e+02, 2.931332702636719e+02, 2.929836730957031e+02, 2.929445495605469e+02, 2.930468139648438e+02, 2.923920593261719e+02, 2.922875671386719e+02, 2.896445922851562e+02, 2.896875e+02, 2.892733154296875e+02, 2.889611511230469e+02, 2.887789306640625e+02, 2.885290222167969e+02, 2.882964782714844e+02, 2.911559143066406e+02, 2.916971740722656e+02, 2.919437866210938e+02, 2.917211608886719e+02, 2.920120849609375e+02, 2.921598205566406e+02, 2.924015502929688e+02, 2.926193542480469e+02, 2.925183410644531e+02, 2.924717712402344e+02, 2.926692810058594e+02, 2.926298217773438e+02, 2.9251904296875e+02, 2.900570068359375e+02, 2.89685546875e+02, 2.892864990234375e+02, 2.888074340820312e+02, 2.886106567382812e+02, 2.885126342773438e+02, 2.882435302734375e+02, 2.918320617675781e+02, 2.927594604492188e+02, 2.93235107421875e+02, 2.926602478027344e+02, 2.935081787109375e+02, 2.932972106933594e+02, 2.934150085449219e+02, 2.934708557128906e+02, 2.936767578125e+02, 2.936534729003906e+02, 2.936169128417969e+02, 2.935606079101562e+02, 2.931559753417969e+02, 2.919234619140625e+02, 2.915946655273438e+02, 2.914039611816406e+02, 2.911797180175781e+02, 2.906362915039062e+02, 2.903535461425781e+02, 2.904931030273438e+02, 2.9376708984375e+02, 2.93424072265625e+02, 2.935133361816406e+02, 2.9325146484375e+02, 2.935203857421875e+02, 2.938955383300781e+02, 2.94354736328125e+02, 2.948109436035156e+02, 2.950752258300781e+02, 2.95212890625e+02, 2.95210693359375e+02, 2.948381652832031e+02, 2.935592041015625e+02, 2.931316528320312e+02, 2.928214111328125e+02, 2.923758239746094e+02, 2.919843139648438e+02, 2.916182250976562e+02]
hvac.TZonSet[1].TCooSet=[3.031499938964844e+02, 3.031499938964844e+02, 3.031499938964844e+02, 2.971499938964844e+02, 2.971499938964844e+02, 2.971499938964844e+02, 2.971499938964844e+02, 2.971499938964844e+02, 2.971499938964844e+02, 2.971499938964844e+02, 2.971499938964844e+02, 2.971499938964844e+02, 2.971499938964844e+02, 2.971499938964844e+02, 2.971499938964844e+02, 2.971499938964844e+02, 3.031499938964844e+02, 3.031499938964844e+02, 3.031499938964844e+02, 3.031499938964844e+02, 3.031499938964844e+02, 3.031499938964844e+02, 3.031499938964844e+02, 2.971499938964844e+02, 2.971499938964844e+02, 2.971499938964844e+02, 2.971499938964844e+02, 2.971499938964844e+02, 2.971499938964844e+02, 2.971499938964844e+02, 2.971499938964844e+02, 2.971499938964844e+02, 2.971499938964844e+02, 2.971499938964844e+02, 2.971499938964844e+02, 2.971499938964844e+02, 3.031499938964844e+02, 3.031499938964844e+02, 3.031499938964844e+02, 3.031499938964844e+02, 3.031499938964844e+02, 3.031499938964844e+02, 3.031499938964844e+02, 2.971499938964844e+02, 2.971499938964844e+02, 2.971499938964844e+02, 2.971499938964844e+02, 2.971499938964844e+02, 2.971499938964844e+02, 2.971499938964844e+02, 2.971499938964844e+02, 2.971499938964844e+02, 2.971499938964844e+02, 2.971499938964844e+02, 2.971499938964844e+02, 2.971499938964844e+02, 3.031499938964844e+02, 3.031499938964844e+02, 3.031499938964844e+02, 3.031499938964844e+02, 3.031499938964844e+02, 3.031499938964844e+02, 3.031499938964844e+02, 2.971499938964844e+02, 2.971499938964844e+02, 2.971499938964844e+02, 2.971499938964844e+02, 2.971499938964844e+02, 2.971499938964844e+02, 2.971499938964844e+02, 2.971499938964844e+02, 2.971499938964844e+02, 2.971499938964844e+02, 2.971499938964844e+02, 2.971499938964844e+02, 2.971499938964844e+02, 3.031499938964844e+02, 3.031499938964844e+02, 3.031499938964844e+02, 3.031499938964844e+02, 3.031499938964844e+02, 3.031499938964844e+02, 3.031499938964844e+02, 2.971499938964844e+02, 2.971499938964844e+02, 2.971499938964844e+02, 2.971499938964844e+02, 2.971499938964844e+02, 2.971499938964844e+02, 2.971499938964844e+02, 2.971499938964844e+02, 2.971499938964844e+02, 2.971499938964844e+02, 2.971499938964844e+02, 2.971499938964844e+02, 2.971499938964844e+02, 3.031499938964844e+02, 3.031499938964844e+02, 3.031499938964844e+02, 3.031499938964844e+02, 3.031499938964844e+02]
hvac.TZonSet[1].THeaSet=[2.851499938964844e+02, 2.851499938964844e+02, 2.851499938964844e+02, 2.931499938964844e+02, 2.931499938964844e+02, 2.931499938964844e+02, 2.931499938964844e+02, 2.931499938964844e+02, 2.931499938964844e+02, 2.931499938964844e+02, 2.931499938964844e+02, 2.931499938964844e+02, 2.931499938964844e+02, 2.931499938964844e+02, 2.931499938964844e+02, 2.931499938964844e+02, 2.851499938964844e+02, 2.851499938964844e+02, 2.851499938964844e+02, 2.851499938964844e+02, 2.851499938964844e+02, 2.851499938964844e+02, 2.851499938964844e+02, 2.931499938964844e+02, 2.931499938964844e+02, 2.931499938964844e+02, 2.931499938964844e+02, 2.931499938964844e+02, 2.931499938964844e+02, 2.931499938964844e+02, 2.931499938964844e+02, 2.931499938964844e+02, 2.931499938964844e+02, 2.931499938964844e+02, 2.931499938964844e+02, 2.931499938964844e+02, 2.851499938964844e+02, 2.851499938964844e+02, 2.851499938964844e+02, 2.851499938964844e+02, 2.851499938964844e+02, 2.851499938964844e+02, 2.851499938964844e+02, 2.931499938964844e+02, 2.931499938964844e+02, 2.931499938964844e+02, 2.931499938964844e+02, 2.931499938964844e+02, 2.931499938964844e+02, 2.931499938964844e+02, 2.931499938964844e+02, 2.931499938964844e+02, 2.931499938964844e+02, 2.931499938964844e+02, 2.931499938964844e+02, 2.931499938964844e+02, 2.851499938964844e+02, 2.851499938964844e+02, 2.851499938964844e+02, 2.851499938964844e+02, 2.851499938964844e+02, 2.851499938964844e+02, 2.851499938964844e+02, 2.931499938964844e+02, 2.931499938964844e+02, 2.931499938964844e+02, 2.931499938964844e+02, 2.931499938964844e+02, 2.931499938964844e+02, 2.931499938964844e+02, 2.931499938964844e+02, 2.931499938964844e+02, 2.931499938964844e+02, 2.931499938964844e+02, 2.931499938964844e+02, 2.931499938964844e+02, 2.851499938964844e+02, 2.851499938964844e+02, 2.851499938964844e+02, 2.851499938964844e+02, 2.851499938964844e+02, 2.851499938964844e+02, 2.851499938964844e+02, 2.931499938964844e+02, 2.931499938964844e+02, 2.931499938964844e+02, 2.931499938964844e+02, 2.931499938964844e+02, 2.931499938964844e+02, 2.931499938964844e+02, 2.931499938964844e+02, 2.931499938964844e+02, 2.931499938964844e+02, 2.931499938964844e+02, 2.931499938964844e+02, 2.931499938964844e+02, 2.851499938964844e+02, 2.851499938964844e+02, 2.851499938964844e+02, 2.851499938964844e+02, 2.851499938964844e+02]
hvac.fanSup.y=[0e+00, 0e+00, 0e+00, 2.95531302690506e-01, 3.90568345785141e-01, 2.948279678821564e-01, 3.321805596351624e-01, 3.653265237808228e-01, 3.022537529468536e-01, 2.980158030986786e-01, 3.021633625030518e-01, 3.021044135093689e-01, 3.016855120658875e-01, 3.018781840801239e-01, 3.017274439334869e-01, 3.070012331008911e-01, 0e+00, 0e+00, 0e+00, 0e+00, 0e+00, 0e+00, 0e+00, 7.173230051994324e-01, 1e+00, 1e+00, 8.93961489200592e-01, 5.670642852783203e-01, 3.571889102458954e-01, 3.715358078479767e-01, 3.865609169006348e-01, 3.906003832817078e-01, 3.872182071208954e-01, 3.784107267856598e-01, 3.694051802158356e-01, 3.961639404296875e-01, 0e+00, 0e+00, 0e+00, 0e+00, 0e+00, 0e+00, 0e+00, 7.175077199935913e-01, 1e+00, 1e+00, 8.939615488052368e-01, 5.670809149742126e-01, 3.588535785675049e-01, 3.889797031879425e-01, 4.066903293132782e-01, 3.922223746776581e-01, 3.844358325004578e-01, 3.978373110294342e-01, 4.052540063858032e-01, 4.03002142906189e-01, 0e+00, 0e+00, 0e+00, 0e+00, 0e+00, 0e+00, 0e+00, 7.174865007400513e-01, 1e+00, 1e+00, 8.939465880393982e-01, 5.602409839630127e-01, 3.220200836658478e-01, 3.309991657733917e-01, 3.030148148536682e-01, 3.079565167427063e-01, 3.026157319545746e-01, 3.012649118900299e-01, 3.018068373203278e-01, 3.073358833789825e-01, 0e+00, 0e+00, 0e+00, 0e+00, 0e+00, 0e+00, 0e+00, 7.168815135955811e-01, 4.746367335319519e-01, 4.119448959827423e-01, 3.446471691131592e-01, 3.417200446128845e-01, 2.982125580310822e-01, 2.995309233665466e-01, 3.021988570690155e-01, 3.017066121101379e-01, 3.015371859073639e-01, 3.015590012073517e-01, 3.015962541103363e-01, 3.015556335449219e-01, 0e+00, 0e+00, 0e+00, 0e+00, 0e+00]
hvac.VAVBox[5].vav.y_actual=[1e+00, 0e+00, 0e+00, 1e+00, 1.95771798491478e-01, 1.322410106658936e-01, 7.400491833686829e-01, 6.606939435005188e-01, 6.14692747592926e-01, 6.526468992233276e-01, 6.522147655487061e-01, 6.485135555267334e-01, 6.492887139320374e-01, 6.486994624137878e-01, 6.491281390190125e-01, 6.663398146629333e-01, 0e+00, 0e+00, 0e+00, 0e+00, 0e+00, 0e+00, 0e+00, 1e+00, 1e+00, 1e+00, 3.06812584400177e-01, 4.198780059814453e-01, 7.159154415130615e-01, 7.974916100502014e-01, 8.089654445648193e-01, 7.821345925331116e-01, 7.734022736549377e-01, 7.446849942207336e-01, 7.849778532981873e-01, 8.46025288105011e-01, 0e+00, 0e+00, 0e+00, 0e+00, 0e+00, 0e+00, 0e+00, 1e+00, 1e+00, 1e+00, 3.068146407604218e-01, 4.198057949542999e-01, 7.198682427406311e-01, 8.503733277320862e-01, 8.120685219764709e-01, 7.486681938171387e-01, 7.81387984752655e-01, 8.17904531955719e-01, 7.950468063354492e-01, 7.754320502281189e-01, 0e+00, 0e+00, 0e+00, 0e+00, 0e+00, 0e+00, 0e+00, 1e+00, 1e+00, 1e+00, 3.069144189357758e-01, 3.844059109687805e-01, 6.199026703834534e-01, 6.536325812339783e-01, 6.333360075950623e-01, 6.571020483970642e-01, 6.465113759040833e-01, 6.514393091201782e-01, 6.521523594856262e-01, 6.577774286270142e-01, -0e+00, 0e+00, 0e+00, 0e+00, 0e+00, 0e+00, 0e+00, 1e+00, 4.559983611106873e-01, 4.884155988693237e-01, 6.542067527770996e-01, 6.208052039146423e-01, 6.302906274795532e-01, 6.546858549118042e-01, 6.503726840019226e-01, 6.482189893722534e-01, 6.484895944595337e-01, 6.486748456954956e-01, 6.485877633094788e-01, 6.487034559249878e-01, 0e+00, 0e+00, 0e+00, 0e+00, 0e+00]
hvac.VAVBox[1].vav.y_actual=[1e+00, 0e+00, 0e+00, 1e+00, 4.987491071224213e-01, 7.266823053359985e-01, 8.942908644676208e-01, 7.088100910186768e-01, 6.152823567390442e-01, 6.526584625244141e-01, 6.522154211997986e-01, 6.485139727592468e-01, 6.492891311645508e-01, 6.486998200416565e-01, 6.491284966468811e-01, 6.663402318954468e-01, -0e+00, 0e+00, 0e+00, 0e+00, 0e+00, 0e+00, 0e+00, 1e+00, 1e+00, 1e+00, 3.06812584400177e-01, 4.198780059814453e-01, 7.020324468612671e-01, 6.848121285438538e-01, 6.856550574302673e-01, 6.698838472366333e-01, 6.660887002944946e-01, 6.470909714698792e-01, 7.233232855796814e-01, 8.392648696899414e-01, 0e+00, 0e+00, 0e+00, 0e+00, 0e+00, 0e+00, 0e+00, 1e+00, 1e+00, 1e+00, 3.068146407604218e-01, 4.198057949542999e-01, 7.198682427406311e-01, 8.503733277320862e-01, 7.287288904190063e-01, 6.508710980415344e-01, 7.360016107559204e-01, 8.140120506286621e-01, 7.919196486473083e-01, 7.752417325973511e-01, 0e+00, 0e+00, 0e+00, 0e+00, 0e+00, 0e+00, 0e+00, 1e+00, 1e+00, 1e+00, 3.069330155849457e-01, 4.178316295146942e-01, 6.999871730804443e-01, 6.571640968322754e-01, 6.333914399147034e-01, 6.571036577224731e-01, 6.465117931365967e-01, 6.514396667480469e-01, 6.521527767181396e-01, 6.577778458595276e-01, -0e+00, 0e+00, 0e+00, 0e+00, 0e+00, 0e+00, 0e+00, 1e+00, 4.892674684524536e-01, 7.090473771095276e-01, 7.397210001945496e-01, 6.32131040096283e-01, 6.304484605789185e-01, 6.546894311904907e-01, 6.503731608390808e-01, 6.482194066047668e-01, 6.484900116920471e-01, 6.486752033233643e-01, 6.485881805419922e-01, 6.487038731575012e-01, 0e+00, 0e+00, 0e+00, 0e+00, 0e+00]
hvac.VAVBox[2].vav.y_actual=[1e+00, 0e+00, 0e+00, 1e+00, 4.965071678161621e-01, 7.042381167411804e-01, 8.626509308815002e-01, 5.704017877578735e-01, 5.198718309402466e-01, 5.505450367927551e-01, 5.502188801765442e-01, 5.473840236663818e-01, 5.479863882064819e-01, 5.475301146507263e-01, 5.478624105453491e-01, 5.76484739780426e-01, -0e+00, 0e+00, 0e+00, 0e+00, 0e+00, 0e+00, 0e+00, 1e+00, 1e+00, 1e+00, 3.06812584400177e-01, 4.198780059814453e-01, 6.807922720909119e-01, 7.098243832588196e-01, 8.02194356918335e-01, 7.81658947467804e-01, 7.733753323554993e-01, 7.446837425231934e-01, 7.849777936935425e-01, 8.46025288105011e-01, 0e+00, 0e+00, 0e+00, 0e+00, 0e+00, 0e+00, 0e+00, 1e+00, 1e+00, 1e+00, 3.068146407604218e-01, 4.198057949542999e-01, 7.198682427406311e-01, 8.503733277320862e-01, 8.120685219764709e-01, 7.486681938171387e-01, 7.81387984752655e-01, 8.17904531955719e-01, 7.950468063354492e-01, 7.754320502281189e-01, 0e+00, 0e+00, 0e+00, 0e+00, 0e+00, 0e+00, 0e+00, 1e+00, 1e+00, 1e+00, 3.069330155849457e-01, 3.722066283226013e-01, 5.208496451377869e-01, 5.510407686233521e-01, 5.353068113327026e-01, 5.539090633392334e-01, 5.458309054374695e-01, 5.496456623077393e-01, 5.501840710639954e-01, 5.544196367263794e-01, 0e+00, 0e+00, 0e+00, 0e+00, 0e+00, 0e+00, 0e+00, 1e+00, 4.833957254886627e-01, 6.897530555725098e-01, 7.282191514968872e-01, 5.359936356544495e-01, 5.32789409160614e-01, 5.521275401115417e-01, 5.488077998161316e-01, 5.471582412719727e-01, 5.473688244819641e-01, 5.475118160247803e-01, 5.474442839622498e-01, 5.475339889526367e-01, -0e+00, 0e+00, 0e+00, 0e+00, 0e+00]
hvac.VAVBox[3].vav.y_actual=[1e+00, 0e+00, 0e+00, 1e+00, 5.033926367759705e-01, 7.263949513435364e-01, 8.954307436943054e-01, 7.262001037597656e-01, 6.154959201812744e-01, 6.526625156402588e-01, 6.522154808044434e-01, 6.485139727592468e-01, 6.492891311645508e-01, 6.486998200416565e-01, 6.491284966468811e-01, 7.35744297504425e-01, 0e+00, 0e+00, 0e+00, 0e+00, 0e+00, 0e+00, 0e+00, 1e+00, 1e+00, 1e+00, 3.06812584400177e-01, 4.198780059814453e-01, 7.159154415130615e-01, 7.974916100502014e-01, 8.089654445648193e-01, 7.821345925331116e-01, 7.734022736549377e-01, 7.446849942207336e-01, 7.849778532981873e-01, 8.46025288105011e-01, 0e+00, 0e+00, 0e+00, 0e+00, 0e+00, 0e+00, 0e+00, 1e+00, 1e+00, 1e+00, 3.068146407604218e-01, 4.198057949542999e-01, 7.198682427406311e-01, 8.503733277320862e-01, 8.120685219764709e-01, 7.486681938171387e-01, 7.81387984752655e-01, 8.17904531955719e-01, 7.950468063354492e-01, 7.754320502281189e-01, 0e+00, 0e+00, 0e+00, 0e+00, 0e+00, 0e+00, 0e+00, 1e+00, 1e+00, 1e+00, 3.069330155849457e-01, 4.178316295146942e-01, 7.001208066940308e-01, 6.657712459564209e-01, 6.335259675979614e-01, 6.571065187454224e-01, 6.465118527412415e-01, 6.514397263526917e-01, 6.521527767181396e-01, 6.577778458595276e-01, 0e+00, 0e+00, 0e+00, 0e+00, 0e+00, 0e+00, 0e+00, 1e+00, 6.496642827987671e-01, 1e+00, 7.420001626014709e-01, 6.501685976982117e-01, 6.306995153427124e-01, 6.546944975852966e-01, 6.503732204437256e-01, 6.482194066047668e-01, 6.484900116920471e-01, 6.486752033233643e-01, 6.485881805419922e-01, 6.487038731575012e-01, 0e+00, 0e+00, 0e+00, 0e+00, 0e+00]
hvac.VAVBox[4].vav.y_actual=[1e+00, 0e+00, 0e+00, 1e+00, 4.968348741531372e-01, 7.00553834438324e-01, 8.753214478492737e-01, 5.948249101638794e-01, 5.202621221542358e-01, 5.505526661872864e-01, 5.502189993858337e-01, 5.473840236663818e-01, 5.479863882064819e-01, 5.475301146507263e-01, 5.478624105453491e-01, 6.129329204559326e-01, -0e+00, 0e+00, 0e+00, 0e+00, 0e+00, 0e+00, 0e+00, 1e+00, 1e+00, 1e+00, 3.06812584400177e-01, 4.198780059814453e-01, 7.159154415130615e-01, 7.974916100502014e-01, 8.089654445648193e-01, 7.821345925331116e-01, 7.734022736549377e-01, 5.950191020965576e-01, 7.533988356590271e-01, 8.42339038848877e-01, 0e+00, 0e+00, 0e+00, 0e+00, 0e+00, 0e+00, 0e+00, 1e+00, 1e+00, 1e+00, 3.068146407604218e-01, 4.198057949542999e-01, 7.198682427406311e-01, 8.503733277320862e-01, 8.120685219764709e-01, 7.486681938171387e-01, 7.81387984752655e-01, 8.17904531955719e-01, 7.950468063354492e-01, 7.754320502281189e-01, 0e+00, 0e+00, 0e+00, 0e+00, 0e+00, 0e+00, 0e+00, 1e+00, 1e+00, 1e+00, 3.069330155849457e-01, 4.178316295146942e-01, 7.01036274433136e-01, 6.441827416419983e-01, 5.510397553443909e-01, 5.794294476509094e-01, 5.463108420372009e-01, 5.496549010276794e-01, 5.501842498779297e-01, 5.780657529830933e-01, 0e+00, 0e+00, 0e+00, 0e+00, 0e+00, 0e+00, 0e+00, 1e+00, 4.834045767784119e-01, 6.754463315010071e-01, 7.272000312805176e-01, 5.451441407203674e-01, 5.3294837474823e-01, 5.521306991577148e-01, 5.488078594207764e-01, 5.471582412719727e-01, 5.473688244819641e-01, 5.475118160247803e-01, 5.474442839622498e-01, 5.475339889526367e-01, -0e+00, 0e+00, 0e+00, 0e+00, 0e+00]
hvac.damOut.y=[0e+00, 0e+00, 0e+00, 0e+00, 0e+00, 0e+00, 6.621411442756653e-01, 9.090039134025574e-01, 1e+00, 1e+00, 1e+00, 1e+00, 1e+00, 1e+00, 1e+00, 1e+00, 0e+00, 0e+00, 0e+00, 0e+00, 0e+00, 0e+00, 0e+00, 0e+00, 0e+00, 0e+00, 4.903624653816223e-01, 8.371139168739319e-01, 1e+00, 1e+00, 1e+00, 1e+00, 1e+00, 1e+00, 1e+00, 1e+00, 0e+00, 0e+00, 0e+00, 0e+00, 0e+00, 0e+00, 0e+00, 0e+00, 0e+00, 0e+00, 4.903625845909119e-01, 8.371016979217529e-01, 1e+00, 1e+00, 1e+00, 1e+00, 1e+00, 1e+00, 1e+00, 1e+00, 0e+00, 0e+00, 0e+00, 0e+00, 0e+00, 0e+00, 0e+00, 0e+00, 0e+00, 0e+00, 4.908581972122192e-01, 8.460671901702881e-01, 1e+00, 1e+00, 1e+00, 1e+00, 1e+00, 1e+00, 1e+00, 1e+00, 0e+00, 0e+00, 0e+00, 0e+00, 0e+00, 0e+00, 0e+00, 0e+00, 0e+00, 0e+00, 5.814056396484375e-01, 9.146974086761475e-01, 1e+00, 1e+00, 1e+00, 1e+00, 1e+00, 1e+00, 1e+00, 1e+00, 0e+00, 0e+00, 0e+00, 0e+00, 0e+00]
hvac.VAVBox[1].TSup=[2.931499938964844e+02, 2.931499633789062e+02, 2.931499633789062e+02, 3.035142517089844e+02, 2.966543273925781e+02, 3.066227111816406e+02, 3.041319580078125e+02, 2.897499084472656e+02, 2.882178649902344e+02, 2.850511779785156e+02, 2.842266235351562e+02, 2.83634521484375e+02, 2.855306701660156e+02, 2.894538879394531e+02, 2.915423583984375e+02, 3.011824645996094e+02, 2.848827514648438e+02, 2.848827514648438e+02, 2.848827514648438e+02, 2.848827514648438e+02, 2.848827514648438e+02, 2.848827514648438e+02, 2.848827514648438e+02, 2.995230102539062e+02, 2.976235961914062e+02, 2.975831604003906e+02, 3.041524963378906e+02, 3.038567199707031e+02, 3.027243041992188e+02, 2.921568603515625e+02, 2.845409851074219e+02, 2.851275024414062e+02, 2.888173522949219e+02, 2.9427734375e+02, 3.008598937988281e+02, 2.997836608886719e+02, 2.856636047363281e+02, 2.856636047363281e+02, 2.856636047363281e+02, 2.856636047363281e+02, 2.856636047363281e+02, 2.856636047363281e+02, 2.856636047363281e+02, 2.991607666015625e+02, 2.972532348632812e+02, 2.973821411132812e+02, 3.041526489257812e+02, 3.036444091796875e+02, 3.026739196777344e+02, 3.014192810058594e+02, 3.019900207519531e+02, 2.873967590332031e+02, 3.018179321289062e+02, 3.015877075195312e+02, 3.015450134277344e+02, 3.0167724609375e+02, 2.894600830078125e+02, 2.894600830078125e+02, 2.894600830078125e+02, 2.894600830078125e+02, 2.894600830078125e+02, 2.894600830078125e+02, 2.894600830078125e+02, 3.007245178222656e+02, 2.992647399902344e+02, 2.995301208496094e+02, 3.04150146484375e+02, 3.0405126953125e+02, 3.040462341308594e+02, 2.983010559082031e+02, 2.892638549804688e+02, 2.895520935058594e+02, 2.900822143554688e+02, 2.899851989746094e+02, 2.93741943359375e+02, 3.016807861328125e+02, 2.934270324707031e+02, 2.934270324707031e+02, 2.934270324707031e+02, 2.934270324707031e+02, 2.934270324707031e+02, 2.934270324707031e+02, 2.934270324707031e+02, 3.024120178222656e+02, 3.04166259765625e+02, 3.04735595703125e+02, 3.04133544921875e+02, 2.903004760742188e+02, 2.906875305175781e+02, 2.910469055175781e+02, 2.911760559082031e+02, 2.912469482421875e+02, 2.911307678222656e+02, 2.910413818359375e+02, 2.906614685058594e+02, 2.893165893554688e+02, 2.892509460449219e+02, 2.892509460449219e+02, 2.892509460449219e+02, 2.892509460449219e+02, 2.892509460449219e+02]
hvac.VAVBox[2].TSup=[2.931499938964844e+02, 2.931499938964844e+02, 2.931499938964844e+02, 3.034967041015625e+02, 3.067782287597656e+02, 3.038816528320312e+02, 3.041285705566406e+02, 2.89751220703125e+02, 2.882197875976562e+02, 2.859031066894531e+02, 2.919548645019531e+02, 2.932770385742188e+02, 2.931213989257812e+02, 2.93763427734375e+02, 2.953648376464844e+02, 3.0369921875e+02, 2.849795532226562e+02, 2.849795532226562e+02, 2.849795532226562e+02, 2.849795532226562e+02, 2.849795532226562e+02, 2.849795532226562e+02, 2.849795532226562e+02, 2.995230102539062e+02, 2.976235961914062e+02, 2.975831604003906e+02, 3.041524963378906e+02, 3.038567199707031e+02, 3.030990905761719e+02, 3.020100402832031e+02, 3.008122253417969e+02, 3.010215454101562e+02, 3.011779479980469e+02, 3.007618713378906e+02, 2.999599914550781e+02, 2.997265625e+02, 2.856511840820312e+02, 2.856511840820312e+02, 2.856511840820312e+02, 2.856511840820312e+02, 2.856511840820312e+02, 2.856511840820312e+02, 2.856511840820312e+02, 2.991607666015625e+02, 2.972532348632812e+02, 2.973821411132812e+02, 3.041526489257812e+02, 3.036444091796875e+02, 3.026739196777344e+02, 3.014192810058594e+02, 3.00988525390625e+02, 3.011350708007812e+02, 3.012257080078125e+02, 3.015526428222656e+02, 3.015128479003906e+02, 3.016750793457031e+02, 2.894598083496094e+02, 2.894598083496094e+02, 2.894598083496094e+02, 2.894598083496094e+02, 2.894598083496094e+02, 2.894598083496094e+02, 2.894598083496094e+02, 3.007245178222656e+02, 2.992647399902344e+02, 2.995301208496094e+02, 3.04150146484375e+02, 3.042044982910156e+02, 3.016589660644531e+02, 2.975002136230469e+02, 2.963968200683594e+02, 2.950476989746094e+02, 2.926853332519531e+02, 2.920989685058594e+02, 2.935412292480469e+02, 3.022973937988281e+02, 2.96716796875e+02, 2.96716796875e+02, 2.96716796875e+02, 2.96716796875e+02, 2.96716796875e+02, 2.96716796875e+02, 2.96716796875e+02, 3.024120178222656e+02, 3.067972106933594e+02, 3.060104675292969e+02, 3.041250305175781e+02, 2.9030029296875e+02, 2.906873779296875e+02, 2.910467529296875e+02, 2.91176025390625e+02, 2.912469482421875e+02, 2.911307067871094e+02, 2.9104150390625e+02, 2.906619567871094e+02, 2.918281555175781e+02, 2.937282409667969e+02, 2.937282409667969e+02, 2.937282409667969e+02, 2.937282409667969e+02, 2.937282409667969e+02]
hvac.VAVBox[3].TSup=[2.931499938964844e+02, 2.931499938964844e+02, 2.931499938964844e+02, 3.034710083007812e+02, 3.068977966308594e+02, 3.066257934570312e+02, 3.041321716308594e+02, 2.968148193359375e+02, 3.024451293945312e+02, 2.991847229003906e+02, 2.930189514160156e+02, 2.939000854492188e+02, 2.942039794921875e+02, 2.938959045410156e+02, 2.95191650390625e+02, 2.9981689453125e+02, 2.844955749511719e+02, 2.844955749511719e+02, 2.844955749511719e+02, 2.844955749511719e+02, 2.844955749511719e+02, 2.844955749511719e+02, 2.844955749511719e+02, 2.995230102539062e+02, 2.976235961914062e+02, 2.975831604003906e+02, 3.041524963378906e+02, 3.038567199707031e+02, 3.025006713867188e+02, 3.0080810546875e+02, 3.007442932128906e+02, 3.010161437988281e+02, 3.011776428222656e+02, 3.007618408203125e+02, 2.999599914550781e+02, 2.997265625e+02, 2.856511535644531e+02, 2.856511535644531e+02, 2.856511535644531e+02, 2.856511535644531e+02, 2.856511535644531e+02, 2.856511535644531e+02, 2.856511535644531e+02, 2.991607666015625e+02, 2.972532348632812e+02, 2.973821411132812e+02, 3.041526489257812e+02, 3.036444091796875e+02, 3.026739196777344e+02, 3.014192810058594e+02, 3.00988525390625e+02, 3.011350708007812e+02, 3.012257080078125e+02, 3.015526428222656e+02, 3.015128479003906e+02, 3.016750793457031e+02, 2.894598083496094e+02, 2.894598083496094e+02, 2.894598083496094e+02, 2.894598083496094e+02, 2.894598083496094e+02, 2.894598083496094e+02, 2.894598083496094e+02, 3.007245178222656e+02, 2.992647399902344e+02, 2.995301208496094e+02, 3.04150146484375e+02, 3.0405126953125e+02, 3.040444030761719e+02, 3.006111450195312e+02, 2.976006469726562e+02, 2.964080505371094e+02, 2.93498779296875e+02, 2.924018249511719e+02, 2.934809265136719e+02, 3.02451416015625e+02, 2.941838684082031e+02, 2.941838684082031e+02, 2.941838684082031e+02, 2.941838684082031e+02, 2.941838684082031e+02, 2.941838684082031e+02, 2.941838684082031e+02, 3.024120178222656e+02, 3.03989990234375e+02, 3.04110107421875e+02, 3.041353454589844e+02, 2.977426147460938e+02, 2.91698486328125e+02, 2.910469055175781e+02, 2.911760559082031e+02, 2.912469482421875e+02, 2.911307678222656e+02, 2.910413818359375e+02, 2.906614685058594e+02, 2.923685302734375e+02, 2.923594970703125e+02, 2.923594970703125e+02, 2.923594970703125e+02, 2.923594970703125e+02, 2.923594970703125e+02]
hvac.VAVBox[4].TSup=[2.931499938964844e+02, 2.931499633789062e+02, 2.931499633789062e+02, 3.0354052734375e+02, 3.054330444335938e+02, 2.971935729980469e+02, 3.041277465820312e+02, 2.9235498046875e+02, 2.936357727050781e+02, 2.926298217773438e+02, 2.987364501953125e+02, 2.949346923828125e+02, 2.935652770996094e+02, 2.92546630859375e+02, 2.958375854492188e+02, 3.025825805664062e+02, 2.847568054199219e+02, 2.847568054199219e+02, 2.847568054199219e+02, 2.847568054199219e+02, 2.847568054199219e+02, 2.847568054199219e+02, 2.847568054199219e+02, 2.995230102539062e+02, 2.976235961914062e+02, 2.975831604003906e+02, 3.041524963378906e+02, 3.038567199707031e+02, 3.025006713867188e+02, 3.0080810546875e+02, 3.007442932128906e+02, 3.010161437988281e+02, 3.011776428222656e+02, 3.038196716308594e+02, 3.003814392089844e+02, 2.997573852539062e+02, 2.85657958984375e+02, 2.85657958984375e+02, 2.85657958984375e+02, 2.85657958984375e+02, 2.85657958984375e+02, 2.85657958984375e+02, 2.85657958984375e+02, 2.991607666015625e+02, 2.972532348632812e+02, 2.973821411132812e+02, 3.041526489257812e+02, 3.036444091796875e+02, 3.026739196777344e+02, 3.014192810058594e+02, 3.00988525390625e+02, 3.011350708007812e+02, 3.012257080078125e+02, 3.015526428222656e+02, 3.015128479003906e+02, 3.016750793457031e+02, 2.894598083496094e+02, 2.894598083496094e+02, 2.894598083496094e+02, 2.894598083496094e+02, 2.894598083496094e+02, 2.894598083496094e+02, 2.894598083496094e+02, 3.007245178222656e+02, 2.992647399902344e+02, 2.995301208496094e+02, 3.04150146484375e+02, 3.0405126953125e+02, 3.040306701660156e+02, 3.041058654785156e+02, 3.0413916015625e+02, 3.023694458007812e+02, 2.995542602539062e+02, 2.942257080078125e+02, 2.995648193359375e+02, 3.037077026367188e+02, 2.934783630371094e+02, 2.934783630371094e+02, 2.934783630371094e+02, 2.934783630371094e+02, 2.934783630371094e+02, 2.934783630371094e+02, 2.934783630371094e+02, 3.024120178222656e+02, 3.066533203125e+02, 3.050113525390625e+02, 3.041339416503906e+02, 2.931248779296875e+02, 2.931459045410156e+02, 2.910467529296875e+02, 2.91176025390625e+02, 2.912469482421875e+02, 2.911307067871094e+02, 2.9104150390625e+02, 2.906619567871094e+02, 2.917208557128906e+02, 2.934884948730469e+02, 2.934884948730469e+02, 2.934884948730469e+02, 2.934884948730469e+02, 2.934884948730469e+02]
hvac.VAVBox[5].TSup=[2.931499938964844e+02, 2.931499938964844e+02, 2.931499938964844e+02, 3.033453369140625e+02, 2.9512353515625e+02, 2.9524609375e+02, 2.944335632324219e+02, 2.897502136230469e+02, 2.882178649902344e+02, 2.850511779785156e+02, 2.842266235351562e+02, 2.83634521484375e+02, 2.836107177734375e+02, 2.832175903320312e+02, 2.832112426757812e+02, 2.901730041503906e+02, 2.868645629882812e+02, 2.868645629882812e+02, 2.868645629882812e+02, 2.868645629882812e+02, 2.868645629882812e+02, 2.868645629882812e+02, 2.868645629882812e+02, 2.995230102539062e+02, 2.976235961914062e+02, 2.975831604003906e+02, 3.041524963378906e+02, 3.038567199707031e+02, 3.025006713867188e+02, 3.0080810546875e+02, 3.007442932128906e+02, 3.010161437988281e+02, 3.011776428222656e+02, 3.007618408203125e+02, 2.999599914550781e+02, 2.997265625e+02, 2.856512145996094e+02, 2.856512145996094e+02, 2.856512145996094e+02, 2.856512145996094e+02, 2.856512145996094e+02, 2.856512145996094e+02, 2.856512145996094e+02, 2.991607666015625e+02, 2.972532348632812e+02, 2.973821411132812e+02, 3.041526489257812e+02, 3.036444091796875e+02, 3.026739196777344e+02, 3.014192810058594e+02, 3.00988525390625e+02, 3.011350708007812e+02, 3.012257080078125e+02, 3.015526428222656e+02, 3.015128479003906e+02, 3.016750793457031e+02, 2.894598693847656e+02, 2.894598693847656e+02, 2.894598693847656e+02, 2.894598693847656e+02, 2.894598693847656e+02, 2.894598693847656e+02, 2.894598693847656e+02, 3.007245178222656e+02, 2.992647399902344e+02, 2.995301208496094e+02, 3.041500854492188e+02, 3.041998901367188e+02, 2.894017028808594e+02, 2.882259216308594e+02, 2.892638549804688e+02, 2.895520935058594e+02, 2.900822143554688e+02, 2.899851989746094e+02, 2.892330627441406e+02, 2.889861755371094e+02, 2.898824157714844e+02, 2.898824157714844e+02, 2.898824157714844e+02, 2.898824157714844e+02, 2.898824157714844e+02, 2.898824157714844e+02, 2.898824157714844e+02, 3.024120178222656e+02, 3.05945556640625e+02, 2.950243835449219e+02, 2.969646911621094e+02, 2.903004455566406e+02, 2.906875305175781e+02, 2.910469055175781e+02, 2.911760559082031e+02, 2.912469482421875e+02, 2.911307678222656e+02, 2.910413818359375e+02, 2.906614685058594e+02, 2.893165893554688e+02, 2.877045593261719e+02, 2.877045593261719e+02, 2.877045593261719e+02, 2.877045593261719e+02, 2.877045593261719e+02]
hvac.res.EFan=[0e+00, -3.691942083605682e-06, -3.691942083605682e-06, 5.770479736328125e+02, 6.23523583984375e+03, 1.009391796875e+04, 1.3950873046875e+04, 1.7823548828125e+04, 2.1681841796875e+04, 2.5540505859375e+04, 2.9397791015625e+04, 3.3254484375e+04, 3.711135546875e+04, 4.096821875e+04, 4.482509375e+04, 4.8681640625e+04, 5.1900015625e+04, 5.1900015625e+04, 5.1900015625e+04, 5.1900015625e+04, 5.1900015625e+04, 5.1900015625e+04, 5.1900015625e+04, 5.37907109375e+04, 7.246325e+04, 9.20129375e+04, 1.060700859375e+05, 1.131276015625e+05, 1.17155015625e+05, 1.21033390625e+05, 1.249380078125e+05, 1.288655859375e+05, 1.32790734375e+05, 1.36705515625e+05, 1.40590390625e+05, 1.4450365625e+05, 1.47821265625e+05, 1.47821265625e+05, 1.47821265625e+05, 1.47821265625e+05, 1.47821265625e+05, 1.47821265625e+05, 1.47821265625e+05, 1.49716484375e+05, 1.68389671875e+05, 1.8793928125e+05, 2.019964375e+05, 2.09054e+05, 2.13081953125e+05, 2.169760625e+05, 2.20937828125e+05, 2.2489953125e+05, 2.2881740625e+05, 2.32749484375e+05, 2.3671734375e+05, 2.4069271875e+05, 2.44003515625e+05, 2.44003515625e+05, 2.44003515625e+05, 2.44003515625e+05, 2.44003515625e+05, 2.44003515625e+05, 2.44003515625e+05, 2.45924671875e+05, 2.645985625e+05, 2.8414865625e+05, 2.9819865625e+05, 3.052436875e+05, 3.0921934375e+05, 3.13072875e+05, 3.16927125e+05, 3.20783e+05, 3.2463871875e+05, 3.2849571875e+05, 3.3235265625e+05, 3.3620878125e+05, 3.3942578125e+05, 3.3942578125e+05, 3.3942578125e+05, 3.3942578125e+05, 3.3942578125e+05, 3.3942578125e+05, 3.3942578125e+05, 3.4131209375e+05, 3.512133125e+05, 3.5522015625e+05, 3.5910515625e+05, 3.6296946875e+05, 3.6682478125e+05, 3.7068325e+05, 3.7454025e+05, 3.7839703125e+05, 3.8225396875e+05, 3.8611090625e+05, 3.89967875e+05, 3.938248125e+05, 3.9704340625e+05, 3.9704340625e+05, 3.9704340625e+05, 3.9704340625e+05, 3.9704340625e+05]
hvac.res.EHea=[0e+00, 0e+00, 0e+00, 7.2429794921875e+03, 9.56961328125e+04, 1.5551121875e+05, 2.09516625e+05, 2.802738125e+05, 3.2630321875e+05, 3.753639375e+05, 4.3012309375e+05, 4.9440053125e+05, 5.5518575e+05, 6.151254375e+05, 6.814813125e+05, 7.796188125e+05, 8.876849375e+05, 8.876849375e+05, 8.876849375e+05, 8.876849375e+05, 8.876849375e+05, 8.876849375e+05, 8.876849375e+05, 9.30372625e+05, 1.099063e+06, 1.26803825e+06, 1.388325125e+06, 1.492711625e+06, 1.60789625e+06, 1.73097675e+06, 1.850878125e+06, 1.969551625e+06, 2.086311625e+06, 2.2060065e+06, 2.336226e+06, 2.47974275e+06, 2.6012505e+06, 2.6012505e+06, 2.6012505e+06, 2.6012505e+06, 2.6012505e+06, 2.6012505e+06, 2.6012505e+06, 2.64489675e+06, 2.816515e+06, 2.987946e+06, 3.1100535e+06, 3.216623e+06, 3.3321195e+06, 3.459093e+06, 3.59234225e+06, 3.719117e+06, 3.848117e+06, 3.97934975e+06, 4.109949e+06, 4.240337e+06, 4.3482135e+06, 4.3482135e+06, 4.3482135e+06, 4.3482135e+06, 4.3482135e+06, 4.3482135e+06, 4.3482135e+06, 4.3857795e+06, 4.542099e+06, 4.6965085e+06, 4.7933675e+06, 4.8755295e+06, 4.9541395e+06, 5.033305e+06, 5.091814e+06, 5.145773e+06, 5.187694e+06, 5.2234555e+06, 5.2633695e+06, 5.328566e+06, 5.395984e+06, 5.395984e+06, 5.395984e+06, 5.395984e+06, 5.395984e+06, 5.395984e+06, 5.395984e+06, 5.4292655e+06, 5.5255025e+06, 5.599953e+06, 5.6575985e+06, 5.71267e+06, 5.733832e+06, 5.757582e+06, 5.7822985e+06, 5.8067425e+06, 5.8308765e+06, 5.855523e+06, 5.882755e+06, 5.9137215e+06, 5.9536045e+06, 5.9536045e+06, 5.9536045e+06, 5.9536045e+06, 5.9536045e+06]
hvac.res.ECoo=[0e+00, 0e+00, 0e+00, 0e+00, 0e+00, 0e+00, 0e+00, 0e+00, 0e+00, 0e+00, 0e+00, 0e+00, 0e+00, 0e+00, 0e+00, 0e+00, 0e+00, 0e+00, 0e+00, 0e+00, 0e+00, 0e+00, 0e+00, 0e+00, 0e+00, 0e+00, 0e+00, 0e+00, 0e+00, 0e+00, 0e+00, 0e+00, 0e+00, 0e+00, 0e+00, 0e+00, 0e+00, 0e+00, 0e+00, 0e+00, 0e+00, 0e+00, 0e+00, 0e+00, 0e+00, 0e+00, 0e+00, 0e+00, 0e+00, 0e+00, 0e+00, 0e+00, 0e+00, 0e+00, 0e+00, 0e+00, 0e+00, 0e+00, 0e+00, 0e+00, 0e+00, 0e+00, 0e+00, 0e+00, 0e+00, 0e+00, 0e+00, 0e+00, 0e+00, 0e+00, 0e+00, 0e+00, 0e+00, 0e+00, 0e+00, 0e+00, 0e+00, 0e+00, 0e+00, 0e+00, 0e+00, 0e+00, 0e+00, 0e+00, 0e+00, 0e+00, 0e+00, 0e+00, 0e+00, 0e+00, 0e+00, 0e+00, 0e+00, 0e+00, 0e+00, 0e+00, 0e+00, 0e+00, 0e+00, 0e+00, 0e+00]
