last-generated=2016-06-28
statistics-simulation=
{
  "numerical Jacobians": "0", 
  "nonlinear": " ", 
  "linear": " "
}
conAir.m_flow=[0.20000000298023223877, 0.20000000298023223877]
time=[0., 1.]
conAir.T=[295.1300048828125, 295.1300048828125]
conAir.X_w=[0.00999999977648258209, 0.00999999977648258209]
conAir.C[1]=[0.00999999977648258209, 0.00999999977648258209]
souRev.outlet.backward.T=[283.149993896484375, 283.149993896484375]
souRev.outlet.backward.X_w=[0.01200000010430812836, 0.01200000010430812836]
souRev.outlet.backward.C[1]=[0.80000001192092895508, 0.80000001192092895508]
