last-generated=2015-05-08
statistics-simulation={'numerical Jacobians': '0', 'nonlinear': '1', 'linear': ' '}
fin.fraSun=[0., 0., 0., 0., 0., 0., 0., 0., 0., 0., 0., 0., 0., 0., 0., 0., 0., -0.00000000000000014799, -0.00000000000000014799, 0., 0., -0.00000000000000014799, 0., -0.00000000000000014799, -0.00000000000000014799, 0., 0., 0., -0.0000000000000000166, 0., 0., 0.18552128970623016357, 0.31927931308746337891, 0.38361033797264099121, 0.44234308600425742419, 0.49643206596374489514, 0.54663860797882080078, 0.59357881546020507812, 0.63775807619094848633, 0.67959666252136230469, 0.71944814920425415039, 0.75761401653289794922, 0.79435431957244873047, 0.82989645004272460938, 0.86444151401519775391, 0.89817017316818237305, 0.93124681711196899414, 0.96382337808609008789, 0.99680495262145996094, 1., 1., 1.00001215934753417969, 0.97597813606262207031, 0.94354796409606933594, 0.91067063808441162109, 0.87719780206680264545, 0.84297001361846890521, 0.80781292915344271588, 0.77153337001800537109, 0.7339140772819519043, 0.69470763206481933594, 0.65362852811813354492, 0.61034339666366577148, 0.56445777416229248047, 0.51549929380416870117, 0.46289503574371337891, 0.40594041347503662109, 0.34375676512718200684, 0.27523100376129089328, 0., 0., 0., 0., 0., -0.00000000000000014799, 0., 0., -0.00000000000000014799, -0.00000000000000014799, 0., 0., -0.00000000000000014799, 0., 0., 0., 0., 0., 0., 0., 0., 0., 0., 0., 0., 0., 0., 0., 0., 0., 0., 0.]
time=[0., 86400.]
