last-generated=2014-03-27
valTab.m_flow=[0.00000124999996842234, 0.01257335546102229286, 0.04018032267646489547, 0.06017072260315842192, 0.08016128271734561384, 0.10015199929544341129, 0.12014287978289817094, 0.14013391673591335529, 0.16012512504898598897, 0.18011646747898196752, 0.20010800361758757093, 0.22009967386673714995, 0.24009152292987434585, 0.26008353590581578807, 0.28007566809701311961, 0.30006797910198484969, 0.32006049871178249289, 0.34005310773982716510, 0.36004589558169952657, 0.38003889202904617139, 0.40003200769628721734, 0.42002530216731065460, 0.44001871585769564144, 0.46001230836181955519, 0.48000607967048969371, 0.50000000000000000000, 0.51999409913448291221, 0.53998831749569919936, 0.55998271465369020561, 0.57997729062586411697, 0.59997198582299515746, 0.61996685981871280102, 0.63996191262857793358, 0.65995708466201452591, 0.67995249509971278368, 0.69994802474709127971, 0.71994367361665578819, 0.73993950128754248929, 0.75993550777250562511, 0.77993169307197152129, 0.79992799759124300074, 0.81992448091379055430, 0.83992114305066334357, 0.85991792440627590199, 0.87991488456655020389, 0.89991202354111410333, 0.91990928173289010505, 0.93990671873064224329, 0.95990433454257750867, 0.97990206957062353510, 0.99989998340606689453, 1.01989807605572879723, 1.03989640712283293311, 1.05989473819221080575, 1.07989318848039950183, 1.09989199638508816648, 1.11989092350020325028, 1.13988996982489187992, 1.15988913535872817384, 1.17988853931114356932, 1.19988794326924330669, 1.21988770485009578870, 1.23988746643094827071, 1.25988758563966940507, 1.27988770484924319071, 1.29988806247711186082, 1.31988842010498053092, 1.33988913535972309354, 1.35988985061645517582, 1.37989092350034514567, 1.39989199638508798884, 1.41989330768840993358, 1.43989461898462645095, 1.45989628791581704803, 1.47989807605572876170, 1.49989998340606689453, 1.51990212917498412892, 1.53990439415319091410, 1.55990677834239233057, 1.57990928172553601883, 1.59991202354075889858, 1.61991488456655030603, 1.63991798401049426737, 1.65992120266458065281, 1.67992454052753004135, 1.69992799758058499293, 1.71993169307197146800, 1.73993550777264771590, 1.75993956089190306535, 1.77994373322044796559, 1.79994802475970328004, 1.81995243548252716437, 1.83995708464879870192, 1.85996185302435956821, 1.87996685981878375316, 1.89997198582335036221, 1.91997735024521687386, 1.93998271463766758238, 1.95998831747939239456, 1.97999403953040653548, 2.00000000000000000000]
time=[0.00000000000000000000, 1.00000000000000000000]
