last-generated=2022-08-05
statistics-initialization=
{
  "nonlinear": "8",
  "numerical Jacobians": "0"
}
statistics-simulation=
{
  "linear": " ",
  "nonlinear": " ",
  "numerical Jacobians": "0"
}
time=[0e+00, 1e+00]
err_V2[1]=[-2.903392016887665e-01, -2.903392016887665e-01]
err_V2[2]=[-4.384472370147705e-01, -4.384472370147705e-01]
err_V2[3]=[2.322341352701187e-01, 2.322341352701187e-01]
err_V3[1]=[-4.211664497852325e-01, -4.211664497852325e-01]
err_V3[2]=[3.196714520454407e-01, 3.196714520454407e-01]
err_V3[3]=[-1.342569384723902e-02, -1.342569384723902e-02]
err_V4[1]=[1.482665073126554e-03, 1.482665073126554e-03]
err_V4[2]=[-1.492588967084885e-01, -1.492588967084885e-01]
err_V4[3]=[-2.441828697919846e-01, -2.441828697919846e-01]
err_Theta2[1]=[4.064436361659318e-04, 4.064436361659318e-04]
err_Theta2[2]=[5.637859794660471e-05, 5.637859794660471e-05]
err_Theta2[3]=[4.11194923799485e-04, 4.11194923799485e-04]
err_Theta3[1]=[-1.833563146647066e-04, -1.833563146647066e-04]
err_Theta3[2]=[-6.402218714356422e-04, -6.402218714356422e-04]
err_Theta3[3]=[-3.692729223985225e-04, -3.692729223985225e-04]
err_Theta4[1]=[-4.571145691443235e-04, -4.571145691443235e-04]
err_Theta4[2]=[7.041097269393504e-04, 7.041097269393504e-04]
err_Theta4[3]=[-9.390140767209232e-04, -9.390140767209232e-04]
