last-generated=2014-10-28
vol.T=[293.14999389648437500000, 296.32861328125000000000, 299.01364135742187500000, 301.27194213867187500000, 303.16928100585937500000, 304.75878906250000000000, 306.08789062500000000000, 307.20251464843750000000, 308.13861083984375000000, 308.92416381835937500000, 309.58560180664062500000, 310.14300537109375000000, 310.61376953125000000000, 311.01098632812500000000, 311.34649658203125000000, 311.62960815429687500000, 311.86840820312500000000, 312.06988525390625000000, 312.24044799804687500000, 312.38439941406250000000, 312.50619506835937500000, 312.60879516601562500000, 312.69577026367187500000, 312.76989746093750000000, 312.83316040039062500000, 312.88720703125000000000, 309.75036621093750000000, 307.10061645507812500000, 304.87197875976562500000, 302.99957275390625000000, 301.43096923828125000000, 300.11932373046875000000, 299.01934814453125000000, 298.09555053710937500000, 297.32028198242187500000, 296.66754150390625000000, 296.11743164062500000000, 295.65286254882812500000, 295.26086425781250000000, 294.92974853515625000000, 294.65036010742187500000, 294.41473388671875000000, 294.21588134765625000000, 294.04757690429687500000, 293.90548706054687500000, 293.78530883789062500000, 293.68405151367187500000, 293.59820556640625000000, 293.52499389648437500000, 293.46240234375000000000, 293.40881347656250000000, 296.54629516601562500000, 299.19656372070312500000, 301.42565917968750000000, 303.29843139648437500000, 304.86737060546875000000, 306.17926025390625000000, 307.27947998046875000000, 308.20343017578125000000, 308.97872924804687500000, 309.63153076171875000000, 310.18161010742187500000, 310.64630126953125000000, 311.03823852539062500000, 311.36950683593750000000, 311.64886474609375000000, 311.88464355468750000000, 312.08346557617187500000, 312.25189208984375000000, 312.39401245117187500000, 312.51425170898437500000, 312.61560058593750000000, 312.70141601562500000000, 312.77453613281250000000, 312.83694458007812500000, 312.89016723632812500000, 309.75286865234375000000, 307.10272216796875000000, 304.87374877929687500000, 303.00106811523437500000, 301.43222045898437500000, 300.12039184570312500000, 299.02023315429687500000, 298.09628295898437500000, 297.32092285156250000000, 296.66809082031250000000, 296.11788940429687500000, 295.65322875976562500000, 295.26116943359375000000, 294.93002319335937500000, 294.65060424804687500000, 294.41491699218750000000, 294.21606445312500000000, 294.04769897460937500000, 293.90560913085937500000, 293.78540039062500000000, 293.68414306640625000000, 293.59829711914062500000, 293.52511596679687500000, 293.46267700195312500000, 293.40933227539062500000]
time=[0.00000000000000000000, 7200.00000000000000000000]
expVes.port_a.p=[300000.00000000000000000000, 300000.00000000000000000000]
