last-generated=2015-01-26
vol.T=[293.14999389648437500000, 294.74960324842186309979, 296.22390742812513053650, 297.58340438445526388023, 298.83587639259354773458, 299.98553466796875000000, 301.04644750983476342299, 302.01986705399008314998, 302.91543568813381170912, 303.73706073302997765495, 304.49151611328125000000, 305.18344100280211250720, 305.81829804742449141486, 306.40139796941235772465, 306.93820202624203830055, 307.43280029296875000000, 307.88467396814655785420, 308.30038432969109862825, 308.68399065313775508912, 309.03741463038028314259, 309.36053466796875000000, 309.65863064234173407385, 309.93469225504657060810, 310.18881237038306153408, 310.42132546895277300791, 310.63610839843750000000, 310.83526629518036088484, 311.01809683993627686505, 311.18582160938245806392, 311.34072861657466546603, 311.48440551757812500000, 311.61587536317540525488, 311.73675531528709825579, 311.84841924031212556656, 311.95196523613401495822, 312.04696655273437500000, 312.13461311670840814259, 312.21548458181490559582, 312.29013064914039432551, 312.35900872547057360862, 312.42245483398437500000, 312.48083501390652827467, 312.53457651409564732603, 312.58441152912553206988, 312.63052363900345653747, 312.67318725585937500000, 312.71270755547453745748, 312.74932867992907858934, 312.78326409729191937004, 312.81469723652116954327, 312.84301757812500000000, 312.86825563808088190854, 312.89120487531187109198, 312.91204830171767525826, 312.93093870338634587824, 312.94812011718750000000, 312.96374513130285777152, 312.97802736907033249736, 312.99066159810172393918, 313.00210570241324603558, 313.01254272460937500000, 313.02215577044989913702, 313.03109742840752005577, 313.03955076553393155336, 313.04769896689685992897, 313.05545043945312500000, 313.06155396060785278678, 313.06716919963946565986, 313.07241820299532264471, 313.07736205589026212692, 313.08209228515625000000, 313.08670044396421872079, 313.09130860277218744159, 313.09548949525924399495, 313.09890746750170364976, 313.10211181640625000000, 313.10513305940548889339, 313.10803223180118948221, 313.11083983822027221322, 313.11358642316190525889, 313.11630249023437500000, 313.11883543990575162752, 313.12115478952171088167, 313.12335204670682742290, 313.12539673608245038849, 313.12731933593750000000, 313.12911986664420282978, 313.13076782546698950682, 313.13229369855258710231, 313.13388062047295079537, 313.13534545898437500000, 313.13671874476142420463, 313.13796997303137459312, 313.13916015421278871145, 313.14025879313692257710, 313.14123535156250000000, 313.14215087541384718861, 313.14294433739263467942, 313.14367675635736532058, 313.14428711170324959312, 313.14480590820312500000]
time=[0.00000000000000000000, 10.00000000000000000000]
