last-generated=2015-07-01
statistics-initialization={'numerical Jacobians': '0', 'nonlinear': '12', 'linear': '19'}
statistics-simulation={'numerical Jacobians': '0', 'nonlinear': '1, 1, 12, 1, 1, 1, 1', 'number of continuous time states': '49', 'linear': '0, 0, 0, 0, 0, 0, 0, 0, 0, 0, 0'}
staRes.minT.Max=[271.54998779296875, 271.54998779296875]
staRes.maxT.Max=[317.95001220703125, 317.95001220703125]
staRes.maxT.Min=[314.75, 314.75]
TRooHou.y=[0., 281.14443359375002273737, 288.92659301757811363132, 296.087615966796875, 296.07171630859375, 292.38873291015625, 289.69194946289064773737, 291.89893798828126136868, 290.54212036132810226263, 298.91571044921875, 278.710418701171875, 284.58198852539061363132, 300.31530151367189773737, 281.58486328125002273737, 291.77659912109373863132, 299.20355224609375, 293.41315307617185226263, 292.00274658203125, 293.91115722656252273737, 289.6226806640625, 297.026824951171875, 296.11231079101560226263, 292.34966430664064773737, 292.82907714843747726263, 303.66249389648436363132, 296.1375732421875, 293.11643066406247726263, 298.08474121093752273737, 290.01964111328123863132, 296.68178710937502273737, 297.766387939453125, 297.75675659179688636868, 305.83796386718751136868, 293.26837158203125, 297.77876586914061363132, 298.567047119140625, 291.62809448242188636868, 299.26027221679686363132, 305.12766723632813636868, 296.2587890625, 301.485870361328125, 300.57500610351564773737, 297.43494873046876136868, 303.33021850585936363132, 292.44875488281252273737, 300.4805908203125, 298.57273559570313636868, 300.707733154296875, 301.34098510742188636868, 307.18699951171873863132, 309.13555908203125, 297.9449462890625, 307.12391357421876136868, 303.26143188476561363132, 304.43931274414063636868, 310.207672119140625, 305.93905029296877273737, 308.83658447265622726263, 312.35440673828122726263, 303.22065429687501136868, 305.721221923828125, 310.33015136718751136868, 302.16641845703122726263, 309.18398437500002273737, 306.91998901367185226263, 302.788604736328125, 311.36476440429686363132, 312.83681030273436363132, 306.09950561523436363132, 310.19708251953125, 306.60675048828125, 300.78474121093751136868, 304.37909545898435226263, 302.851898193359375, 299.42653808593752273737, 300.73974609375, 300.33997192382810226263, 294.48169555664060226263, 302.34687500000001136868, 300.16389160156251136868, 304.653594970703125, 310.19910888671876136868, 297.69409790039060226263, 292.90919799804686363132, 295.54499511718751136868, 295.6279296875, 299.14118041992185226263, 286.45797119140627273737, 292.27619628906251136868, 300.52690429687498863132, 297.1124267578125, 293.48555908203127273737, 286.37037353515626136868, 287.37463989257810226263, 284.01747436523436363132, 291.101715087890625, 285.84331665039064773737, 293.41697387695313636868, 303.20708618164064773737, 289.70014038085935226263, 294.137908935546875]
time=[0., 31536000.]
staRes.minT.Min=[266.75, 266.75]
staRes.minT.Mean=[268.95001220703125, 268.95001220703125]
staRes.maxT.Mean=[316.25, 316.25]
staRes.meanT.Min=[297.649993896484375, 297.649993896484375]
TRooAnn.y=[0., 0., 0., 0., 0., 0., 0., 0., 0., 0., 0., 0., 0., 0., 0., 0., 0., 0., 0., 0., 0., 0., 0., 0., 0., 0., 0., 0., 0., 0., 0., 0., 0., 0., 0., 0., 0., 0., 0., 0., 0., 0., 0., 0., 0., 0., 0., 0., 0., 0., 0., 0., 0., 0., 0., 0., 0., 0., 0., 0., 0., 0., 0., 0., 0., 0., 0., 0., 0., 0., 0., 0., 0., 0., 0., 0., 0., 0., 0., 0., 0., 0., 0., 0., 0., 0., 0., 0., 0., 0., 0., 0., 0., 0., 0., 0., 0., 0., 0., 0., 0.]
staRes.meanT.Mean=[298.350006103515625, 298.350006103515625]
staRes.meanT.Max=[299.04998779296875, 299.04998779296875]
