last-generated=2014-02-12
powerLinearized.y=[-0.25000000000000000000, -0.23999999441206579243, -0.23000000372528947579, -0.21999999813735424126, -0.20999999254942439131, -0.20000000372529169734, -0.18999999627470720576, -0.18000000745057948004, -0.16999999999999998446, -0.16000000000000000333, -0.15000000745056948914, -0.14000000000000001332, -0.12999999254943939153, -0.11999999254943716220, -0.10999999999999998668, -0.10000000745055839801, -0.08999999999999999667, -0.07999999999999998779, -0.07000000745055395823, -0.05999999627471414021, -0.05000000372528473624, -0.03999999254943162330, -0.02999999813735818033, -0.02000000372528251691, -0.00999999441207705120, 0.00000000000000000000, 0.01000000931320799147, 0.01999998882414910639, 0.02999999813735820808, 0.04000000745056503382, 0.04999998882415129797, 0.05999999627471414021, 0.07000000745055395823, 0.07999998509888767151, 0.09000000000000002442, 0.10000000745055837026, 0.10999998509889208353, 0.11999999254943716220, 0.13000000000000000444, 0.14000001490116120717, 0.15000000000000002220, 0.15999999999999997558, 0.17000001490116117830, 0.17999999999999999334, 0.19000000000000000222, 0.20000001490116120495, 0.20999998509890099863, 0.21999999999999997335, 0.23000001490108124003, 0.23999998509890985154, 0.25000000000000000000, 0.26010001680353966869, 0.27040000757199789128, 0.28090003190959306201, 0.29159996580651259546, 0.30249999644770175777, 0.31360000105376556467, 0.32490000945550812084, 0.33640002163364923771, 0.34810003757874702357, 0.35999998574284602926, 0.37209997818989043461, 0.38440000420578757101, 0.39690000420557441929, 0.40960000799157336715, 0.42250004534642510157, 0.43559997797527466590, 0.44889999183207296429, 0.46239997965361218091, 0.47610000105387201286, 0.49000002624949112739, 0.50410005521220069280, 0.51839997230622714142, 0.53289994796820572276, 0.54759995719946330528, 0.56250000000000000000, 0.57760001680353967313, 0.59290000757171368306, 0.60840003190916680520, 0.62409999560883500092, 0.63999996664555702797, 0.65609997125144314811, 0.67240000945540157051, 0.68890002163389785217, 0.70560006738067859722, 0.72249998574284601816, 0.73959997818967726513, 0.75690000420578762430, 0.77440000420557442151, 0.79210003779368265420, 0.81000004534642511267, 0.82809997797566547995, 0.84639999183232172975, 0.86489997965361220533, 0.88360000105383640356, 0.90249999644734635318, 0.92160002541019803157, 0.94089997230580080245, 0.96039994796848993097, 0.98009995719960540939, 1.00000000000000000000]
time=[0.00000000000000000000, 1.00000000000000000000]
