last-generated=2022-08-05
statistics-initialization=
{
  "nonlinear": "8",
  "numerical Jacobians": "0"
}
statistics-simulation=
{
  "linear": " ",
  "nonlinear": " ",
  "numerical Jacobians": "0"
}
time=[0e+00, 1e+00]
err_V2[1]=[4.157203249633312e-03, 4.157203249633312e-03]
err_V2[2]=[-3.352388143539429e-01, -3.352388143539429e-01]
err_V2[3]=[-3.279884457588196e-01, -3.279884457588196e-01]
err_V3[1]=[-4.866242706775665e-01, -4.866242706775665e-01]
err_V3[2]=[3.351149708032608e-02, 3.351149708032608e-02]
err_V3[3]=[2.597651258111e-02, 2.597651258111e-02]
err_V4[1]=[-4.1787189245224e-01, -4.1787189245224e-01]
err_V4[2]=[-4.090728163719177e-01, -4.090728163719177e-01]
err_V4[3]=[-4.669332206249237e-01, -4.669332206249237e-01]
err_Theta2[1]=[1.972882892005146e-04, 1.972882892005146e-04]
err_Theta2[2]=[2.001358807319775e-04, 2.001358807319775e-04]
err_Theta2[3]=[3.233008610550314e-04, 3.233008610550314e-04]
err_Theta3[1]=[-5.34291539224796e-05, -5.34291539224796e-05]
err_Theta3[2]=[-7.155983621487394e-05, -7.155983621487394e-05]
err_Theta3[3]=[-4.979174264008179e-05, -4.979174264008179e-05]
err_Theta4[1]=[-1.199310863739811e-04, -1.199310863739811e-04]
err_Theta4[2]=[1.05114805046469e-03, 1.05114805046469e-03]
err_Theta4[3]=[-6.718691438436508e-04, -6.718691438436508e-04]
