last-generated=2015-06-05
statistics-initialization={'numerical Jacobians': '0', 'nonlinear': '12', 'linear': '19'}
statistics-simulation={'numerical Jacobians': '0', 'nonlinear': '1, 12, 1, 1, 1, 1, 1', 'number of continuous time states': '49', 'linear': '0, 0, 0, 0, 0, 0, 0, 0, 0, 0, 0'}
staRes.minT.Max=[271.54998779296875, 271.54998779296875]
staRes.maxT.Max=[317.95001220703125, 317.95001220703125]
staRes.maxT.Min=[314.75, 314.75]
TRooHou.y=[0., 281.143280029296875, 288.92528686523439773737, 296.08599243164064773737, 296.071380615234375, 292.38885498046875, 289.69164428710939773737, 291.89896850585938636868, 290.54212036132810226263, 298.915191650390625, 278.709808349609375, 284.58583984375002273737, 300.31684570312501136868, 281.58430786132811363132, 291.77653808593748863132, 299.20404052734375, 293.41327514648435226263, 291.99849853515627273737, 293.90999755859377273737, 289.62257080078126136868, 297.027374267578125, 296.11039428710938636868, 292.34932861328127273737, 292.828369140625, 303.66378173828127273737, 296.138214111328125, 293.11500244140626136868, 298.08719482421872726263, 290.02095947265627273737, 296.68139038085939773737, 297.76629638671875, 297.756591796875, 305.837646484375, 293.268402099609375, 297.77916259765623863132, 298.567291259765625, 291.627471923828125, 299.25979003906252273737, 305.12763061523435226263, 296.25880737304686363132, 301.485870361328125, 300.57597656249998863132, 297.43568115234376136868, 303.32994384765623863132, 292.44866333007814773737, 300.4808349609375, 298.57215576171876136868, 300.70735473632811363132, 301.34082641601560226263, 307.18651123046873863132, 309.13494873046875, 297.9449462890625, 307.12481689453125, 303.26127929687498863132, 304.43945922851560226263, 310.209320068359375, 305.93938598632814773737, 308.83600463867185226263, 312.35724487304685226263, 303.22098999023438636868, 305.722015380859375, 310.32926025390622726263, 302.16667480468748863132, 309.18410644531252273737, 306.919464111328125, 302.788604736328125, 311.36476440429686363132, 312.837493896484375, 306.09882812500001136868, 310.19598388671875, 306.607330322265625, 300.783721923828125, 304.37880249023436363132, 302.85205078125, 299.42687377929689773737, 300.74053955078125, 300.34076538085935226263, 294.481964111328125, 302.34671630859372726263, 300.16223754882810226263, 304.651275634765625, 310.19704589843752273737, 297.693115234375, 292.90922241210938636868, 295.54486694335935226263, 295.62811279296875, 299.1407470703125, 286.45967407226561363132, 292.27641601562498863132, 300.52711791992186363132, 297.1124267578125, 293.48491821289064773737, 286.37030639648435226263, 287.37461547851563636868, 284.016876220703125, 291.101776123046875, 285.84415283203122726263, 293.41667480468748863132, 303.20685424804685226263, 289.70014038085935226263, 294.13775634765625]
time=[0., 31536000.]
staRes.minT.Min=[266.75, 266.75]
staRes.minT.Mean=[268.95001220703125, 268.95001220703125]
staRes.maxT.Mean=[316.25, 316.25]
staRes.meanT.Min=[297.649993896484375, 297.649993896484375]
TRooAnn.y=[0., 0., 0., 0., 0., 0., 0., 0., 0., 0., 0., 0., 0., 0., 0., 0., 0., 0., 0., 0., 0., 0., 0., 0., 0., 0., 0., 0., 0., 0., 0., 0., 0., 0., 0., 0., 0., 0., 0., 0., 0., 0., 0., 0., 0., 0., 0., 0., 0., 0., 0., 0., 0., 0., 0., 0., 0., 0., 0., 0., 0., 0., 0., 0., 0., 0., 0., 0., 0., 0., 0., 0., 0., 0., 0., 0., 0., 0., 0., 0., 0., 0., 0., 0., 0., 0., 0., 0., 0., 0., 0., 0., 0., 0., 0., 0., 0., 0., 0., 0., 0.]
staRes.meanT.Mean=[298.350006103515625, 298.350006103515625]
staRes.meanT.Max=[299.04998779296875, 299.04998779296875]
