last-generated=2015-03-09
RL.i[1]=[0.74762982130050659180, 0.74762982130050659180]
RL.i[2]=[-0.22671832144260406494, -0.22671832144260406494]
time=[0.00000000000000000000, 1.00000000000000000000]
sen.V=[1.00000000000000000000, 1.00000000000000000000]
sen.theta=[0.34906584024429321289, 0.34906584024429321289]
