last-generated=2015-06-05
statistics-simulation={'numerical Jacobians': '0', 'nonlinear': ' ', 'number of continuous time states': '7', 'linear': ' '}
cra.v=[0., 0., 0., 0., 0., 0., 0., 0., 0., 0., 0., 0., 0., 0., 0., 0., 0., 0., 0., 0., 0., 0., 0., 0., 0., 0., 0.07887347042560577393, 0.15708184242248560136, 0.23655281960964227861, 0.31547427177429199219, 0.39406299591064453125, 0.47308698296546936035, 0.55195462703704833984, 0.63084435462951660156, 0.70977061986923217773, 0.78869426250457763672, 0.86755102872848510742, 0.94639980792999267578, 1.02525866031646728516, 1.10412061214447021484, 1.18296754360198974609, 1.26177418231964111328, 1.34051036834716796875, 1.41914260387420654297, 1.49763584136962890625, 1.57595324516296386719, 1.65559422969818115234, 1.73557114601135253906, 1.81486928462982177734, 1.89370584487915039062, 1.97227489948272705078, 2.05075097084045410156, 2.12929224967956542969, 2.20804333686828613281, 2.2872059345245365769, 2.36663222312927290503, 2.44571137428283735815, 2.52462434768676757812, 2.60353875160217285156, 2.68261003494262695312, 2.76183223724365234375, 2.84014892578125, 2.91872048377990722656, 2.99748921394348144531, 3.07640051841735839844, 3.15540242195129394531, 3.23444485664367675781, 3.31348061561584472656, 3.39246439933776855469, 3.47135233879089355469, 3.55012655258178710938, 3.62900018692016601562, 3.70790004730224609375, 3.78681159019470214844, 3.86572027206420898438, 3.9446125030517578125, 3.9456920623779296875, 3.9462738037109375, 3.94647264480590820312, 3.94640254974365234375, 3.94617795944213867188, 3.94591259956359863281, 3.94572138786315917969, 3.94571828842163085938, 3.94596886634826660156, 3.94597458839416503906, 3.94597744941711425781, 3.94597840309143066406, 3.94597792625427246094, 3.94597673416137695312, 3.94597530364990234375, 3.94597411155700683594, 3.9459743499755859375, 3.94597554206848144531, 3.94597578048706054688, 3.94597578048706054688, 3.94597578048706054688, 3.94597578048706054688, 3.94597578048706054688, 3.94597578048706054688, 3.94597578048706054688]
time=[0., 7200.]
cra.m_flow=[0., 0., 0., 0., 0., 0., 0., 0., 0., 0., 0., 0., 0., 0., 0., 0., 0., 0., 0., 0., 0., 0., 0., 0., 0., 0., 0.00009994165884563699, 0.00019904055807273865, 0.00029973933123983475, 0.00039974178071133792, 0.00049932266119867563, 0.00059945503016933799, 0.00069938931846991181, 0.00079935160465538502, 0.00089936010772362351, 0.00099936535116285086, 0.00109928578604012728, 0.00119919620919972658, 0.00129911932162940502, 0.00139904639218002558, 0.00149895448703318834, 0.00159881135914474726, 0.00169857905711978674, 0.00179821508936583996, 0.0018976748688146472, 0.00199691206216812134, 0.00209782621823251247, 0.00219916598871350288, 0.00229964591562747955, 0.00239954073913395405, 0.00249909656122326851, 0.00259853480383753777, 0.00269805546849966049, 0.00279784202575683594, 0.00289815012365579648, 0.0029987923335283999, 0.0030989944934844975, 0.00319898617453873158, 0.00329897971823811531, 0.00339917209930717945, 0.00349955563433468342, 0.00359879177995026112, 0.00369835086166858673, 0.00379815977066755295, 0.00389814935624599457, 0.00399825349450111389, 0.00409840932115912437, 0.00419855676591396332, 0.00429863808676600456, 0.00439859833568334579, 0.00449841376394033432, 0.00459835585206747055, 0.00469833100214600563, 0.00479832105338573456, 0.00489830737933516502, 0.00499827275052666664, 0.00499964039772748947, 0.00500037800520658493, 0.00500062992796301842, 0.00500054098665714264, 0.0050002560019493103, 0.00499992026016116142, 0.00499967765063047409, 0.00499967392534017563, 0.00499999150633811951, 0.00499999849125742912, 0.00500000221654772758, 0.00500000361353158951, 0.00500000268220901489, 0.00500000128522515297, 0.00499999942258000374, 0.00499999802559614182, 0.00499999849125742912, 0.00499999988824129105, 0.00499999988824129105, 0.00499999988824129105, 0.00499999988824129105, 0.00499999988824129105, 0.00499999988824129105, 0.00499999988824129105, 0.00499999988824129105]
