last-generated=2015-05-29
statistics-simulation={'numerical Jacobians': '0', 'nonlinear': ' ', 'linear': ' '}
const.k=[0.00100000004749745131, 0.00100000004749745131]
assEquTra2.u2=[0.00100000004749745131, 0.00100000004749745131]
assEquTra2.u1=[0.00100000004749745131, 0.00100000004749745131]
time=[0., 2.]
