last-generated=2015-05-22
statistics-simulation={'numerical Jacobians': '0', 'nonlinear': ' ', 'number of continuous time states': '7', 'linear': ' '}
cra.v=[0., 0., 0., 0., 0., 0., 0., 0., 0., 0., 0., 0., 0., 0., 0., 0., 0., 0., 0., 0., 0., 0., 0., 0., 0., 0., 0.07885404676198959351, 0.15725053846836115068, 0.23650479316711450761, 0.31532981991767883301, 0.39422875642776489258, 0.47306653857231140137, 0.55197930335998535156, 0.63093835115432739258, 0.70984870195388793945, 0.78865611553192138672, 0.86744081974029541016, 0.94616013765335083008, 1.02475416660308837891, 1.10315632820129394531, 1.18129694461822509766, 1.25910449028015136719, 1.33650743961334228516, 1.41343426704406738281, 1.49388766288757324219, 1.57747781276702880859, 1.65858983993530273438, 1.7379474639892578125, 1.81619048118591308594, 1.89389157295227050781, 1.97156929969787597656, 2.0496959686279296875, 2.128704071044921875, 2.20872521400451660156, 2.28766679763793989721, 2.36658191680908247534, 2.4455120563507084519, 2.52449464797973632812, 2.60356354713439941406, 2.68230509757995605469, 2.76104760169982910156, 2.83988499641418457031, 2.91879773139953613281, 2.99776697158813476562, 3.07677435874938964844, 3.1558017730712890625, 3.23483252525329589844, 3.31384944915771484375, 3.39283633232116699219, 3.47125887870788574219, 3.54996609687805175781, 3.62886476516723632812, 3.7078609466552734375, 3.78686499595642089844, 3.86579060554504394531, 3.9445552825927734375, 3.94553661346435546875, 3.946140289306640625, 3.94643640518188476562, 3.94649505615234375, 3.94638657569885253906, 3.9461803436279296875, 3.94594645500183105469, 3.94575524330139160156, 3.94567632675170898438, 3.94577956199645996094, 3.94597125053405761719, 3.94597554206848144531, 3.94597768783569335938, 3.9459781646728515625, 3.94597744941711425781, 3.94597625732421875, 3.94597506523132324219, 3.9459743499755859375, 3.94597458839416503906, 3.94597578048706054688, 3.94597578048706054688, 3.94597578048706054688, 3.94597578048706054688, 3.94597578048706054688, 3.94597578048706054688]
time=[0., 7200.]
cra.m_flow=[0., 0., 0., 0., 0., 0., 0., 0., 0., 0., 0., 0., 0., 0., 0., 0., 0., 0., 0., 0., 0., 0., 0., 0., 0., 0., 0.00009991705155698583, 0.00019925432570744336, 0.00029967847513034972, 0.00039955874672159553, 0.00049953267443925142, 0.00059942912776023149, 0.00069942057598382235, 0.00079947063932195306, 0.00089945906074717641, 0.00099931703880429268, 0.00109914620406925678, 0.00119889248162508011, 0.0012984799686819315, 0.0013978246133774519, 0.00149683759082108736, 0.00159542867913842201, 0.00169350695796310902, 0.00179098197259008884, 0.00189292547293007374, 0.00199884385801851749, 0.00210162205621600151, 0.00220217718742787838, 0.00230131973512470722, 0.00239977613091468811, 0.00249820249155163765, 0.00259719789028167725, 0.00269731017760932446, 0.00279870606027543545, 0.00289873406291008039, 0.00299872853793203874, 0.00309874210506677671, 0.00319882179610431194, 0.00329901115037500858, 0.00339878560043871403, 0.00349856144748628139, 0.00359845743514597416, 0.00369844888336956501, 0.0037985118106007576, 0.00389862293377518654, 0.0039987596683204174, 0.00409890059381723404, 0.00419902428984642029, 0.00429910933598875999, 0.00439848005771636963, 0.00449821073561906815, 0.00459818402305245399, 0.00469828164204955101, 0.00479838857427239418, 0.0048983963206410408, 0.00499820010736584663, 0.0049994434230029583, 0.00500020850449800491, 0.00500058382749557495, 0.00500065833330154419, 0.0050005204975605011, 0.00500025926157832146, 0.00499996310099959373, 0.0049997204914689064, 0.00499962037429213524, 0.00499975169077515602, 0.00499999430030584335, 0.00499999988824129105, 0.00500000268220901489, 0.0050000031478703022, 0.00500000221654772758, 0.00500000081956386566, 0.00499999895691871643, 0.00499999802559614182, 0.00499999895691871643, 0.00499999988824129105, 0.00499999988824129105, 0.00499999988824129105, 0.00499999988824129105, 0.00499999988824129105, 0.00499999988824129105]
