last-generated=2013-10-03
nomCon.per.TEvaIn_nominal=[292.54998779296875000000, 292.54998779296875000000]
nomCon.TOut_nominal=[281.48208618164062500000, 281.48208618164062500000]
time=[0.00000000000000000000, 60.00000000000000000000]
nomCon.hOut_nominal=[23009.13671875000000000000, 23009.13671875000000000000]
nomCon.hEvaIn_nominal=[37009.13671875000000000000, 37009.13671875000000000000]
nomCon.XEvaIn_nominal=[0.00694822892546653748, 0.00694822892546653748]
nomCon.XEvaOut_nominal=[0.00584460608661174774, 0.00584460608661174774]
