last-generated=2015-05-08
statistics-initialization={'numerical Jacobians': '0', 'nonlinear': '2'}
statistics-simulation={'numerical Jacobians': '0', 'nonlinear': '2', 'linear': ' '}
tur.P=[0., 0., 0., 0., 0., 0., 0., 0., 0., 0., 0., 0., 0., 0., 0., 0., 0., 0., 0., 0., 0., 0., 0., 0., 0., 0., 0., 0., 0., 0., 0., 0., 0., 0., 0., 0., 0., 0., 0., 0., 0., 0., 0., 0., 0., 0., 0., 0., 0., 0., 0., 0., 0., 0., 0., 0., 0., 0., 0., 0., 0., 0., 0., 0., 159.1461639404296875, 440.1815185546875, 853.73529052734375, 1479.4775390625, 1896.3560791015634094947, 1778.29565429687795585778, 1229.93664550781795696821, 797.13623046875, 404.2554931640625, 26.6528568267822265625, 144.246368408203125, 300., 0., 0., 0., 0., 0., 0., 0., 0., 0., 200., 6.71883630752563476562, 0., 0., 0., 0., 0., 0., 0., 0., 0., 0., 0., 0., 0., 0.]
res.P=[-500., -500.]
time=[0., 172800.]
sen.V=[480., 480., 480., 480., 480., 480., 480., 480., 480., 480., 480., 480., 480., 480., 480., 480., 480., 480., 480., 480., 480., 480., 480., 480., 480., 480., 480., 480., 480., 480., 480., 480., 480., 480., 480., 480., 480., 480., 480., 480., 480., 480., 480., 480., 480., 480., 480., 480., 480., 480., 480., 480., 480., 480., 480., 480., 480., 480., 480., 480., 480., 480., 480., 480., 480.02984619140625, 480.08251953125, 480.160003662109375, 480.2772216796875, 480.35528564453125, 480.333160400390625, 480.230499267578125, 480.1494140625, 480.075775146484375, 480.0050048828125, 480.02703857421875, 480.056243896484375, 480., 480., 480., 480., 480., 480., 480., 480., 480., 480.037506103515625, 480.001251220703125, 480., 480., 480., 480., 480., 480., 480., 480., 480., 480., 480., 480., 480., 480.]
sou.P.real=[500., 500., 500., 500., 500., 500., 500., 500., 500., 500., 500., 500., 500., 500., 500., 500., 500., 500., 500., 500., 500., 500., 500., 500., 500., 500., 500., 500., 500., 500., 500., 500., 500., 500., 500., 500., 500., 500., 500., 500., 500., 500., 500., 500., 500., 500., 500., 500., 500., 500., 500., 500., 500., 500., 500., 500., 500., 500., 500., 500., 500., 500., 500., 500., 356.779449462890625, 103.92070770263671875, -268.045654296875, -830.58087158203125, -1205.1619873046884094947, -1099.09545898437750111043, -606.28704833984875222086, -217.147003173828125, 136.2409515380859375, 476.012725830078125, 370.18731689453125, 230.0390472412109375, 500., 500., 500., 500., 500., 500., 500., 500., 500., 320.017364501953125, 493.95306396484375, 500., 500., 500., 500., 500., 500., 500., 500., 500., 500., 500., 500., 500., 500.]
sou.P.apparent=[500., 500., 500., 500., 500., 500., 500., 500., 500., 500., 500., 500., 500., 500., 500., 500., 500., 500., 500., 500., 500., 500., 500., 500., 500., 500., 500., 500., 500., 500., 500., 500., 500., 500., 500., 500., 500., 500., 500., 500., 500., 500., 500., 500., 500., 500., 500., 500., 500., 500., 500., 500., 500., 500., 500., 500., 500., 500., 500., 500., 500., 500., 500., 500., 363.460845947265625, 218.206024169921875, 458.620361328125, 1051.5450439453125, 1461.3990478515634094947, 1344.93652343750295585778, 809.32403564453659328137, 409.73626708984375, 222.7372283935546875, 476.15447998046875, 375.488983154296875, 264.60906982421875, 500., 500., 500., 500., 500., 500., 500., 500., 500., 331.679229736328125, 493.961761474609375, 500., 500., 500., 500., 500., 500., 500., 500., 500., 500., 500., 500., 500., 500.]
