last-generated=2026-08-06
statistics-initialization=
{
  "linear": "0, 0, 0",
  "nonlinear": "0, 0, 0, 0, 0, 0, 0, 0, 0, 0, 0, 0",
  "numerical Jacobians": "0"
}
statistics-simulation=
{
  "linear": "0, 0, 0, 0",
  "nonlinear": "1",
  "number of continuous time states": "13",
  "numerical Jacobians": "0"
}
time=[8.64e+06, 8.8992e+06]
shaT.THigh=[2.971499938964844e+02, 2.971499938964844e+02]
shaT.TLow=[2.951499938964844e+02, 2.951499938964844e+02]
zonWes.TAir=[2.931499938964844e+02, 2.965252380371094e+02, 2.962903442382812e+02, 2.96032470703125e+02, 2.956728210449219e+02, 2.953554077148438e+02, 2.951080017089844e+02, 2.948615112304688e+02, 2.945017395019531e+02, 2.944727172851562e+02, 2.948649597167969e+02, 2.951247253417969e+02, 2.981501770019531e+02, 2.981622619628906e+02, 2.981512756347656e+02, 2.981501770019531e+02, 2.981514587402344e+02, 2.981502685546875e+02, 2.981500854492188e+02, 2.981527404785156e+02, 2.98150146484375e+02, 2.981499328613281e+02, 2.981480712890625e+02, 2.981500549316406e+02, 2.981499938964844e+02, 2.9814990234375e+02, 2.981490783691406e+02, 2.981498107910156e+02, 2.9814990234375e+02, 2.98148193359375e+02, 2.9814990234375e+02, 2.981499328613281e+02, 2.981484680175781e+02, 2.981498413085938e+02, 2.981499938964844e+02, 2.980298156738281e+02, 2.978935241699219e+02, 2.977062377929688e+02, 2.974833984375e+02, 2.972268676757812e+02, 2.970404663085938e+02, 2.967920837402344e+02, 2.967336730957031e+02, 2.967075500488281e+02, 2.968555603027344e+02, 2.981483459472656e+02, 2.981500244140625e+02, 2.981513366699219e+02, 2.981504516601562e+02, 2.981500244140625e+02, 2.981499328613281e+02, 2.981495971679688e+02, 2.9814990234375e+02, 2.981499633789062e+02, 2.9814990234375e+02, 2.981499328613281e+02, 2.981499633789062e+02, 2.98144287109375e+02, 2.981498413085938e+02, 2.964282836914062e+02, 2.960263061523438e+02, 2.956743774414062e+02, 2.953991088867188e+02, 2.951156921386719e+02, 2.948180847167969e+02, 2.945595397949219e+02, 2.942359619140625e+02, 2.93872802734375e+02, 2.934664916992188e+02, 2.931580810546875e+02, 2.928404235839844e+02, 2.925064392089844e+02, 2.920804138183594e+02, 2.9179833984375e+02, 2.915280151367188e+02, 2.913256225585938e+02, 2.91303466796875e+02, 2.917158203125e+02, 2.982177429199219e+02, 2.981569519042969e+02, 2.981528625488281e+02, 2.981500854492188e+02, 2.9816259765625e+02, 2.981507873535156e+02, 2.981501159667969e+02, 2.981497802734375e+02, 2.981497497558594e+02, 2.981499938964844e+02, 2.981489868164062e+02, 2.981487426757812e+02, 2.981499633789062e+02, 2.981484985351562e+02, 2.981493225097656e+02, 2.977626953125e+02, 2.972661437988281e+02, 2.967718505859375e+02, 2.962992858886719e+02, 2.958868408203125e+02, 2.954766235351562e+02, 2.950707092285156e+02, 2.946654052734375e+02]
shaH.H=[0e+00, 0e+00, 0e+00, 0e+00, 0e+00, 0e+00, 0e+00, 0e+00, 0e+00, 0e+00, 4.582524490356445e+01, 8.713308715820312e+01, 1.261498565673828e+02, 2.619668884277344e+02, 3.265712890625e+02, 3.534755249023438e+02, 3.262355346679688e+02, 2.843271789550781e+02, 2.637113342285156e+02, 2.533142852783203e+02, 2.461027679443359e+02, 1.797266693115234e+02, 8.891157531738281e+01, 2.439959716796875e+01, 0e+00, 0e+00, 0e+00, 0e+00, 0e+00, 0e+00, 0e+00, 0e+00, 0e+00, 0e+00, 0e+00, 0e+00, 0e+00, 0e+00, 0e+00, 0e+00, 0e+00, 0e+00, 0e+00, 4.624804973602295e+00, 3.586202561855316e-01, 1.639005661010742e+00, 7.085418701171875e-01, 0e+00, 0e+00, 0e+00, 0e+00, 0e+00, 0e+00, 0e+00, 0e+00, 0e+00, 0e+00, 0e+00, 0e+00, 0e+00, 0e+00, 0e+00, 0e+00, 0e+00, 0e+00, 0e+00, 0e+00, 0e+00, 0e+00, 0e+00, 0e+00, 0e+00, 0e+00, 0e+00, 0e+00, 0e+00, 8.715119361877441e+00, 7.156165313720703e+01, 1.331828765869141e+02, 1.877864532470703e+02, 1.8694580078125e+02, 1.020612564086914e+02, 2.608650512695312e+02, 3.850811462402344e+02, 4.311324462890625e+02, 3.545038146972656e+02, 2.635573425292969e+02, 1.681844177246094e+02, 6.409250640869141e+01, 1.887202835083008e+01, 1.308047652244568e+00, 0e+00, 0e+00, 0e+00, 0e+00, 0e+00, 0e+00, 0e+00, 0e+00, 0e+00, 0e+00]
shaH.HHigh=[2e+02, 2e+02]
shaH.HLow=[1e+01, 1e+01]
shaT.y=[0e+00, 1e+00, 1e+00, 1e+00, 1e+00, 1e+00, 0e+00, 0e+00, 0e+00, 0e+00, 0e+00, 0e+00, 1e+00, 1e+00, 1e+00, 1e+00, 1e+00, 1e+00, 1e+00, 1e+00, 1e+00, 1e+00, 1e+00, 1e+00, 1e+00, 1e+00, 1e+00, 1e+00, 1e+00, 1e+00, 1e+00, 1e+00, 1e+00, 1e+00, 1e+00, 1e+00, 1e+00, 1e+00, 1e+00, 1e+00, 1e+00, 1e+00, 1e+00, 1e+00, 1e+00, 1e+00, 1e+00, 1e+00, 1e+00, 1e+00, 1e+00, 1e+00, 1e+00, 1e+00, 1e+00, 1e+00, 1e+00, 1e+00, 1e+00, 1e+00, 1e+00, 1e+00, 1e+00, 0e+00, 0e+00, 0e+00, 0e+00, 0e+00, 0e+00, 0e+00, 0e+00, 0e+00, 0e+00, 0e+00, 0e+00, 0e+00, 0e+00, 0e+00, 1e+00, 1e+00, 1e+00, 1e+00, 1e+00, 1e+00, 1e+00, 1e+00, 1e+00, 1e+00, 1e+00, 1e+00, 1e+00, 1e+00, 1e+00, 1e+00, 1e+00, 1e+00, 1e+00, 1e+00, 1e+00, 0e+00, 0e+00]
shaH.y=[0e+00, 0e+00, 0e+00, 0e+00, 0e+00, 0e+00, 0e+00, 0e+00, 0e+00, 0e+00, 0e+00, 0e+00, 0e+00, 1e+00, 1e+00, 1e+00, 1e+00, 1e+00, 1e+00, 1e+00, 1e+00, 1e+00, 1e+00, 1e+00, 0e+00, 0e+00, 0e+00, 0e+00, 0e+00, 0e+00, 0e+00, 0e+00, 0e+00, 0e+00, 0e+00, 0e+00, 0e+00, 0e+00, 0e+00, 0e+00, 0e+00, 0e+00, 0e+00, 0e+00, 0e+00, 0e+00, 0e+00, 0e+00, 0e+00, 0e+00, 0e+00, 0e+00, 0e+00, 0e+00, 0e+00, 0e+00, 0e+00, 0e+00, 0e+00, 0e+00, 0e+00, 0e+00, 0e+00, 0e+00, 0e+00, 0e+00, 0e+00, 0e+00, 0e+00, 0e+00, 0e+00, 0e+00, 0e+00, 0e+00, 0e+00, 0e+00, 0e+00, 0e+00, 0e+00, 0e+00, 1e+00, 1e+00, 1e+00, 1e+00, 1e+00, 1e+00, 1e+00, 1e+00, 1e+00, 1e+00, 0e+00, 0e+00, 0e+00, 0e+00, 0e+00, 0e+00, 0e+00, 0e+00, 0e+00, 0e+00, 0e+00]
cooWes.conPID.y=[0e+00, 0e+00, 0e+00, 0e+00, 0e+00, 0e+00, 0e+00, 0e+00, 0e+00, 0e+00, 0e+00, 0e+00, 2.935892939567566e-01, 4.443920850753784e-01, 5.078210830688477e-01, 5.615172982215881e-01, 5.920422077178955e-01, 5.895517468452454e-01, 6.015886664390564e-01, 6.342297792434692e-01, 6.453465223312378e-01, 6.362566947937012e-01, 6.197067499160767e-01, 6.018093824386597e-01, 5.827600955963135e-01, 5.878235101699829e-01, 1.512435525655746e-01, 1.335879415273666e-01, 1.11929789185524e-01, 8.283869922161102e-02, 6.494350731372833e-02, 4.774022847414017e-02, 2.685487642884254e-02, 1.362157147377729e-02, 3.281076205894351e-03, 0e+00, 0e+00, 0e+00, 0e+00, 0e+00, 0e+00, 0e+00, 0e+00, 0e+00, 0e+00, 3.708101809024811e-01, 3.84561687707901e-01, 3.94341915845871e-01, 4.061132073402405e-01, 4.135914742946625e-01, 4.182786345481873e-01, 3.975539207458496e-01, 4.091525077819824e-01, 4.075120687484741e-01, 4.059601128101349e-01, 4.037896394729614e-01, 3.831580579280853e-01, 3.602905869483948e-01, 3.509156405925751e-01, 0e+00, 0e+00, 0e+00, 0e+00, 0e+00, 0e+00, 0e+00, 0e+00, 0e+00, 0e+00, 0e+00, 0e+00, 0e+00, 0e+00, 0e+00, 0e+00, 0e+00, 0e+00, 0e+00, 4.494432806968689e-01, 1.221857517957687e-01, 2.68281877040863e-01, 2.831100821495056e-01, 4.110409319400787e-01, 5.000238418579102e-01, 5.173917412757874e-01, 5.447459816932678e-01, 5.342814326286316e-01, 5.201517939567566e-01, 4.986288547515869e-01, 4.783421158790588e-01, 4.681984484195709e-01, 4.496612846851349e-01, 9.996016509830952e-03, 0e+00, 0e+00, 0e+00, 0e+00, 0e+00, 0e+00, 0e+00, 0e+00]
actSha.u=[0e+00, 0e+00, 0e+00, 0e+00, 0e+00, 0e+00, 0e+00, 0e+00, 0e+00, 0e+00, 0e+00, 0e+00, 0e+00, 6e+00, 6e+00, 6e+00, 6e+00, 6e+00, 6e+00, 6e+00, 6e+00, 6e+00, 6e+00, 6e+00, 0e+00, 0e+00, 0e+00, 0e+00, 0e+00, 0e+00, 0e+00, 0e+00, 0e+00, 0e+00, 0e+00, 0e+00, 0e+00, 0e+00, 0e+00, 0e+00, 0e+00, 0e+00, 0e+00, 0e+00, 0e+00, 0e+00, 0e+00, 0e+00, 0e+00, 0e+00, 0e+00, 0e+00, 0e+00, 0e+00, 0e+00, 0e+00, 0e+00, 0e+00, 0e+00, 0e+00, 0e+00, 0e+00, 0e+00, 0e+00, 0e+00, 0e+00, 0e+00, 0e+00, 0e+00, 0e+00, 0e+00, 0e+00, 0e+00, 0e+00, 0e+00, 0e+00, 0e+00, 0e+00, 0e+00, 0e+00, 6e+00, 6e+00, 6e+00, 6e+00, 6e+00, 6e+00, 6e+00, 6e+00, 6e+00, 6e+00, 0e+00, 0e+00, 0e+00, 0e+00, 0e+00, 0e+00, 0e+00, 0e+00, 0e+00, 0e+00, 0e+00]
