last-generated=2014-09-25
sen_N.V[1]=[1.00000000000000000000, 1.00000000000000000000]
sen_N.V[3]=[1.00000000000000000000, 1.00000000000000000000]
sen_N.V[2]=[1.00000000000000000000, 1.00000000000000000000]
time=[0.00000000000000000000, 1.00000000000000000000]
sen.V[1]=[1.00000000000000000000, 1.00000000000000000000]
sen.V[3]=[1.00000000000000000000, 1.00000000000000000000]
sen.V[2]=[1.00000000000000000000, 1.00000000000000000000]
