last-generated=2015-05-08
statistics-simulation={'numerical Jacobians': '0', 'nonlinear': ' ', 'linear': ' '}
mWat.mWat_flow=[0., 0., 0., 0., 0., 0., 0., 0., 0., 0., 0., 0., 0., 0., 0., 0., 0., -0.00003998377360403538, -0.00015993509441614151, -0.00027988641522824764, -0.00039983773604035378, -0.00051978905685245991, -0.00063974037766456604, -0.00075969169847667217, -0.00087964301928877831, -0.00099959434010088444, -0.00111954566091299057, -0.00123949698172509714, -0.00135944830253720327, -0.00147939962334930897, -0.0015993509441614151, -0.00171930226497352123, -0.00183925358578562737, -0.0019592049065977335, -0.00207915622740983963, -0.00219910754822194576, -0.0023190588690340519, -0.00243901018984615803, -0.00255896151065826416, -0.00267891283147037029, -0.00279886415228247643, -0.00291881547309458256, -0.00303876679390668869, -0.00315871811471879482, -0.00327866943553090096, -0.00339862075634300709, -0.00351857207715511322, -0.00363852339796721935, -0.00375847471877932549, -0.00387842603959143162, -0.00399837736040353775, -0.00399477872997522354, -0.00398398330435156822, -0.00396599061787128448, -0.00394080067053437233, -0.00390841392800211906, -0.00386882992461323695, -0.00382204912602901459, -0.00376807083375751972, -0.00370689574629068375, -0.00363852339796721935, -0.00356295425444841385, -0.00348018785007297993, -0.00339022418484091759, -0.00329306372441351414, -0.00318870600312948227, -0.00307715125381946564, -0.00295839947648346424, -0.00283245067112147808, -0.0026993046049028635, -0.00255896151065826416, -0.00241142138838768005, -0.00225668423809111118, -0.00209475005976855755, -0.0019256186205893755, -0.00174929015338420868, -0.0015657646581530571, -0.00137504201848059893, -0.00117712235078215599, -0.00097200553864240646, -0.00075969169847667217, -0.0005401807720772922, -0.00031347278854809701, -0.00007956771150929853, 0., 0., 0., 0., 0., 0., 0., 0., 0., 0., 0., 0., 0., 0., 0., 0., -0.]
time=[0., 3600.]
Q_flow.y=[0., 0., 0., 0., 0., 0., 0., 0., 0., 0., 0., 0., 0., 0., 0., 0., 0., -100., -400., -700., -1000., -1300., -1600., -1900., -2200., -2500., -2800., -3100.0000000000009094947, -3400.0000000000009094947, -3700., -4000., -4300., -4600., -4900., -5200., -5500., -5800., -6100., -6400., -6700., -7000., -7300., -7600., -7900., -8200., -8500., -8800., -9100., -9400., -9700., -10000., -10300., -10600., -10900., -11200.0000000000018189894, -11500.0000000000018189894, -11800.0000000000018189894, -12100., -12400., -12700., -13000., -13300., -13600., -13900., -14200., -14500., -14800., -15100., -15400., -15700., -16000., -16300., -16600., -16900., -17200., -17500., -17800., -18100., -18400., -18700., -19000., -19300., -19600., -19900., -20000., -20000., -20000., -20000., -20000., -20000., -20000., -20000., -20000., -20000., -20000., -20000., -20000., -20000., -20000., -20000., -20000.]
shr.y=[0., 0., 0., 0., 0., 0., 0., 0., 0., 0., 0., 0., 0., 0., 0., 0., 0., 0., 0., 0., 0., 0., 0., 0., 0., 0., 0., 0., 0., 0., 0., 0., 0., 0., 0., 0., 0., 0., 0., 0., 0., 0., 0., 0., 0., 0., 0., 0., 0., 0., 0., 0.02999999932944774628, 0.05999999865889549255, 0.09000000357627868652, 0.1199999973177911794, 0.15000000596046467183, 0.18000000715255756734, 0.20999999344348907471, 0.23999999463558197021, 0.27000001072883605957, 0.30000001192092895508, 0.33000001311302185059, 0.36000001430511474609, 0.38999998569488525391, 0.41999998688697814941, 0.44999998807907104492, 0.47999998927116394043, 0.50999999046325683594, 0.54000002145767211914, 0.56999999284744262695, 0.60000002384185791016, 0.62999999523162841797, 0.66000002622604370117, 0.68999999761581420898, 0.72000002861022949219, 0.75, 0.77999997138977050781, 0.81000000238418579102, 0.83999997377395629883, 0.87000000476837158203, 0.89999997615814208984, 0.93000000715255737305, 0.95999997854232788086, 0.99000000953674316406, 1., 1., 1., 1., 1., 1., 1., 1., 1., 1., 1., 1., 1., 1., 1., 1., 1.]
