last-generated=2015-05-08
statistics-simulation={'numerical Jacobians': '0', 'nonlinear': ' ', 'linear': ' '}
average.y=[1., 1.01499998603016372556, 1.02999997206032745112, 1.04499995809049006645, 1.05999994412065468019, 1.07499998696149856592, 1.09000003539027146005, 1.10500001862644769979, 1.12000000745059891116, 1.13499998509881216968, 1.14999997392299713184, 1.1649999627471014918, 1.17999995157124604184, 1.1949999888241740198, 1.21000003725289517753, 1.22500001490111687374, 1.24000001490118783032, 1.25499999254940619586, 1.26999997019762433936, 1.28499997019769529594, 1.29999994784600247932, 1.31500006705488337033, 1.33000004470342148011, 1.34500003352765551412, 1.36000002235178163446, 1.375, 1.39000000000007095657, 1.40499995529643650904, 1.41999995529654299276, 1.43499995529657864424, 1.45000002980223352544, 1.46500002980230470406, 1.48000002980216249782, 1.4950000074506140102, 1.50999998509881216968, 1.52499998509888312626, 1.53999994039524867873, 1.55499994039560385239, 1.57000005960439614761, 1.58500003725289184686, 1.60000001490111687374, 1.61500001490118783032, 1.63000001490125878689, 1.64499997019762433936, 1.65999997019769529594, 1.67500000745061394802, 1.69000004470342135576, 1.70499998509881223185, 1.72000004470356349096, 1.73499999999992882138, 1.75, 1.7649999999998580158, 1.78000000000014213519, 1.79500001490118776815, 1.80999991059351250655, 1.82500001490076169119, 1.84000002980230470406, 1.85499998509867003449, 1.87000002980207358227, 1.88500002980193159807, 1.89999994039571040716, 1.91499994039556842296, 1.9299999403957104338, 1.9450000596042895662, 1.96000005960432499563, 1.97500001490111687374, 1.98999997019748220417, 2.00500001490047718988, 2.01999997019762433936, 2.03500008940703835947, 2.04999997019776625251, 2.06500008940664736556, 2.07999988079113684591, 2.0950000000002839684, 2.1099998807919893018, 2.125, 2.1400001192080106982, 2.15499995529643673109, 2.17000011920950264255, 2.18499995529657864424, 2.20000002980223374749, 2.21499991059296164053, 2.23000002980237566064, 2.24499998509952281012, 2.26000002980193137603, 2.27500005960499995794, 2.28999994039556842296, 2.30500005960471598954, 2.31999994039528401046, 2.33500005960443157704, 2.34999994039553294911, 2.36500001490118805236, 2.38000008940684271153, 2.39500001490132996551, 2.41000008940684296022, 2.42499992549406062636, 2.44000008940664736556, 2.45499988079113684591, 2.4700000000002839684, 2.4849998807919893018, 2.5]
time=[0., 1.]
