last-generated=2015-05-08
statistics-simulation={'numerical Jacobians': '0', 'nonlinear': ' ', 'number of continuous time states': '7', 'linear': ' '}
cra.v=[0., 0., 0., 0., 0., 0., 0., 0., 0., 0., 0., 0., 0., 0., 0., 0., 0., 0., 0., 0., 0., 0., 0., 0., 0., 0., 0.07868609577417373657, 0.15730196237564111894, 0.23677933216094995683, 0.31530740857124328613, 0.39417135715484619141, 0.47309705615043640137, 0.55193507671356201172, 0.63085412979125976562, 0.70969921350479125977, 0.78842151165008544922, 0.86694478988647460938, 0.94517904520034790039, 1.0230274200439453125, 1.1032505035400390625, 1.18339574337005615234, 1.26277506351470947266, 1.34165060520172119141, 1.42024123668670654297, 1.49873280525207519531, 1.57728528976440429688, 1.65603792667388916016, 1.73511266708374023438, 1.81423676013946533203, 1.89316141605377197266, 1.97206926345825195312, 2.05096864700317382812, 2.12986588478088378906, 2.2087650299072265625, 2.28766798973083540503, 2.36657619476318403784, 2.44548892974853560034, 2.524383544921875, 2.603260040283203125, 2.68215298652648925781, 2.76105737686157226562, 2.83996796607971191406, 2.91887903213500976562, 2.99778509140014648438, 3.07667994499206542969, 3.15558314323425292969, 3.23448514938354492188, 3.31338596343994140625, 3.39228606224060058594, 3.47118496894836425781, 3.55008196830749511719, 3.62897610664367675781, 3.70786619186401367188, 3.78675079345703125, 3.86562824249267578125, 3.94449687004089355469, 3.94566035270690917969, 3.94629216194152832031, 3.94651365280151367188, 3.94644498825073242188, 3.94620752334594726562, 3.94592142105102539062, 3.94570779800415039062, 3.94568753242492675781, 3.94596767425537109375, 3.94597411155700683594, 3.94597744941711425781, 3.94597864151000976562, 3.9459781646728515625, 3.94597697257995605469, 3.94597530364990234375, 3.94597411155700683594, 3.94597411155700683594, 3.94597554206848144531, 3.94597578048706054688, 3.94597578048706054688, 3.94597578048706054688, 3.94597578048706054688, 3.94597578048706054688, 3.94597578048706054688, 3.94597578048706054688]
time=[0., 7200.]
cra.m_flow=[0., 0., 0., 0., 0., 0., 0., 0., 0., 0., 0., 0., 0., 0., 0., 0., 0., 0., 0., 0., 0., 0., 0., 0., 0., 0., 0.00009970423707272857, 0.00019931947463192076, 0.00030002635321579906, 0.00039953034138306975, 0.00049945991486310959, 0.00059946777764707804, 0.00069936452200636268, 0.00079936394467949867, 0.00089926959481090307, 0.00099901971407234669, 0.00109851767774671316, 0.0011976493988186121, 0.00129629205912351608, 0.00139794382266700268, 0.00149949698243290186, 0.00160007970407605171, 0.00170002388767898083, 0.00179960718378424644, 0.00189906498417258263, 0.00199859985150396824, 0.00209838827140629292, 0.00219858507625758648, 0.00229884427972137928, 0.00239885086193680763, 0.00249883602373301983, 0.0025988107081502676, 0.00269878236576914787, 0.00279875635169446468, 0.00289873569272458597, 0.00299872108735144182, 0.00309871253557503267, 0.00319868116639554501, 0.00329862674698233604, 0.00339859281666576862, 0.0034985735546797514, 0.0035985622089356184, 0.00369855179451406002, 0.00379853486083447933, 0.0038985034916549921, 0.0039984825998544693, 0.00409846054390072823, 0.00419843709096312523, 0.00429841224104166031, 0.00439838599413633347, 0.00449835741892457008, 0.00459832558408379555, 0.00469828816130757332, 0.00479824375361204147, 0.00489819096401333809, 0.0049981260672211647, 0.00499960035085678101, 0.00500040128827095032, 0.00500068161636590958, 0.00500059453770518303, 0.00500029372051358223, 0.00499993143603205681, 0.00499966088682413101, 0.00499963480979204178, 0.00499999010935425758, 0.00499999802559614182, 0.00500000221654772758, 0.00500000361353158951, 0.0050000031478703022, 0.00500000175088644028, 0.00499999942258000374, 0.00499999802559614182, 0.00499999802559614182, 0.00499999988824129105, 0.00499999988824129105, 0.00499999988824129105, 0.00499999988824129105, 0.00499999988824129105, 0.00499999988824129105, 0.00499999988824129105, 0.00499999988824129105]
