last-generated=2015-07-07
statistics-simulation={'numerical Jacobians': '0', 'nonlinear': ' ', 'number of continuous time states': '2', 'linear': ' '}
vol.T=[293.149993896484375, 293.96627806420747219818, 294.74960324851053883322, 295.50137320290383513566, 296.22274776044287136756, 296.914337158203125, 297.57818587959661726927, 298.2145691658477630881, 298.82504265308688218283, 299.41024793883087795621, 299.971435546875, 300.50936877039191585936, 301.02511572501799719248, 301.5197451031115178921, 301.99420177049626090593, 302.449249267578125, 302.88562001488742225774, 303.30435161019073575517, 303.70596332146578788524, 304.09109506030659986209, 304.460693359375, 304.81515535889809598302, 305.15512069019297314298, 305.48129287638602136212, 305.79415864217997977903, 306.094207763671875, 306.38208034602598672791, 306.6582335130659657807, 306.92309582630707609496, 307.17721533781127618568, 307.42095947265625, 307.65475485622323503776, 307.87902821517479878821, 308.09417734613828088186, 308.30059795084508778018, 308.49859619140625, 308.68853777431667140263, 308.87075797122082576607, 309.04556282541312839385, 309.2132566786311258511, 309.374114990234375, 309.52838149113824783853, 309.6763003241506453378, 309.81814548594388725178, 309.9542540226246956081, 310.084808349609375, 310.21002208907168551377, 310.33010886580473197682, 310.44525124889310063736, 310.55569447646837488719, 310.661651611328125, 310.76327524107193767122, 310.86074847233265927571, 310.95422345760727012021, 311.04385367565549813662, 311.129852294921875, 311.21237190286052509691, 311.29150405322445749334, 311.36737046315090537973, 311.44015496104833573554, 311.509979248046875, 311.57693487673537902083, 311.64120495331019355945, 311.70281970867642939993, 311.7619018000258961365, 311.818572998046875, 311.87295537276082768585, 311.92510996019711910776, 311.97512808011367724248, 312.02310176167515010093, 312.069122314453125, 312.11325077345833278741, 312.15557869215268738117, 312.19616691622644566451, 312.23510738534963593338, 312.272430419921875, 312.30822757238644271638, 312.34255987819057054367, 312.37548821925878428374, 312.40704342734534293413, 312.437286376953125, 312.46630848490417520225, 312.49414067651258619662, 312.5208129382237984828, 312.54638681362632723904, 312.570892333984375, 312.59442129882717154032, 312.61700443673083782414, 312.63867183454658515984, 312.65948494069567686893, 312.679473876953125, 312.69857780926560053558, 312.71691897936318582651, 312.73449703713487224377, 312.75134283630035270107, 312.767547607421875, 312.78305047890302148517, 312.79797366046051365629, 312.81228635017822625741, 312.82604985590904789206, 312.839263916015625]
time=[0., 10.]
