last-generated=2026-08-06
statistics-initialization=
{
  "linear": "0",
  "nonlinear": "1, 1, 1, 1, 1, 1, 1, 1, 1, 1, 1, 1, 1, 1, 1, 1, 1, 1, 1, 1, 1, 1, 1, 1, 1, 1, 1,   1, 1, 1, 1, 1, 1, 1, 1, 1, 1, 1, 1, 1, 1",
  "numerical Jacobians": "40"
}
statistics-simulation=
{
  "linear": "0, 0, 0, 0, 0, 0, 0, 0, 0, 0, 0, 0, 0, 0, 0, 0, 0, 0, 0, 0, 0, 0, 0, 0, 0, 0, 0,   0, 0, 0, 0, 0, 0, 0, 0, 0, 0, 0, 0, 0",
  "nonlinear": "1, 1, 1, 1, 1, 1, 1, 1, 1, 1, 1, 1, 1, 1, 1, 1, 1, 1, 1, 1, 1, 1, 1, 1, 1, 1, 1,   1, 1, 1, 1, 1, 1, 1, 1, 1, 1, 1, 1, 1, 1",
  "number of continuous time states": "120",
  "numerical Jacobians": "40"
}
time=[0e+00, 2.592e+06]
TIn=[2.858249206542969e+02, 2.877975769042969e+02, 2.879541625976562e+02, 2.877304077148438e+02, 2.872613525390625e+02, 2.866174926757812e+02, 2.858641662597656e+02, 2.850667724609375e+02, 2.842904052734375e+02, 2.837635803222656e+02, 2.834356384277344e+02, 2.831854553222656e+02, 2.830331115722656e+02, 2.829921569824219e+02, 2.830637817382812e+02, 2.8329833984375e+02, 2.839548645019531e+02, 2.84735595703125e+02, 2.855855102539062e+02, 2.864465026855469e+02, 2.872574157714844e+02, 2.879607543945312e+02, 2.885067749023438e+02, 2.8885693359375e+02, 2.889879150390625e+02, 2.888910522460938e+02, 2.885741271972656e+02, 2.880599670410156e+02, 2.873873901367188e+02, 2.866055297851562e+02, 2.857713012695312e+02, 2.849456787109375e+02, 2.842760925292969e+02, 2.8390185546875e+02, 2.836040649414062e+02, 2.834010925292969e+02, 2.833072204589844e+02, 2.833294677734375e+02, 2.834664916992188e+02, 2.839925231933594e+02, 2.847301025390625e+02, 2.855575866699219e+02, 2.864163208007812e+02, 2.8724560546875e+02, 2.879866333007812e+02, 2.885867004394531e+02, 2.890031433105469e+02, 2.8920654296875e+02, 2.891832275390625e+02, 2.88935546875e+02, 2.884817810058594e+02, 2.878554382324219e+02, 2.871027526855469e+02, 2.862783813476562e+02, 2.854421691894531e+02, 2.84655029296875e+02, 2.842511291503906e+02, 2.83925048828125e+02, 2.836878967285156e+02, 2.835558776855469e+02, 2.835386047363281e+02, 2.836376953125e+02, 2.839963684082031e+02, 2.846914367675781e+02, 2.854945068359375e+02, 2.863494262695312e+02, 2.871953125e+02, 2.879715881347656e+02, 2.886234130859375e+02, 2.891047058105469e+02, 2.893813781738281e+02, 2.894338989257812e+02, 2.892593994140625e+02, 2.888711853027344e+02, 2.882978210449219e+02, 2.875810241699219e+02, 2.867733764648438e+02, 2.859341430664062e+02, 2.851241760253906e+02, 2.845997619628906e+02, 2.842478637695312e+02, 2.839786071777344e+02, 2.838099365234375e+02, 2.837536010742188e+02, 2.838138427734375e+02, 2.840110778808594e+02, 2.846597900390625e+02, 2.854326171875e+02, 2.862764282226562e+02, 2.871316528320312e+02, 2.879376525878906e+02, 2.8863671875e+02, 2.891790161132812e+02, 2.895264587402344e+02, 2.896546936035156e+02, 2.895550537109375e+02, 2.892353210449219e+02, 2.887194213867188e+02, 2.880451965332031e+02, 2.872616882324219e+02, 2.864258117675781e+02]
TOut=[2.831499938964844e+02, 2.851804809570312e+02, 2.855064086914062e+02, 2.855513000488281e+02, 2.854308471679688e+02, 2.851903991699219e+02, 2.848662109375e+02, 2.844927673339844e+02, 2.841046142578125e+02, 2.836249084472656e+02, 2.830596008300781e+02, 2.8267626953125e+02, 2.825046081542969e+02, 2.825595092773438e+02, 2.828353271484375e+02, 2.832290344238281e+02, 2.835156555175781e+02, 2.838810729980469e+02, 2.843000793457031e+02, 2.847457275390625e+02, 2.85186767578125e+02, 2.855923461914062e+02, 2.859341735839844e+02, 2.861884765625e+02, 2.863387451171875e+02, 2.863750610351562e+02, 2.862955017089844e+02, 2.861058349609375e+02, 2.858214416503906e+02, 2.854635314941406e+02, 2.850584716796875e+02, 2.8463623046875e+02, 2.842369384765625e+02, 2.835940551757812e+02, 2.831269226074219e+02, 2.828661193847656e+02, 2.82830078125e+02, 2.830216674804688e+02, 2.834273376464844e+02, 2.836830749511719e+02, 2.840172729492188e+02, 2.844156188964844e+02, 2.848504028320312e+02, 2.852914428710938e+02, 2.857080078125e+02, 2.860707092285156e+02, 2.8635400390625e+02, 2.865380859375e+02, 2.866106262207031e+02, 2.865671081542969e+02, 2.864111328125e+02, 2.861546936035156e+02, 2.858173217773438e+02, 2.854238586425781e+02, 2.850029907226562e+02, 2.845857238769531e+02, 2.840226745605469e+02, 2.83492431640625e+02, 2.831593627929688e+02, 2.830466613769531e+02, 2.831625671386719e+02, 2.834990234375e+02, 2.838105773925781e+02, 2.84117431640625e+02, 2.844965209960938e+02, 2.849223327636719e+02, 2.853647766113281e+02, 2.8579248046875e+02, 2.861756591796875e+02, 2.864876098632812e+02, 2.867064208984375e+02, 2.868168029785156e+02, 2.868116455078125e+02, 2.866921081542969e+02, 2.8646728515625e+02, 2.861539306640625e+02, 2.857754211425781e+02, 2.853601379394531e+02, 2.849383850097656e+02, 2.844610900878906e+02, 2.83871826171875e+02, 2.834694213867188e+02, 2.832814025878906e+02, 2.833209533691406e+02, 2.835853881835938e+02, 2.839417724609375e+02, 2.842206115722656e+02, 2.845780639648438e+02, 2.849909973144531e+02, 2.85430908203125e+02, 2.858670043945312e+02, 2.86268310546875e+02, 2.866064147949219e+02, 2.868580017089844e+02, 2.870055541992188e+02, 2.870390625e+02, 2.869566955566406e+02, 2.867652893066406e+02, 2.86479248046875e+02, 2.861196899414062e+02, 2.857129821777344e+02]
dpBorFie=[2.6165486328125e+04, 2.54976796875e+04, 2.54561953125e+04, 2.547671484375e+04, 2.5536326171875e+04, 2.5624865234375e+04, 2.5733302734375e+04, 2.5852419921875e+04, 2.597240625e+04, -2.6073068359375e+04, -2.614744921875e+04, -2.620285546875e+04, -2.6234056640625e+04, -2.6237837890625e+04, -2.6214146484375e+04, 2.6158892578125e+04, 2.6059005859375e+04, 2.593942578125e+04, 2.5809677734375e+04, 2.567893359375e+04, 2.5556373046875e+04, 2.54500859375e+04, 2.536669921875e+04, 2.5311154296875e+04, 2.528641015625e+04, 2.529377734375e+04, 2.5332705078125e+04, 2.5400916015625e+04, 2.5494013671875e+04, 2.5606046875e+04, 2.572951953125e+04, 2.5855662109375e+04, -2.59721015625e+04, -2.6055205078125e+04, -2.61206796875e+04, -2.616315234375e+04, -2.61790078125e+04, -2.6166798828125e+04, -2.6127443359375e+04, 2.604137890625e+04, 2.59295703125e+04, 2.580414453125e+04, 2.5674609375e+04, 2.555013671875e+04, 2.543909765625e+04, 2.5348609375e+04, 2.528419140625e+04, 2.52495859375e+04, 2.5246646484375e+04, 2.5275447265625e+04, 2.533425e+04, 2.541940625e+04, 2.55254609375e+04, 2.564546875e+04, 2.5771154296875e+04, 2.58933125e+04, -2.598552734375e+04, -2.605725390625e+04, -2.61077109375e+04, -2.613268359375e+04, -2.6129958984375e+04, -2.6099642578125e+04, 2.603080078125e+04, 2.592635546875e+04, 2.5805283203125e+04, 2.5676826171875e+04, 2.555040625e+04, 2.5434791015625e+04, 2.533742578125e+04, 2.5264296875e+04, 2.5219724609375e+04, 2.5206263671875e+04, 2.522454296875e+04, 2.5273384765625e+04, 2.5349837890625e+04, 2.5449162109375e+04, 2.5564853515625e+04, 2.568894140625e+04, 2.581256640625e+04, -2.591618359375e+04, -2.599343359375e+04, -2.605127734375e+04, -2.60849296875e+04, -2.6091548828125e+04, -2.6070474609375e+04, 2.6018556640625e+04, 2.5922076171875e+04, 2.580625e+04, 2.568003125e+04, 2.5552734375e+04, 2.5433271484375e+04, 2.5329640625e+04, 2.5248384765625e+04, 2.519429296875e+04, 2.5170458984375e+04, 2.51781875e+04, 2.521693359375e+04, 2.52842734375e+04, 2.537605859375e+04, 2.5486455078125e+04, 2.5608099609375e+04]
m_flow=[4e+01, 4e+01, 4e+01, 4e+01, 4e+01, 4e+01, 4e+01, 4e+01, 4e+01, -4e+01, -4e+01, -4e+01, -4e+01, -4e+01, -4e+01, 4e+01, 4e+01, 4e+01, 4e+01, 4e+01, 4e+01, 4e+01, 4e+01, 4e+01, 4e+01, 4e+01, 4e+01, 4e+01, 4e+01, 4e+01, 4e+01, 4e+01, -4e+01, -4e+01, -4e+01, -4e+01, -4e+01, -4e+01, -4e+01, 4e+01, 4e+01, 4e+01, 4e+01, 4e+01, 4e+01, 4e+01, 4e+01, 4e+01, 4e+01, 4e+01, 4e+01, 4e+01, 4e+01, 4e+01, 4e+01, 4e+01, -4e+01, -4e+01, -4e+01, -4e+01, -4e+01, -4e+01, 4e+01, 4e+01, 4e+01, 4e+01, 4e+01, 4e+01, 4e+01, 4e+01, 4e+01, 4e+01, 4e+01, 4e+01, 4e+01, 4e+01, 4e+01, 4e+01, 4e+01, -4e+01, -4e+01, -4e+01, -4e+01, -4e+01, -4e+01, 4e+01, 4e+01, 4e+01, 4e+01, 4e+01, 4e+01, 4e+01, 4e+01, 4e+01, 4e+01, 4e+01, 4e+01, 4e+01, 4e+01, 4e+01, 4e+01]
pum.m_flow=[4e+01, 4e+01, 4e+01, 4e+01, 4e+01, 4e+01, 4e+01, 4e+01, 4e+01, -4e+01, -4e+01, -4e+01, -4e+01, -4e+01, -4e+01, 4e+01, 4e+01, 4e+01, 4e+01, 4e+01, 4e+01, 4e+01, 4e+01, 4e+01, 4e+01, 4e+01, 4e+01, 4e+01, 4e+01, 4e+01, 4e+01, 4e+01, -4e+01, -4e+01, -4e+01, -4e+01, -4e+01, -4e+01, -4e+01, 4e+01, 4e+01, 4e+01, 4e+01, 4e+01, 4e+01, 4e+01, 4e+01, 4e+01, 4e+01, 4e+01, 4e+01, 4e+01, 4e+01, 4e+01, 4e+01, 4e+01, -4e+01, -4e+01, -4e+01, -4e+01, -4e+01, -4e+01, 4e+01, 4e+01, 4e+01, 4e+01, 4e+01, 4e+01, 4e+01, 4e+01, 4e+01, 4e+01, 4e+01, 4e+01, 4e+01, 4e+01, 4e+01, 4e+01, 4e+01, -4e+01, -4e+01, -4e+01, -4e+01, -4e+01, -4e+01, 4e+01, 4e+01, 4e+01, 4e+01, 4e+01, 4e+01, 4e+01, 4e+01, 4e+01, 4e+01, 4e+01, 4e+01, 4e+01, 4e+01, 4e+01, 4e+01]
borHol.port_a[1].m_flow=[4e+01, 4e+01, 4e+01, 4e+01, 4e+01, 4e+01, 4e+01, 4e+01, 4e+01, -4e+01, -4e+01, -4e+01, -4e+01, -4e+01, -4e+01, 4e+01, 4e+01, 4e+01, 4e+01, 4e+01, 4e+01, 4e+01, 4e+01, 4e+01, 4e+01, 4e+01, 4e+01, 4e+01, 4e+01, 4e+01, 4e+01, 4e+01, -4e+01, -4e+01, -4e+01, -4e+01, -4e+01, -4e+01, -4e+01, 4e+01, 4e+01, 4e+01, 4e+01, 4e+01, 4e+01, 4e+01, 4e+01, 4e+01, 4e+01, 4e+01, 4e+01, 4e+01, 4e+01, 4e+01, 4e+01, 4e+01, -4e+01, -4e+01, -4e+01, -4e+01, -4e+01, -4e+01, 4e+01, 4e+01, 4e+01, 4e+01, 4e+01, 4e+01, 4e+01, 4e+01, 4e+01, 4e+01, 4e+01, 4e+01, 4e+01, 4e+01, 4e+01, 4e+01, 4e+01, -4e+01, -4e+01, -4e+01, -4e+01, -4e+01, -4e+01, 4e+01, 4e+01, 4e+01, 4e+01, 4e+01, 4e+01, 4e+01, 4e+01, 4e+01, 4e+01, 4e+01, 4e+01, 4e+01, 4e+01, 4e+01, 4e+01]
borHol.port_b[2].m_flow=[-4e+01, -4e+01, -4e+01, -4e+01, -4e+01, -4e+01, -4e+01, -4e+01, -4e+01, 4e+01, 4e+01, 4e+01, 4e+01, 4e+01, 4e+01, -4e+01, -4e+01, -4e+01, -4e+01, -4e+01, -4e+01, -4e+01, -4e+01, -4e+01, -4e+01, -4e+01, -4e+01, -4e+01, -4e+01, -4e+01, -4e+01, -4e+01, 4e+01, 4e+01, 4e+01, 4e+01, 4e+01, 4e+01, 4e+01, -4e+01, -4e+01, -4e+01, -4e+01, -4e+01, -4e+01, -4e+01, -4e+01, -4e+01, -4e+01, -4e+01, -4e+01, -4e+01, -4e+01, -4e+01, -4e+01, -4e+01, 4e+01, 4e+01, 4e+01, 4e+01, 4e+01, 4e+01, -4e+01, -4e+01, -4e+01, -4e+01, -4e+01, -4e+01, -4e+01, -4e+01, -4e+01, -4e+01, -4e+01, -4e+01, -4e+01, -4e+01, -4e+01, -4e+01, -4e+01, 4e+01, 4e+01, 4e+01, 4e+01, 4e+01, 4e+01, -4e+01, -4e+01, -4e+01, -4e+01, -4e+01, -4e+01, -4e+01, -4e+01, -4e+01, -4e+01, -4e+01, -4e+01, -4e+01, -4e+01, -4e+01, -4e+01]
