last-generated=2015-05-08
statistics-simulation={'numerical Jacobians': '0', 'nonlinear': ' ', 'linear': ' '}
conTim.modTim=[0., 777600., 1555200., 2332800., 3110400., 3888000., 4665600., 5443200.00000000093132257462, 6220800., 6998400., 7776000., 8553600., 9331200., 10108800., 10886400.00000000186264514923, 11664000., 12441600., 13219200.00000000186264514923, 13996800., 14774400., 15552000., 16329600., 17107200., 17884800., 18662400., 19440000., 20217600., 20995200., 21772800.00000000372529029846, 22550400., 23328000., 24105600., 24883200., 25660800., 26438400.00000000372529029846, 27216000., 27993600., 28771200., 29548800., 30326400., 31104000., 31881599.99999999627470970154, 32659200., 33436800., 34214400., 34992000., 35769600., 36547200., 37324800., 38102400., 38880000., 39657600., 40435200., 41212800., 41990400., 42768000., 43545600.00000000745058059692, 44323199.99999999254941940308, 45100800., 45878400., 46656000., 47433600., 48211200., 48988800., 49766400., 50544000., 51321600., 52099200., 52876800.00000000745058059692, 53654399.99999999254941940308, 54432000., 55209600., 55987200., 56764800., 57542400., 58320000., 59097600., 59875200., 60652800., 61430400., 62208000., 62985600.00000000745058059692, 63763199.99999999254941940308, 64540800., 65318400., 66096000., 66873600., 67651200., 68428800., 69206400., 69984000., 70761600., 71539200., 72316800., 73094400., 73872000., 74649600., 75427200., 76204800., 76982400., 77760000.]
conTim.calTim=[0., 777600., 1555200., 2332800., 3110400., 3888000., 4665600., 5443200.00000000093132257462, 6220800., 6998400., 7776000., 8553600., 9331200., 10108800., 10886400.00000000186264514923, 11664000., 12441600., 13219200.00000000186264514923, 13996800., 14774400., 15552000., 16329600., 17107200., 17884800., 18662400., 19440000., 20217600., 20995200., 21772800.00000000372529029846, 22550400., 23328000., 24105600., 24883200., 25660800., 26438400.00000000372529029846, 27216000., 27993600., 28771200., 29548800., 30326400., 31104000., 345599.99999999627470970154, 1123200., 1900800., 2678400., 3456000., 4233600., 5011200., 5788800., 6566400., 7344000., 8121600., 8899200., 9676800., 10454400., 11232000., 12009600.00000000745058059692, 12787199.99999999254941940308, 13564800., 14342400., 15120000., 15897600., 16675200., 17452800., 18230400., 19008000., 19785600., 20563200., 21340800.00000000745058059692, 22118399.99999999254941940308, 22896000., 23673600., 24451200., 25228800., 26006400., 26784000., 27561600., 28339200., 29116800., 29894400., 30672000., 31449600.00000000745058059692, 691199.99999999254941940308, 1468800., 2246400., 3024000., 3801600., 4579200., 5356800., 6134400., 6912000., 7689600., 8467200., 9244800., 10022400., 10800000., 11577600., 12355200., 13132800., 13910400., 14688000.]
time=[0., 77760000.]
