last-generated=2026-10-10
statistics-simulation=
{
  "linear": " ",
  "nonlinear": " ",
  "number of continuous time states": "6",
  "numerical Jacobians": "0"
}
time=[0e+00, 1e+02]
spl.port_1.m_flow=[-1e+00, -4.865478873252869e-01, -4.642782211303711e-01, -4.616007506847382e-01, -4.616458117961884e-01, -4.616046845912933e-01, -4.615470170974731e-01, -4.61557149887085e-01, -4.615603089332581e-01, -4.615685641765594e-01, -4.61573451757431e-01, -4.615750312805176e-01, -4.615765810012817e-01, -4.615776240825653e-01, -4.615774154663086e-01, -4.61576372385025e-01, -4.61576521396637e-01, -4.615765810012817e-01, -4.615765511989594e-01, -4.615765810012817e-01, -4.615766406059265e-01, -3.808773756027222e-01, -3.017242550849915e-01, -1.658428162336349e-01, 4.432580681168474e-05, 1.495908945798874e-01, 2.763108313083649e-01, 3.668924570083618e-01, 4.473137557506564e-01, 5.181474685668943e-01, 5.829428434371948e-01, 6.430997848510742e-01, 6.995142698287964e-01, 7.528138160705566e-01, 8.035019636154175e-01, 8.519548773765564e-01, 8.984499573707581e-01, 9.432314038276672e-01, 9.864987134933472e-01, 1.028521776199341e+00, 1.069576501846313e+00, 1.069579243659973e+00, 1.069579243659973e+00, 1.069579243659973e+00, 1.069579243659973e+00, 1.069579243659973e+00, 1.069579243659973e+00, 1.069579243659973e+00, 1.069579243659973e+00, 1.069579243659973e+00, 1.069579243659973e+00, 1.069579243659973e+00, 1.069579243659973e+00, 1.069579243659973e+00, 1.069579243659973e+00, 1.069579243659973e+00, 1.069579243659973e+00, 1.069579243659973e+00, 1.069579243659973e+00, 1.069579243659973e+00, 1.069579243659973e+00, 1.069579243659973e+00, 1.069579243659973e+00, 1.069579243659973e+00, 1.069579243659973e+00, 1.069579243659973e+00, 1.069579243659973e+00, 1.069579243659973e+00, 1.069579243659973e+00, 1.069579243659973e+00, 1.069579243659973e+00, 1.05791163444519e+00, 1.047253131866455e+00, 1.037169218063354e+00, 1.027276158332825e+00, 1.017431497573853e+00, 1.007116794586182e+00, 9.961163401603699e-01, 9.836021661758423e-01, 9.664126038551331e-01, 9.423922300338745e-01, 9.103382229804993e-01, 8.723902702331543e-01, 8.30998420715332e-01, 7.865036129951477e-01, 7.390158176422119e-01, 6.885490417480469e-01, 6.351169347763062e-01, 5.788902044296265e-01, 5.205093622207642e-01, 4.615989923477173e-01, 4.615767598152161e-01, 4.615767598152161e-01, 4.615767598152161e-01, 4.615767598152161e-01, 4.615767598152161e-01, 4.615767598152161e-01, 4.615767598152161e-01, 4.615767598152161e-01, 4.615767598152161e-01, 4.615767598152161e-01]
spl.port_2.m_flow=[0e+00, 1.235533237457275e+00, 1.252553939819336e+00, 1.254531621932983e+00, 1.254498362541199e+00, 1.254528641700745e+00, 1.254571080207825e+00, 1.254563689231873e+00, 1.254561305046082e+00, 1.254555225372314e+00, 1.254551649093628e+00, 1.254550576210022e+00, 1.254549384117126e+00, 1.2545485496521e+00, 1.254548788070679e+00, 1.254549503326416e+00, 1.254549384117126e+00, 1.254549384117126e+00, 1.254549384117126e+00, 1.254549384117126e+00, 1.254549264907837e+00, 1.228765606880188e+00, 1.190766572952271e+00, 1.150700211524963e+00, 1.09545373916626e+00, 1.033183932304382e+00, 9.765030145645142e-01, 9.323197603225708e-01, 8.945273160934447e-01, 8.584600687026979e-01, 8.244056701660156e-01, 7.919309735298157e-01, 7.606841325759888e-01, 7.303816080093384e-01, 7.008786201477051e-01, 6.72052264213562e-01, 6.437582969665527e-01, 6.1593097448349e-01, 5.884935259819031e-01, 5.609478354454041e-01, 5.329069495201111e-01, 5.329192280769348e-01, 5.329192280769348e-01, 5.329192280769348e-01, 5.329192280769348e-01, 5.329192280769348e-01, 5.329192280769348e-01, 5.329192280769348e-01, 5.329192280769348e-01, 5.329192280769348e-01, 5.329192280769348e-01, 5.329192280769348e-01, 5.329192280769348e-01, 5.329192280769348e-01, 5.329192280769348e-01, 5.329192280769348e-01, 5.329192280769348e-01, 5.329192280769348e-01, 5.329192280769348e-01, 5.329192280769348e-01, 5.329192280769348e-01, 5.329192280769348e-01, 5.329192280769348e-01, 5.329192280769348e-01, 5.329192280769348e-01, 5.329192280769348e-01, 5.329192280769348e-01, 5.329192280769348e-01, 5.329192280769348e-01, 5.329192280769348e-01, 5.329192280769348e-01, 4.72613513469696e-01, 4.05276358127594e-01, 3.310480415821075e-01, 2.496737390756607e-01, 1.62354901432991e-01, 6.678887456655502e-02, -3.631187602877617e-02, -1.504959017038345e-01, -2.935445010662079e-01, -4.521409571170807e-01, -5.852324962615967e-01, -6.912816762924194e-01, -7.866913676261902e-01, -8.733980655670166e-01, -9.527388215065002e-01, -1.025573253631592e+00, -1.092361211776733e+00, -1.153157591819763e+00, -1.207534670829773e+00, -1.254532814025879e+00, -1.254549264907837e+00, -1.254549264907837e+00, -1.254549264907837e+00, -1.254549264907837e+00, -1.254549264907837e+00, -1.254549264907837e+00, -1.254549264907837e+00, -1.254549264907837e+00, -1.254549264907837e+00, -1.254549264907837e+00]
spl.port_3.m_flow=[-1.732050776481628e+00, -8.413138389587402e-01, -7.984184622764587e-01, -7.93021023273468e-01, -7.931123375892639e-01, -7.930289506912231e-01, -7.929121851921082e-01, -7.929326891899109e-01, -7.929390668869019e-01, -7.929558157920837e-01, -7.929657697677612e-01, -7.929688692092896e-01, -7.929720282554626e-01, -7.929741740226746e-01, -7.929737567901611e-01, -7.929716110229492e-01, -7.929719686508179e-01, -7.929720878601074e-01, -7.929719686508179e-01, -7.929720282554626e-01, -7.92972207069397e-01, -8.568281531333923e-01, -9.344049096107483e-01, -1.006892919540405e+00, -1.095432162284851e+00, -1.182707190513611e+00, -1.252861857414246e+00, -1.30237078666687e+00, -1.341540575027466e+00, -1.376433610916137e+00, -1.40731406211853e+00, -1.435014963150024e+00, -1.460150480270386e+00, -1.483177065849304e+00, -1.504378199577332e+00, -1.523981213569641e+00, -1.542194247245789e+00, -1.55914831161499e+00, -1.574947834014893e+00, -1.589474439620972e+00, -1.602503657341003e+00, -1.602498412132263e+00, -1.602498412132263e+00, -1.602498412132263e+00, -1.602498412132263e+00, -1.602498412132263e+00, -1.602498412132263e+00, -1.602498412132263e+00, -1.602498412132263e+00, -1.602498412132263e+00, -1.602498412132263e+00, -1.602498412132263e+00, -1.602498412132263e+00, -1.602498412132263e+00, -1.602498412132263e+00, -1.602498412132263e+00, -1.602498412132263e+00, -1.602498412132263e+00, -1.602498412132263e+00, -1.602498412132263e+00, -1.602498412132263e+00, -1.602498412132263e+00, -1.602498412132263e+00, -1.602498412132263e+00, -1.602498412132263e+00, -1.602498412132263e+00, -1.602498412132263e+00, -1.602498412132263e+00, -1.602498412132263e+00, -1.602498412132263e+00, -1.602498412132263e+00, -1.530512690544128e+00, -1.452509164810181e+00, -1.368517637252808e+00, -1.278323411941528e+00, -1.180889129638672e+00, -1.075707793235779e+00, -9.608625769615173e-01, -8.332251906394958e-01, -6.72963559627533e-01, -4.902006983757019e-01, -3.250091969966888e-01, -1.80999368429184e-01, -4.423608630895615e-02, 8.696585893630981e-02, 2.137950360774994e-01, 3.370969593524933e-01, 4.573081731796265e-01, 5.743177533149719e-01, 6.870859861373901e-01, 7.930175065994263e-01, 7.929724454879761e-01, 7.929724454879761e-01, 7.929724454879761e-01, 7.929724454879761e-01, 7.929724454879761e-01, 7.929724454879761e-01, 7.929724454879761e-01, 7.929724454879761e-01, 7.929724454879761e-01, 7.929724454879761e-01]
spl.port_1.p=[1.0132e+05, 1.0132e+05, 1.0132e+05, 1.0132e+05, 1.0132e+05, 1.0132e+05, 1.0132e+05, 1.0132e+05, 1.0132e+05, 1.0132e+05, 1.0132e+05, 1.0132e+05, 1.0132e+05, 1.0132e+05, 1.0132e+05, 1.0132e+05, 1.0132e+05, 1.0132e+05, 1.0132e+05, 1.0132e+05, 1.0132e+05, 1.013205e+05, 1.01321e+05, 1.013215e+05, 1.01322e+05, 1.013225e+05, 1.01323e+05, 1.013235e+05, 1.01324e+05, 1.013245e+05, 1.01325e+05, 1.013255e+05, 1.01326e+05, 1.013265e+05, 1.01327e+05, 1.013275e+05, 1.01328e+05, 1.013285e+05, 1.01329e+05, 1.013295e+05, 1.0133e+05, 1.0133e+05, 1.0133e+05, 1.0133e+05, 1.0133e+05, 1.0133e+05, 1.0133e+05, 1.0133e+05, 1.0133e+05, 1.0133e+05, 1.0133e+05, 1.0133e+05, 1.0133e+05, 1.0133e+05, 1.0133e+05, 1.0133e+05, 1.0133e+05, 1.0133e+05, 1.0133e+05, 1.0133e+05, 1.0133e+05, 1.0133e+05, 1.0133e+05, 1.0133e+05, 1.0133e+05, 1.0133e+05, 1.0133e+05, 1.0133e+05, 1.0133e+05, 1.0133e+05, 1.0133e+05, 1.0133e+05, 1.0133e+05, 1.0133e+05, 1.0133e+05, 1.0133e+05, 1.0133e+05, 1.0133e+05, 1.0133e+05, 1.0133e+05, 1.0133e+05, 1.0133e+05, 1.0133e+05, 1.0133e+05, 1.0133e+05, 1.0133e+05, 1.0133e+05, 1.0133e+05, 1.0133e+05, 1.0133e+05, 1.0133e+05, 1.0133e+05, 1.0133e+05, 1.0133e+05, 1.0133e+05, 1.0133e+05, 1.0133e+05, 1.0133e+05, 1.0133e+05, 1.0133e+05, 1.0133e+05]
spl.port_2.p=[1.01325e+05, 1.01325e+05]
spl.port_3.p=[1.0132e+05, 1.0132e+05, 1.0132e+05, 1.0132e+05, 1.0132e+05, 1.0132e+05, 1.0132e+05, 1.0132e+05, 1.0132e+05, 1.0132e+05, 1.0132e+05, 1.0132e+05, 1.0132e+05, 1.0132e+05, 1.0132e+05, 1.0132e+05, 1.0132e+05, 1.0132e+05, 1.0132e+05, 1.0132e+05, 1.0132e+05, 1.0132e+05, 1.0132e+05, 1.0132e+05, 1.0132e+05, 1.0132e+05, 1.0132e+05, 1.0132e+05, 1.0132e+05, 1.0132e+05, 1.0132e+05, 1.0132e+05, 1.0132e+05, 1.0132e+05, 1.0132e+05, 1.0132e+05, 1.0132e+05, 1.0132e+05, 1.0132e+05, 1.0132e+05, 1.0132e+05, 1.0132e+05, 1.0132e+05, 1.0132e+05, 1.0132e+05, 1.0132e+05, 1.0132e+05, 1.0132e+05, 1.0132e+05, 1.0132e+05, 1.0132e+05, 1.0132e+05, 1.0132e+05, 1.0132e+05, 1.0132e+05, 1.0132e+05, 1.0132e+05, 1.0132e+05, 1.0132e+05, 1.0132e+05, 1.0132e+05, 1.0132e+05, 1.0132e+05, 1.0132e+05, 1.0132e+05, 1.0132e+05, 1.0132e+05, 1.0132e+05, 1.0132e+05, 1.0132e+05, 1.0132e+05, 1.013205e+05, 1.01321e+05, 1.013215e+05, 1.01322e+05, 1.013225e+05, 1.01323e+05, 1.013235e+05, 1.01324e+05, 1.013245e+05, 1.01325e+05, 1.013255e+05, 1.01326e+05, 1.013265e+05, 1.01327e+05, 1.013275e+05, 1.01328e+05, 1.013285e+05, 1.01329e+05, 1.013295e+05, 1.0133e+05, 1.0133e+05, 1.0133e+05, 1.0133e+05, 1.0133e+05, 1.0133e+05, 1.0133e+05, 1.0133e+05, 1.0133e+05, 1.0133e+05, 1.0133e+05]
spl.res1.dp=[-5e+00, -1.18364417552948e+00, -1.077771306037903e+00, -1.065376281738281e+00, -1.065584301948547e+00, -1.065394401550293e+00, -1.065128326416016e+00, -1.06517505645752e+00, -1.065189599990845e+00, -1.065227627754211e+00, -1.065250277519226e+00, -1.065257430076599e+00, -1.065264701843262e+00, -1.065269589424133e+00, -1.065268516540527e+00, -1.065263748168945e+00, -1.065264463424683e+00, -1.065264701843262e+00, -1.065264463424683e+00, -1.065264582633972e+00, -1.065264940261841e+00, -7.253378033638e-01, -4.551876485347748e-01, -1.897222846746445e-01, 4.728086059913039e-05, 1.686728596687317e-01, 3.838953673839569e-01, 6.730504035949707e-01, 1.000447869300843e+00, 1.342384099960326e+00, 1.699111819267273e+00, 2.067886829376221e+00, 2.446600914001465e+00, 2.833643198013306e+00, 3.228077173233032e+00, 3.629135608673096e+00, 4.036061763763428e+00, 4.448427677154541e+00, 4.865898609161377e+00, 5.289285182952881e+00, 5.719969749450684e+00, 5.719998359680176e+00, 5.719998359680176e+00, 5.719998359680176e+00, 5.719998359680176e+00, 5.719998359680176e+00, 5.719998359680176e+00, 5.719998359680176e+00, 5.719998359680176e+00, 5.719998359680176e+00, 5.719998359680176e+00, 5.719998359680176e+00, 5.719998359680176e+00, 5.719998359680176e+00, 5.719998359680176e+00, 5.719998359680176e+00, 5.719998359680176e+00, 5.719998359680176e+00, 5.719998359680176e+00, 5.719998359680176e+00, 5.719998359680176e+00, 5.719998359680176e+00, 5.719998359680176e+00, 5.719998359680176e+00, 5.719998359680176e+00, 5.719998359680176e+00, 5.719998359680176e+00, 5.719998359680176e+00, 5.719998359680176e+00, 5.719998359680176e+00, 5.719998359680176e+00, 5.595884799957275e+00, 5.483695507049561e+00, 5.378599166870117e+00, 5.276482105255127e+00, 5.175834655761719e+00, 5.071421146392822e+00, 4.961238384246826e+00, 4.837366104125977e+00, 4.669766426086426e+00, 4.440515518188477e+00, 4.143578052520752e+00, 3.805324077606201e+00, 3.452791690826416e+00, 3.092939615249634e+00, 2.730721712112427e+00, 2.370498895645142e+00, 2.016867399215698e+00, 1.675569295883179e+00, 1.354650020599365e+00, 1.065368175506592e+00, 1.065265536308289e+00, 1.065265536308289e+00, 1.065265536308289e+00, 1.065265536308289e+00, 1.065265536308289e+00, 1.065265536308289e+00, 1.065265536308289e+00, 1.065265536308289e+00, 1.065265536308289e+00, 1.065265536308289e+00]
spl.res2.dp=[0e+00, 3.81635570526123e+00, 3.922228574752808e+00, 3.934623718261719e+00, 3.934415817260742e+00, 3.934605598449707e+00, 3.934871673583984e+00, 3.93482494354248e+00, 3.934810400009155e+00, 3.934772253036499e+00, 3.934749603271484e+00, 3.934742450714111e+00, 3.934735298156738e+00, 3.934730529785156e+00, 3.934731483459473e+00, 3.934736251831055e+00, 3.934735536575317e+00, 3.934735298156738e+00, 3.934735536575317e+00, 3.934735298156738e+00, 3.934735059738159e+00, 3.774662256240845e+00, 3.544812440872192e+00, 3.310277700424194e+00, 3.000047206878662e+00, 2.668672800064087e+00, 2.383895397186279e+00, 2.173050403594971e+00, 2.000447988510131e+00, 1.842384099960328e+00, 1.699111819267273e+00, 1.567886829376221e+00, 1.446600914001465e+00, 1.333643198013306e+00, 1.228077054023743e+00, 1.129135608673096e+00, 1.036061763763428e+00, 9.484274387359619e-01, 8.658986687660217e-01, 7.892853021621704e-01, 7.199697494506836e-01, 7.199981808662415e-01, 7.199981808662415e-01, 7.199981808662415e-01, 7.199981808662415e-01, 7.199981808662415e-01, 7.199981808662415e-01, 7.199981808662415e-01, 7.199981808662415e-01, 7.199981808662415e-01, 7.199981808662415e-01, 7.199981808662415e-01, 7.199981808662415e-01, 7.199981808662415e-01, 7.199981808662415e-01, 7.199981808662415e-01, 7.199981808662415e-01, 7.199981808662415e-01, 7.199981808662415e-01, 7.199981808662415e-01, 7.199981808662415e-01, 7.199981808662415e-01, 7.199981808662415e-01, 7.199981808662415e-01, 7.199981808662415e-01, 7.199981808662415e-01, 7.199981808662415e-01, 7.199981808662415e-01, 7.199981808662415e-01, 7.199981808662415e-01, 7.199981808662415e-01, 5.958846807479858e-01, 4.836954176425934e-01, 3.785993754863739e-01, 2.764820456504822e-01, 1.758347600698471e-01, 7.14210644364357e-02, -3.876141086220741e-02, -1.626339703798294e-01, -3.302333652973175e-01, -5.594845414161682e-01, -8.564217090606689e-01, -1.194675922393799e+00, -1.547208189964294e+00, -1.907060503959656e+00, -2.269278287887573e+00, -2.629501104354858e+00, -2.983132600784302e+00, -3.324430704116821e+00, -3.645349979400635e+00, -3.934631824493408e+00, -3.934734344482422e+00, -3.934734344482422e+00, -3.934734344482422e+00, -3.934734344482422e+00, -3.934734344482422e+00, -3.934734344482422e+00, -3.934734344482422e+00, -3.934734344482422e+00, -3.934734344482422e+00, -3.934734344482422e+00]
spl.res3.dp=[-5e+00, -1.18364417552948e+00, -1.077771306037903e+00, -1.065376281738281e+00, -1.065584301948547e+00, -1.065394401550293e+00, -1.065128326416016e+00, -1.06517505645752e+00, -1.065189599990845e+00, -1.065227627754211e+00, -1.065250277519226e+00, -1.065257430076599e+00, -1.065264701843262e+00, -1.065269589424133e+00, -1.065268516540527e+00, -1.065263748168945e+00, -1.065264463424683e+00, -1.065264701843262e+00, -1.065264463424683e+00, -1.065264582633972e+00, -1.065264940261841e+00, -1.225337862968445e+00, -1.455187678337097e+00, -1.689722299575806e+00, -1.999952673912048e+00, -2.331327199935913e+00, -2.616104602813721e+00, -2.826949596405029e+00, -2.999552011489869e+00, -3.157615900039672e+00, -3.300888061523438e+00, -3.432113170623779e+00, -3.553399085998535e+00, -3.666356801986694e+00, -3.771922826766968e+00, -3.870864391326904e+00, -3.963938236236572e+00, -4.051572322845459e+00, -4.134101390838623e+00, -4.210714817047119e+00, -4.280030250549316e+00, -4.280001640319824e+00, -4.280001640319824e+00, -4.280001640319824e+00, -4.280001640319824e+00, -4.280001640319824e+00, -4.280001640319824e+00, -4.280001640319824e+00, -4.280001640319824e+00, -4.280001640319824e+00, -4.280001640319824e+00, -4.280001640319824e+00, -4.280001640319824e+00, -4.280001640319824e+00, -4.280001640319824e+00, -4.280001640319824e+00, -4.280001640319824e+00, -4.280001640319824e+00, -4.280001640319824e+00, -4.280001640319824e+00, -4.280001640319824e+00, -4.280001640319824e+00, -4.280001640319824e+00, -4.280001640319824e+00, -4.280001640319824e+00, -4.280001640319824e+00, -4.280001640319824e+00, -4.280001640319824e+00, -4.280001640319824e+00, -4.280001640319824e+00, -4.280001640319824e+00, -3.904115438461304e+00, -3.516304492950439e+00, -3.121400594711304e+00, -2.723517894744873e+00, -2.324165344238281e+00, -1.928578972816467e+00, -1.538761377334595e+00, -1.162634015083313e+00, -8.302333950996399e-01, -5.594845414161682e-01, -3.564217388629913e-01, -1.946759521961212e-01, -4.720824211835861e-02, 9.293954819440842e-02, 2.307217866182327e-01, 3.704988360404968e-01, 5.16867458820343e-01, 6.755692362785339e-01, 8.546500205993652e-01, 1.065368175506592e+00, 1.065265536308289e+00, 1.065265536308289e+00, 1.065265536308289e+00, 1.065265536308289e+00, 1.065265536308289e+00, 1.065265536308289e+00, 1.065265536308289e+00, 1.065265536308289e+00, 1.065265536308289e+00, 1.065265536308289e+00]
senTem1.T=[2.931499938964844e+02, 2.931488037109375e+02, 2.931481323242188e+02, 2.931477966308594e+02, 2.931476440429688e+02, 2.931476135253906e+02, 2.931476135253906e+02, 2.931476745605469e+02, 2.931477661132812e+02, 2.931478271484375e+02, 2.9314794921875e+02, 2.931480712890625e+02, 2.93148193359375e+02, 2.931482849121094e+02, 2.931484069824219e+02, 2.931484985351562e+02, 2.931486206054688e+02, 2.931487121582031e+02, 2.931488037109375e+02, 2.931488647460938e+02, 2.931489562988281e+02, 2.931490173339844e+02, 2.931491088867188e+02, 2.931492004394531e+02, 2.931490783691406e+02, 2.924213562011719e+02, 2.9062109375e+02, 2.885545043945312e+02, 2.867374572753906e+02, 2.853635559082031e+02, 2.844253234863281e+02, 2.83838623046875e+02, 2.835020446777344e+02, 2.8332275390625e+02, 2.832335510253906e+02, 2.831907958984375e+02, 2.831701354980469e+02, 2.831599426269531e+02, 2.831548461914062e+02, 2.831520385742188e+02, 2.831505432128906e+02, 2.831501770019531e+02, 2.831500549316406e+02, 2.831500244140625e+02, 2.831499938964844e+02, 2.831499938964844e+02, 2.831499938964844e+02, 2.831499938964844e+02, 2.831499938964844e+02, 2.831499938964844e+02, 2.831499938964844e+02, 2.831499938964844e+02, 2.831499938964844e+02, 2.831499938964844e+02, 2.831499938964844e+02, 2.831499938964844e+02, 2.831499938964844e+02, 2.831499938964844e+02, 2.831499938964844e+02, 2.831499938964844e+02, 2.831499938964844e+02, 2.831499938964844e+02, 2.831499938964844e+02, 2.831499938964844e+02, 2.831499938964844e+02, 2.831499938964844e+02, 2.831499938964844e+02, 2.831499938964844e+02, 2.831499938964844e+02, 2.831499938964844e+02, 2.831499938964844e+02, 2.831499938964844e+02, 2.831499938964844e+02, 2.831499938964844e+02, 2.831499938964844e+02, 2.831499938964844e+02, 2.831499938964844e+02, 2.831499938964844e+02, 2.831499938964844e+02, 2.831499938964844e+02, 2.831499938964844e+02, 2.831499938964844e+02, 2.831499938964844e+02, 2.831499938964844e+02, 2.831499938964844e+02, 2.831499938964844e+02, 2.831499938964844e+02, 2.831499938964844e+02, 2.831499938964844e+02, 2.831499938964844e+02, 2.831499938964844e+02, 2.831499938964844e+02, 2.831499938964844e+02, 2.831499938964844e+02, 2.831499938964844e+02, 2.831499938964844e+02, 2.831499938964844e+02, 2.831499938964844e+02, 2.831499938964844e+02, 2.831499938964844e+02, 2.831499938964844e+02]
senTem2.T=[2.931499938964844e+02, 2.931499938964844e+02, 2.931499938964844e+02, 2.931499938964844e+02, 2.931499938964844e+02, 2.931499938964844e+02, 2.931499938964844e+02, 2.931499938964844e+02, 2.931499938964844e+02, 2.931499938964844e+02, 2.931499938964844e+02, 2.931499938964844e+02, 2.931499938964844e+02, 2.931499938964844e+02, 2.931499938964844e+02, 2.931499938964844e+02, 2.931499938964844e+02, 2.931499938964844e+02, 2.931499938964844e+02, 2.931499938964844e+02, 2.931499938964844e+02, 2.931499938964844e+02, 2.931499938964844e+02, 2.931499938964844e+02, 2.931499938964844e+02, 2.931499938964844e+02, 2.931499938964844e+02, 2.931499938964844e+02, 2.931499938964844e+02, 2.931499938964844e+02, 2.931499938964844e+02, 2.931499938964844e+02, 2.931499938964844e+02, 2.931499938964844e+02, 2.931499938964844e+02, 2.931499938964844e+02, 2.931499938964844e+02, 2.931499938964844e+02, 2.931499938964844e+02, 2.931499938964844e+02, 2.931499938964844e+02, 2.931499938964844e+02, 2.931499938964844e+02, 2.931499938964844e+02, 2.931499938964844e+02, 2.931499938964844e+02, 2.931499938964844e+02, 2.931499938964844e+02, 2.931499938964844e+02, 2.931499938964844e+02, 2.931499938964844e+02, 2.931499938964844e+02, 2.931499938964844e+02, 2.931499938964844e+02, 2.931499938964844e+02, 2.931499938964844e+02, 2.931499938964844e+02, 2.931499938964844e+02, 2.931499938964844e+02, 2.931499938964844e+02, 2.931499938964844e+02, 2.931499938964844e+02, 2.931499938964844e+02, 2.931499938964844e+02, 2.931499938964844e+02, 2.931499938964844e+02, 2.931499938964844e+02, 2.931499938964844e+02, 2.931499938964844e+02, 2.931499938964844e+02, 2.931499938964844e+02, 2.931499938964844e+02, 2.931499938964844e+02, 2.931499938964844e+02, 2.931499938964844e+02, 2.931499938964844e+02, 2.931499938964844e+02, 2.931282043457031e+02, 2.928126220703125e+02, 2.920997619628906e+02, 2.91033447265625e+02, 2.898106079101562e+02, 2.886534423828125e+02, 2.876717529296875e+02, 2.86897216796875e+02, 2.863436889648438e+02, 2.8601416015625e+02, 2.858918151855469e+02, 2.859519348144531e+02, 2.861672973632812e+02, 2.865108642578125e+02, 2.86943603515625e+02, 2.874115295410156e+02, 2.878840637207031e+02, 2.883450317382812e+02, 2.887871704101562e+02, 2.892072448730469e+02, 2.896042785644531e+02, 2.899786071777344e+02, 2.903310852050781e+02, 2.906626892089844e+02]
senTem3.T=[2.931499938964844e+02, 2.931492614746094e+02, 2.931487121582031e+02, 2.931483764648438e+02, 2.931481628417969e+02, 2.931480102539062e+02, 2.931479187011719e+02, 2.931478881835938e+02, 2.931478881835938e+02, 2.931478881835938e+02, 2.9314794921875e+02, 2.931480102539062e+02, 2.931481018066406e+02, 2.931481628417969e+02, 2.931482543945312e+02, 2.931483459472656e+02, 2.931484375e+02, 2.931485290527344e+02, 2.931486206054688e+02, 2.931487121582031e+02, 2.931487731933594e+02, 2.931488952636719e+02, 2.931490478515625e+02, 2.931492004394531e+02, 2.931494140625e+02, 2.931450500488281e+02, 2.931174621582031e+02, 2.930537109375e+02, 2.929516906738281e+02, 2.928144226074219e+02, 2.926463317871094e+02, 2.924524841308594e+02, 2.922377319335938e+02, 2.920066223144531e+02, 2.917630004882812e+02, 2.9151025390625e+02, 2.912511596679688e+02, 2.909879760742188e+02, 2.907226257324219e+02, 2.904566345214844e+02, 2.901912231445312e+02, 2.899297485351562e+02, 2.896782836914062e+02, 2.894400024414062e+02, 2.89216552734375e+02, 2.890082702636719e+02, 2.888148498535156e+02, 2.886357116699219e+02, 2.884700012207031e+02, 2.883168334960938e+02, 2.881753234863281e+02, 2.880446166992188e+02, 2.879239196777344e+02, 2.878124694824219e+02, 2.877095947265625e+02, 2.876145935058594e+02, 2.875269165039062e+02, 2.874459838867188e+02, 2.873712463378906e+02, 2.8730224609375e+02, 2.872385559082031e+02, 2.871797485351562e+02, 2.871254577636719e+02, 2.870753479003906e+02, 2.870291137695312e+02, 2.869863891601562e+02, 2.869469909667969e+02, 2.8691064453125e+02, 2.868770751953125e+02, 2.868461303710938e+02, 2.868175659179688e+02, 2.867904357910156e+02, 2.867597961425781e+02, 2.867214660644531e+02, 2.866728515625e+02, 2.866124572753906e+02, 2.865395812988281e+02, 2.864544677734375e+02, 2.863617553710938e+02, 2.862718200683594e+02, 2.861932983398438e+02, 2.86131591796875e+02, 2.86088134765625e+02, 2.860663757324219e+02, 2.862313232421875e+02, 2.870614318847656e+02, 2.884740600585938e+02, 2.902954406738281e+02, 2.92327392578125e+02, 2.943806762695312e+02, 2.962995910644531e+02, 2.978916625976562e+02, 2.991140747070312e+02, 3.0005126953125e+02, 3.007706604003906e+02, 3.013230285644531e+02, 3.017474060058594e+02, 3.020736694335938e+02, 3.02324462890625e+02, 3.025169067382812e+02, 3.026644287109375e+02]
