last-generated=2026-10-10
statistics-initialization=
{
  "linear": "0",
  "nonlinear": "0, 0, 0, 0",
  "numerical Jacobians": "0"
}
statistics-simulation=
{
  "linear": "0",
  "nonlinear": " ",
  "number of continuous time states": "6",
  "numerical Jacobians": "0"
}
time=[0e+00, 8.64e+04]
zon.TAir=[2.931499938964844e+02, 2.906162719726562e+02, 2.898275451660156e+02, 2.896363220214844e+02, 2.891479187011719e+02, 2.888010559082031e+02, 2.890082702636719e+02, 2.890101623535156e+02, 2.892073059082031e+02, 2.893154296875e+02, 2.892701110839844e+02, 2.891718444824219e+02, 2.888953857421875e+02, 2.892773132324219e+02, 2.892180480957031e+02, 2.891819152832031e+02, 2.891602478027344e+02, 2.89144287109375e+02, 2.891404418945312e+02, 2.891339111328125e+02, 2.891350708007812e+02, 2.891325988769531e+02, 2.89132568359375e+02, 2.891315002441406e+02, 2.891310424804688e+02, 2.891334533691406e+02, 2.919367980957031e+02, 2.9208056640625e+02, 2.920919799804688e+02, 2.923366088867188e+02, 2.924428100585938e+02, 2.925797119140625e+02, 2.92881103515625e+02, 2.932923889160156e+02, 2.937536926269531e+02, 2.942729187011719e+02, 2.947991943359375e+02, 2.953023376464844e+02, 2.953657836914062e+02, 2.953697204589844e+02, 2.953439025878906e+02, 2.953099365234375e+02, 2.952958679199219e+02, 2.952641906738281e+02, 2.952568359375e+02, 2.952338256835938e+02, 2.952240295410156e+02, 2.952077026367188e+02, 2.951955871582031e+02, 2.95178466796875e+02, 2.951644592285156e+02, 2.951530456542969e+02, 2.951440734863281e+02, 2.951437072753906e+02, 2.951455383300781e+02, 2.951422729492188e+02, 2.951449279785156e+02, 2.951461181640625e+02, 2.951452941894531e+02, 2.951436462402344e+02, 2.951432189941406e+02, 2.951404724121094e+02, 2.951318359375e+02, 2.951294555664062e+02, 2.951183776855469e+02, 2.951163024902344e+02, 2.951177673339844e+02, 2.951121826171875e+02, 2.951154479980469e+02, 2.951085205078125e+02, 2.951159362792969e+02, 2.951164855957031e+02, 2.951202087402344e+02, 2.951212158203125e+02, 2.95122314453125e+02, 2.951264038085938e+02, 2.914991149902344e+02, 2.905388793945312e+02, 2.902023620605469e+02, 2.899461364746094e+02, 2.8968798828125e+02, 2.894812927246094e+02, 2.893065490722656e+02, 2.891438903808594e+02, 2.8898388671875e+02, 2.892088317871094e+02, 2.888690185546875e+02, 2.893290405273438e+02, 2.892593078613281e+02, 2.889874572753906e+02, 2.892769775390625e+02, 2.889026489257812e+02, 2.891459655761719e+02, 2.892789306640625e+02, 2.893522644042969e+02, 2.892683410644531e+02, 2.891880798339844e+02, 2.890426635742188e+02, 2.889408874511719e+02, 2.890791931152344e+02, 2.893290100097656e+02]
TSet.y=[2.891499938964844e+02, 2.891499938964844e+02, 2.891499938964844e+02, 2.891499938964844e+02, 2.891499938964844e+02, 2.891499938964844e+02, 2.891499938964844e+02, 2.891499938964844e+02, 2.891499938964844e+02, 2.891499938964844e+02, 2.891499938964844e+02, 2.891499938964844e+02, 2.891499938964844e+02, 2.891499938964844e+02, 2.891499938964844e+02, 2.891499938964844e+02, 2.891499938964844e+02, 2.891499938964844e+02, 2.891499938964844e+02, 2.891499938964844e+02, 2.891499938964844e+02, 2.891499938964844e+02, 2.891499938964844e+02, 2.891499938964844e+02, 2.891499938964844e+02, 2.891499938964844e+02, 2.951499938964844e+02, 2.951499938964844e+02, 2.951499938964844e+02, 2.951499938964844e+02, 2.951499938964844e+02, 2.951499938964844e+02, 2.951499938964844e+02, 2.951499938964844e+02, 2.951499938964844e+02, 2.951499938964844e+02, 2.951499938964844e+02, 2.951499938964844e+02, 2.951499938964844e+02, 2.951499938964844e+02, 2.951499938964844e+02, 2.951499938964844e+02, 2.951499938964844e+02, 2.951499938964844e+02, 2.951499938964844e+02, 2.951499938964844e+02, 2.951499938964844e+02, 2.951499938964844e+02, 2.951499938964844e+02, 2.951499938964844e+02, 2.951499938964844e+02, 2.951499938964844e+02, 2.951499938964844e+02, 2.951499938964844e+02, 2.951499938964844e+02, 2.951499938964844e+02, 2.951499938964844e+02, 2.951499938964844e+02, 2.951499938964844e+02, 2.951499938964844e+02, 2.951499938964844e+02, 2.951499938964844e+02, 2.951499938964844e+02, 2.951499938964844e+02, 2.951499938964844e+02, 2.951499938964844e+02, 2.951499938964844e+02, 2.951499938964844e+02, 2.951499938964844e+02, 2.951499938964844e+02, 2.951499938964844e+02, 2.951499938964844e+02, 2.951499938964844e+02, 2.951499938964844e+02, 2.951499938964844e+02, 2.951499938964844e+02, 2.891499938964844e+02, 2.891499938964844e+02, 2.891499938964844e+02, 2.891499938964844e+02, 2.891499938964844e+02, 2.891499938964844e+02, 2.891499938964844e+02, 2.891499938964844e+02, 2.891499938964844e+02, 2.891499938964844e+02, 2.891499938964844e+02, 2.891499938964844e+02, 2.891499938964844e+02, 2.891499938964844e+02, 2.891499938964844e+02, 2.891499938964844e+02, 2.891499938964844e+02, 2.891499938964844e+02, 2.891499938964844e+02, 2.891499938964844e+02, 2.891499938964844e+02, 2.891499938964844e+02, 2.891499938964844e+02, 2.891499938964844e+02, 2.891499938964844e+02]
conPID.y=[0e+00, 0e+00, 0e+00, 0e+00, 6.097856163978577e-02, 4.990606307983398e-01, 3.233597874641418e-01, 3.360711634159102e-01, 1.584353148937225e-01, 6.988927721977234e-02, 1.215986236929893e-01, 2.237577438354492e-01, 4.858080148696899e-01, 5.738836154341698e-02, 7.068911939859393e-02, 8.333224058151245e-02, 9.543435275554657e-02, 1.109430491924286e-01, 1.187654882669449e-01, 1.31716176867485e-01, 1.379676312208176e-01, 1.478577554225922e-01, 1.561588495969772e-01, 1.657204329967499e-01, 1.751473397016525e-01, 1.815213412046432e-01, 1e+00, 1e+00, 1e+00, 1e+00, 1e+00, 1e+00, 1e+00, 1e+00, 1e+00, 1e+00, 1e+00, 7.411358952522278e-01, 5.537204146385193e-01, 4.467475116252899e-01, 3.732984960079193e-01, 3.222334086894989e-01, 2.620395123958588e-01, 2.311596274375916e-01, 1.852787286043167e-01, 1.628363579511642e-01, 1.35152280330658e-01, 1.200615614652634e-01, 1.068549528717995e-01, 1.062378361821175e-01, 1.105062216520309e-01, 1.180507317185402e-01, 1.279390454292297e-01, 1.313755810260773e-01, 1.320696771144867e-01, 1.385477036237717e-01, 1.389280408620834e-01, 1.398045271635054e-01, 1.426349580287933e-01, 1.470941007137299e-01, 1.50292843580246e-01, 1.569779366254807e-01, 1.720633208751678e-01, 1.836426109075546e-01, 2.070676535367966e-01, 2.248386442661285e-01, 2.392861098051071e-01, 2.619091272354126e-01, 2.763088941574097e-01, 3.024913072586057e-01, 3.131352961063385e-01, 3.28457772731781e-01, 3.397058546543121e-01, 3.525556921958923e-01, 3.64985316991806e-01, 3.734614551067352e-01, 0e+00, 0e+00, 0e+00, 0e+00, 0e+00, 0e+00, 0e+00, 4.932639002799988e-02, 2.504310309886932e-01, 1.347390562295914e-01, 4.778664112091064e-01, 4.226252436637878e-02, 1.151232421398163e-01, 3.969321548938751e-01, 1.135518550872803e-01, 5.016205906867981e-01, 2.480811178684235e-01, 1.185221374034882e-01, 4.817567020654678e-02, 1.374725103378296e-01, 2.163155227899551e-01, 3.591575026512146e-01, 4.480022788047791e-01, 3.036417961120605e-01, 5.269567668437958e-02]
hea.m_flow=[0e+00, 0e+00, 0e+00, 0e+00, 0e+00, 0e+00, 6.041839718818665e-01, 3.348183294147307e-26, 2.666672660467384e-09, 6.041839718818665e-01, 6.041839718818665e-01, 6.041839718818665e-01, -7.141970582407039e-16, 6.041839718818665e-01, 6.041839718818665e-01, 6.041839718818665e-01, 6.041839718818665e-01, 6.041839718818665e-01, 6.041839718818665e-01, 6.041839718818665e-01, 6.041839718818665e-01, 6.041839718818665e-01, 6.041839718818665e-01, 6.041839718818665e-01, 6.041839718818665e-01, 6.041839718818665e-01, 1.208367943763733e+00, 1.208367943763733e+00, 1.208367943763733e+00, 1.208367943763733e+00, 1.208367943763733e+00, 1.208367943763733e+00, 1.208367943763733e+00, 1.208367943763733e+00, 1.208367943763733e+00, 1.208367943763733e+00, 1.208367943763733e+00, 1.208367943763733e+00, 6.041839718818665e-01, 6.041839718818665e-01, 6.041839718818665e-01, 6.041839718818665e-01, 6.041839718818665e-01, 6.041839718818665e-01, 6.041839718818665e-01, 6.041839718818665e-01, 6.041839718818665e-01, 6.041839718818665e-01, 6.041839718818665e-01, 6.041839718818665e-01, 6.041839718818665e-01, 6.041839718818665e-01, 6.041839718818665e-01, 6.041839718818665e-01, 6.041839718818665e-01, 6.041839718818665e-01, 6.041839718818665e-01, 6.041839718818665e-01, 6.041839718818665e-01, 6.041839718818665e-01, 6.041839718818665e-01, 6.041839718818665e-01, 6.041839718818665e-01, 6.041839718818665e-01, 6.041839718818665e-01, 6.041839718818665e-01, 6.041839718818665e-01, 6.041839718818665e-01, 6.041839718818665e-01, 6.041839718818665e-01, 6.041839718818665e-01, 6.041839718818665e-01, 6.041839718818665e-01, 6.041839718818665e-01, 6.041839718818665e-01, 6.041839718818665e-01, -1.828918952574619e-21, -4.531596109293183e-33, -0e+00, 0e+00, -0e+00, -0e+00, 0e+00, 0e+00, 0e+00, 6.041839718818665e-01, -7.336175811325785e-40, 8.803515694211228e-10, 1.770380890497858e-11, 5.63625420075208e-31, -5.188986573756438e-09, 1.725292503833771e-01, 4.826288023743186e-13, 5.417699622256578e-09, 1.725476086139679e-01, 6.041839718818665e-01, 6.041839718818665e-01, 6.041839718818665e-01, 3.900837558164461e-21, -3.989520031607435e-13, 6.041839718818665e-01]
hea.TSet=[2.951499938964844e+02, 2.926162719726562e+02, 2.918275451660156e+02, 2.916363220214844e+02, 2.916357727050781e+02, 2.947935485839844e+02, 2.935951538085938e+02, 2.936987609863281e+02, 2.924747924804688e+02, 2.918745422363281e+02, 2.92242919921875e+02, 2.929619140625e+02, 2.947818298339844e+02, 2.917364196777344e+02, 2.917835693359375e+02, 2.918485717773438e+02, 2.919237060546875e+02, 2.920318298339844e+02, 2.92090576171875e+02, 2.921876525878906e+02, 2.922388305664062e+02, 2.923154602050781e+02, 2.923818359375e+02, 2.924572448730469e+02, 2.925322265625e+02, 2.925856018066406e+02, 3.019367980957031e+02, 3.0208056640625e+02, 3.020919799804688e+02, 3.023366088867188e+02, 3.024428100585938e+02, 3.025797119140625e+02, 3.02881103515625e+02, 3.032923889160156e+02, 3.037536926269531e+02, 3.042729187011719e+02, 3.047991943359375e+02, 3.032314147949219e+02, 3.017955627441406e+02, 3.009436950683594e+02, 3.003302917480469e+02, 2.998877868652344e+02, 2.993921813964844e+02, 2.991134643554688e+02, 2.987390747070312e+02, 2.985364990234375e+02, 2.983052673339844e+02, 2.98168212890625e+02, 2.980504455566406e+02, 2.980283813476562e+02, 2.980485229492188e+02, 2.980974426269531e+02, 2.981676025390625e+02, 2.981947021484375e+02, 2.982020874023438e+02, 2.982506408691406e+02, 2.9825634765625e+02, 2.982645568847656e+02, 2.98286376953125e+02, 2.983204040527344e+02, 2.983455505371094e+02, 2.983963012695312e+02, 2.985083312988281e+02, 2.985986022949219e+02, 2.9877490234375e+02, 2.989150085449219e+02, 2.990320434570312e+02, 2.992074584960938e+02, 2.99325927734375e+02, 2.995284423828125e+02, 2.996210021972656e+02, 2.99744140625e+02, 2.998378601074219e+02, 2.99941650390625e+02, 3.000421752929688e+02, 3.001141052246094e+02, 2.934991149902344e+02, 2.925388793945312e+02, 2.922023620605469e+02, 2.919461364746094e+02, 2.9168798828125e+02, 2.914812927246094e+02, 2.913065490722656e+02, 2.915385131835938e+02, 2.929873352050781e+02, 2.922867431640625e+02, 2.946919555664062e+02, 2.916671447753906e+02, 2.921802978515625e+02, 2.941629028320312e+02, 2.921853942871094e+02, 2.949156188964844e+02, 2.931305847167969e+02, 2.922271118164062e+02, 2.917376708984375e+02, 2.923681335449219e+02, 2.929186096191406e+02, 2.939159240722656e+02, 2.9452490234375e+02, 2.935083312988281e+02, 2.917505798339844e+02]
