last-generated=2020-05-26
statistics-initialization=
{
  "nonlinear": "14",
  "numerical Jacobians": "0"
}
statistics-simulation=
{
  "linear": " ",
  "nonlinear": " ",
  "numerical Jacobians": "0"
}
time=[0e+00, 1e+00]
err_V2[1]=[-6.469275951385498e-01, -6.469275951385498e-01]
err_V2[2]=[-6.689508557319641e-01, -6.689508557319641e-01]
err_V2[3]=[-3.268755078315735e-01, -3.268755078315735e-01]
err_V3[1]=[3.963238000869751e-01, 3.963238000869751e-01]
err_V3[2]=[-7.651864737272263e-02, -7.651864737272263e-02]
err_V3[3]=[3.06876540184021e-01, 3.06876540184021e-01]
err_V4[1]=[4.904395639896393e-01, 4.904395639896393e-01]
err_V4[2]=[5.137287974357605e-01, 5.137287974357605e-01]
err_V4[3]=[-2.514242231845856e-01, -2.514242231845856e-01]
err_Theta2[1]=[-2.907972084358335e-04, -2.907972084358335e-04]
err_Theta2[2]=[-6.726572755724192e-04, -6.726572755724192e-04]
err_Theta2[3]=[-4.44967663497664e-05, -4.44967663497664e-05]
err_Theta3[1]=[-6.424669409170747e-04, -6.424669409170747e-04]
err_Theta3[2]=[-6.414608797058463e-04, -6.414608797058463e-04]
err_Theta3[3]=[-6.198485498316586e-04, -6.198485498316586e-04]
err_Theta4[1]=[-7.087925914674997e-04, -7.087925914674997e-04]
err_Theta4[2]=[4.774217086378485e-04, 4.774217086378485e-04]
err_Theta4[3]=[5.070528131909668e-04, 5.070528131909668e-04]
