last-generated=2015-05-08
statistics-simulation={'numerical Jacobians': '0', 'nonlinear': ' ', 'linear': ' '}
hASin.hA=[51.796875, 56.34529858660219048261, 60.86334574245849182716, 65.31400333989887485586, 69.65958336282295704223, 73.8621368408203125, 77.88391175220199613705, 81.68778345017091169211, 85.23778424578233625653, 88.49961040200238926445, 91.44112396240234375, 94.03282966135678577757, 96.24836030942294939905, 98.06488747529911620404, 99.46350933138919003795, 100.42954254150390625, 100.95279671703036683539, 101.02772515778384843088, 100.65352648202453167414, 99.83418205069024509157, 98.57834625244140625, 96.89921687097283609091, 94.81433794683279359106, 92.3452614520267189846, 89.51721761631188201136, 86.35871124267578125, 82.90105665167952508909, 79.17789182145008908265, 75.22466522835247815237, 71.07819859446266264058, 66.7760772705078125, 62.35623833834645779461, 57.85650446913840028174, 53.31413834661043438246, 48.76555345109787964475, 44.245922088623046875, 39.78900809221254775139, 35.42696166562909354525, 31.19025656554539693843, 27.10771689229365222218, 23.20653533935546875, 19.51250686973531145441, 16.05029533854314038877, 12.84386057221528254502, 9.91707531719910306833, 7.29452562332153320312, 5.08876683896744985702, 3.74160962709910371871, 3.18541662568082850626, 3.0502314387646385363, 3.04016852378845214844, 3.0502314387646385363, 3.18541662568082850626, 3.74160962709910371871, 5.08876122939655761712, 7.29452562332153320312, 9.91708420832240022946, 12.84386057215377263674, 16.05029533861110735415, 19.51249552730443426185, 23.20653533935546875, 27.10772962990368384339, 31.19025656546157421189, 35.42696166571631266606, 39.78899407729650761212, 44.245922088623046875, 48.76556788746525938905, 53.31413834651846173074, 57.8565044692298400264, 62.35622412699586192275, 66.7760772705078125, 71.07821201244668429808, 75.22466522827009782759, 79.17789182152731086717, 82.90104517000857242692, 86.35871124267578125, 89.51722708369887016033, 92.34525720111427915526, 94.81434153531267838844, 96.89921080095572847313, 98.57834625244140625, 99.83418527133012787544, 100.6535254893945676713, 101.02772535316881885592, 100.95279758377458279028, 100.42954254150390625, 99.46350548406059033368, 98.06488999489451430236, 96.24835706158384596165, 94.03283531154526997398, 91.44112396240234375, 88.49960291904504572358, 85.23778964030928761986, 81.68777757258961003117, 77.88392104282800687542, 73.8621368408203125, 69.6595731242537539174, 65.31400857759221878496, 60.86334038148203262608, 56.3453103026140951215, 51.796875]
time=[0., 15.]
