last-generated=2014-10-08
E.vPhase[1].terminal.v[1]=[277.12814331054687500000, 277.12814331054687500000]
L3.terminal.phase[1].v[1]=[138.56407165527343750000, 138.56407165527343750000]
L2.terminal.phase[1].v[1]=[138.56407165527343750000, 138.56407165527343750000]
L1.terminal.phase[1].v[1]=[138.56407165527343750000, 138.56407165527343750000]
time=[0.00000000000000000000, 1.00000000000000000000]
L3.load1.i[2]=[-13.85640621185302734375, -13.85640621185302734375]
L2.load1.i[2]=[-13.85640621185302734375, -13.85640621185302734375]
sc_load.load1.i[2]=[-13.85640621185302734375, -13.85640621185302734375]
L1.load1.i[2]=[-13.85640621185302734375, -13.85640621185302734375]
