last-generated=2015-05-08
statistics-simulation={'numerical Jacobians': '0', 'nonlinear': '1', 'linear': ' '}
incAng.incAng=[1.90046191215515136719, 1.89835369586944580078, 1.89369571208953857422, 1.88651800155639648438, 1.87686622142791748047, 1.86480009555816650391, 1.85039210319519042969, 1.83372509479522705078, 1.81489098072052001953, 1.79398798942565917969, 1.77111971378326416016, 1.74639225006103515625, 1.71991360187530517578, 1.69179141521453857422, 1.66213285923004150391, 1.63104259967803955078, 1.5986232757568359375, 1.56497406959533691406, 1.53019094467163085938, 1.49436652660369873047, 1.45758998394012451172, 1.41994726657867431641, 1.38152110576629638672, 1.34239184856414794922, 1.30263745784759521484, 1.26233446598052978516, 1.22155821323394775391, 1.1803836822509765625, 1.13888645172119118421, 1.09714341163635253906, 1.05523419380187988281, 1.01324224472045898438, 0.97125661373138427734, 0.9293734431266784668, 0.887698829174041526, 0.84635096788406394275, 0.80546402931213378906, 0.76519197225570678711, 0.72571367025375366211, 0.68723857402801513672, 0.65001410245895385742, 0.61433255672454833984, 0.58053964376449584961, 0.54904061555862426758, 0.52030384540557861328, 0.49485674500465393066, 0.47327023744583129883, 0.45612594485282897949, 0.44396454095840454102, 0.43721988797187805176, 0.43615311384201049805, 0.44080710411071777344, 0.45099857449531555176, 0.46635097265243530273, 0.48635542392730712891, 0.51043862104415915759, 0.53802102804183982165, 0.56855636835098244397, 0.60155338048934936523, 0.63658344745635986328, 0.67327940464019775391, 0.71132999658584594727, 0.75047206878662109375, 0.79048287868499755859, 0.83117300271987915039, 0.87237977981567382812, 0.91396236419677734375, 0.95579701662063598633, 0.99777352809906039166, 1.03979229927062943872, 1.08176207542419389185, 1.12359738349914550781, 1.16521751880645751953, 1.20654475688934326172, 1.24750316143035888672, 1.28801763057708740234, 1.32801294326782226562, 1.36741340160369873047, 1.40614163875579833984, 1.44411814212799072266, 1.48126125335693359375, 1.51748609542846679688, 1.55270481109619140625, 1.58682608604431152344, 1.61975514888763427734, 1.651393890380859375, 1.68164086341857910156, 1.710391998291015625, 1.73754072189331054688, 1.76297926902770996094, 1.78659951686859130859, 1.80829417705535888672, 1.82795834541320800781, 1.84549105167388916016, 1.86079776287078857422, 1.87379133701324462891, 1.88439512252807617188, 1.89254391193389892578, 1.89818644523620605469, 1.90128612518310546875, 1.9018230438232421875]
time=[0., 86400.]
