last-generated=2026-07-30
statistics-simulation=
{
  "linear": " ",
  "nonlinear": "1",
  "numerical Jacobians": "1"
}
time=[0e+00, 2e+03]
m_flowSet=[0e+00, 3.759996965527534e-02, 7.460696250200272e-02, 1.104373633861542e-01, 1.445261090993881e-01, 1.763355731964111e-01, 2.053641378879547e-01, 2.311539798974991e-01, 2.532983720302582e-01, 2.714481055736542e-01, 2.853169441223145e-01, 2.946861684322357e-01, 2.994080185890198e-01, 2.994080185890198e-01, 2.946861684322357e-01, 2.853169441223145e-01, 2.714481055736542e-01, 2.532983720302582e-01, 2.311539798974991e-01, 2.053641378879547e-01, 1.763355731964111e-01, 1.445261090993881e-01, 1.104373633861542e-01, 7.460696250200272e-02, 3.759996965527534e-02, 3.673940557755504e-17, -3.759996965527534e-02, -7.460696250200272e-02, -1.104373633861542e-01, -1.445261090993881e-01, -1.763355731964111e-01, -2.053641378879547e-01, -2.311539798974991e-01, -2.532983720302582e-01, -2.714481055736542e-01, -2.853169441223145e-01, -2.946861684322357e-01, -2.994080185890198e-01, -2.994080185890198e-01, -2.946861684322357e-01, -2.853169441223145e-01, -2.714481055736542e-01, -2.532983720302582e-01, -2.311539798974991e-01, -2.053641378879547e-01, -1.763355731964111e-01, -1.445261090993881e-01, -1.104373633861542e-01, -7.460696250200272e-02, -3.759996965527534e-02, -7.347881115511007e-17, 3.759996965527534e-02, 7.460696250200272e-02, 1.104373633861542e-01, 1.445261090993881e-01, 1.763355731964111e-01, 2.053641378879547e-01, 2.311539798974991e-01, 2.532983720302582e-01, 2.714481055736542e-01, 2.853169441223145e-01, 2.946861684322357e-01, 2.994080185890198e-01, 2.994080185890198e-01, 2.946861684322357e-01, 2.853169441223145e-01, 2.714481055736542e-01, 2.532983720302582e-01, 2.311539798974991e-01, 2.053641378879547e-01, 1.763355731964111e-01, 1.445261090993881e-01, 1.104373633861542e-01, 7.460696250200272e-02, 3.759996965527534e-02, 1.102182101152202e-16, -3.759996965527534e-02, -7.460696250200272e-02, -1.104373633861542e-01, -1.445261090993881e-01, -1.763355731964111e-01, -2.053641378879547e-01, -2.311539798974991e-01, -2.532983720302582e-01, -2.714481055736542e-01, -2.853169441223145e-01, -2.946861684322357e-01, -2.994080185890198e-01, -2.994080185890198e-01, -2.946861684322357e-01, -2.853169441223145e-01, -2.714481055736542e-01, -2.532983720302582e-01, -2.311539798974991e-01, -2.053641378879547e-01, -1.763355731964111e-01, -1.445261090993881e-01, -1.104373633861542e-01, -7.460696250200272e-02, -3.759996965527534e-02, -1.469576223102201e-16]
preDro.m_flow=[0e+00, 3.759996965527534e-02, 7.460696250200272e-02, 1.104373633861542e-01, 1.445261090993881e-01, 1.763355731964111e-01, 2.053641378879547e-01, 2.311539798974991e-01, 2.532983720302582e-01, 2.714481055736542e-01, 2.853169441223145e-01, 2.946861684322357e-01, 2.994080185890198e-01, 2.994080185890198e-01, 2.946861684322357e-01, 2.853169441223145e-01, 2.714481055736542e-01, 2.532983720302582e-01, 2.311539798974991e-01, 2.053641378879547e-01, 1.763355731964111e-01, 1.445261090993881e-01, 1.104373633861542e-01, 7.460696250200272e-02, 3.759996965527534e-02, 3.673940557755504e-17, -3.759996965527534e-02, -7.460696250200272e-02, -1.104373633861542e-01, -1.445261090993881e-01, -1.763355731964111e-01, -2.053641378879547e-01, -2.311539798974991e-01, -2.532983720302582e-01, -2.714481055736542e-01, -2.853169441223145e-01, -2.946861684322357e-01, -2.994080185890198e-01, -2.994080185890198e-01, -2.946861684322357e-01, -2.853169441223145e-01, -2.714481055736542e-01, -2.532983720302582e-01, -2.311539798974991e-01, -2.053641378879547e-01, -1.763355731964111e-01, -1.445261090993881e-01, -1.104373633861542e-01, -7.460696250200272e-02, -3.759996965527534e-02, -7.347881115511007e-17, 3.759996965527534e-02, 7.460696250200272e-02, 1.104373633861542e-01, 1.445261090993881e-01, 1.763355731964111e-01, 2.053641378879547e-01, 2.311539798974991e-01, 2.532983720302582e-01, 2.714481055736542e-01, 2.853169441223145e-01, 2.946861684322357e-01, 2.994080185890198e-01, 2.994080185890198e-01, 2.946861684322357e-01, 2.853169441223145e-01, 2.714481055736542e-01, 2.532983720302582e-01, 2.311539798974991e-01, 2.053641378879547e-01, 1.763355731964111e-01, 1.445261090993881e-01, 1.104373633861542e-01, 7.460696250200272e-02, 3.759996965527534e-02, 1.102182101152202e-16, -3.759996965527534e-02, -7.460696250200272e-02, -1.104373633861542e-01, -1.445261090993881e-01, -1.763355731964111e-01, -2.053641378879547e-01, -2.311539798974991e-01, -2.532983720302582e-01, -2.714481055736542e-01, -2.853169441223145e-01, -2.946861684322357e-01, -2.994080185890198e-01, -2.994080185890198e-01, -2.946861684322357e-01, -2.853169441223145e-01, -2.714481055736542e-01, -2.532983720302582e-01, -2.311539798974991e-01, -2.053641378879547e-01, -1.763355731964111e-01, -1.445261090993881e-01, -1.104373633861542e-01, -7.460696250200272e-02, -3.759996965527534e-02, -1.469576223102201e-16]
preDro.dp=[0e+00, 9.257351684570312e+01, 2.917873229980469e+02, 6.808536376953125e+02, 1.0749501953125e+03, 1.509807739257812e+03, 1.960951904296875e+03, 2.403853759765625e+03, 2.814985107421875e+03, 3.17280029296875e+03, 3.458701171875e+03, 3.65790283203125e+03, 3.760134765625e+03, 3.760134765625e+03, 3.65790283203125e+03, 3.458701171875e+03, 3.17280029296875e+03, 2.814985107421875e+03, 2.403853759765625e+03, 1.960951904296875e+03, 1.509807739257812e+03, 1.0749501953125e+03, 6.808536376953125e+02, 2.917873229980469e+02, 9.257351684570312e+01, 8.91214389070992e-14, -9.257351684570312e+01, -2.917873229980469e+02, -6.808536376953125e+02, -1.0749501953125e+03, -1.509807739257812e+03, -1.960951904296875e+03, -2.403853759765625e+03, -2.814985107421875e+03, -3.17280029296875e+03, -3.458701171875e+03, -3.65790283203125e+03, -3.760134765625e+03, -3.760134765625e+03, -3.65790283203125e+03, -3.458701171875e+03, -3.17280029296875e+03, -2.814985107421875e+03, -2.403853759765625e+03, -1.960951904296875e+03, -1.509807739257812e+03, -1.0749501953125e+03, -6.808536376953125e+02, -2.917873229980469e+02, -9.257351684570312e+01, -1.782428778141984e-13, 9.257351684570312e+01, 2.917873229980469e+02, 6.808536376953125e+02, 1.0749501953125e+03, 1.509807739257812e+03, 1.960951904296875e+03, 2.403853759765625e+03, 2.814985107421875e+03, 3.17280029296875e+03, 3.458701171875e+03, 3.65790283203125e+03, 3.760134765625e+03, 3.760134765625e+03, 3.65790283203125e+03, 3.458701171875e+03, 3.17280029296875e+03, 2.814985107421875e+03, 2.403853759765625e+03, 1.960951904296875e+03, 1.509807739257812e+03, 1.0749501953125e+03, 6.808536376953125e+02, 2.917873229980469e+02, 9.257351684570312e+01, 2.67364309945034e-13, -9.257351684570312e+01, -2.917873229980469e+02, -6.808536376953125e+02, -1.0749501953125e+03, -1.509807739257812e+03, -1.960951904296875e+03, -2.403853759765625e+03, -2.814985107421875e+03, -3.17280029296875e+03, -3.458701171875e+03, -3.65790283203125e+03, -3.760134765625e+03, -3.760134765625e+03, -3.65790283203125e+03, -3.458701171875e+03, -3.17280029296875e+03, -2.814985107421875e+03, -2.403853759765625e+03, -1.960951904296875e+03, -1.509807739257812e+03, -1.0749501953125e+03, -6.808536376953125e+02, -2.917873229980469e+02, -9.257351684570312e+01, -3.564857556283968e-13]
dpFun=[0e+00, 9.257351684570312e+01, 2.917873229980469e+02, 6.808536376953125e+02, 1.0749501953125e+03, 1.509807739257812e+03, 1.960951904296875e+03, 2.403853759765625e+03, 2.814985107421875e+03, 3.17280029296875e+03, 3.458701171875e+03, 3.65790283203125e+03, 3.760134765625e+03, 3.760134765625e+03, 3.65790283203125e+03, 3.458701171875e+03, 3.17280029296875e+03, 2.814985107421875e+03, 2.403853759765625e+03, 1.960951904296875e+03, 1.509807739257812e+03, 1.0749501953125e+03, 6.808536376953125e+02, 2.917873229980469e+02, 9.257351684570312e+01, 8.91214389070992e-14, -9.257351684570312e+01, -2.917873229980469e+02, -6.808536376953125e+02, -1.0749501953125e+03, -1.509807739257812e+03, -1.960951904296875e+03, -2.403853759765625e+03, -2.814985107421875e+03, -3.17280029296875e+03, -3.458701171875e+03, -3.65790283203125e+03, -3.760134765625e+03, -3.760134765625e+03, -3.65790283203125e+03, -3.458701171875e+03, -3.17280029296875e+03, -2.814985107421875e+03, -2.403853759765625e+03, -1.960951904296875e+03, -1.509807739257812e+03, -1.0749501953125e+03, -6.808536376953125e+02, -2.917873229980469e+02, -9.257351684570312e+01, -1.782428778141984e-13, 9.257351684570312e+01, 2.917873229980469e+02, 6.808536376953125e+02, 1.0749501953125e+03, 1.509807739257812e+03, 1.960951904296875e+03, 2.403853759765625e+03, 2.814985107421875e+03, 3.17280029296875e+03, 3.458701171875e+03, 3.65790283203125e+03, 3.760134765625e+03, 3.760134765625e+03, 3.65790283203125e+03, 3.458701171875e+03, 3.17280029296875e+03, 2.814985107421875e+03, 2.403853759765625e+03, 1.960951904296875e+03, 1.509807739257812e+03, 1.0749501953125e+03, 6.808536376953125e+02, 2.917873229980469e+02, 9.257351684570312e+01, 2.67364309945034e-13, -9.257351684570312e+01, -2.917873229980469e+02, -6.808536376953125e+02, -1.0749501953125e+03, -1.509807739257812e+03, -1.960951904296875e+03, -2.403853759765625e+03, -2.814985107421875e+03, -3.17280029296875e+03, -3.458701171875e+03, -3.65790283203125e+03, -3.760134765625e+03, -3.760134765625e+03, -3.65790283203125e+03, -3.458701171875e+03, -3.17280029296875e+03, -2.814985107421875e+03, -2.403853759765625e+03, -1.960951904296875e+03, -1.509807739257812e+03, -1.0749501953125e+03, -6.808536376953125e+02, -2.917873229980469e+02, -9.257351684570312e+01, -3.564857556283968e-13]
errDp=[0e+00, 0e+00, 0e+00, 0e+00, 0e+00, 0e+00, 0e+00, 0e+00, 0e+00, 0e+00, 0e+00, 0e+00, 0e+00, 0e+00, 0e+00, 0e+00, 0e+00, 0e+00, 0e+00, 0e+00, 0e+00, 0e+00, 0e+00, 0e+00, 0e+00, 0e+00, 0e+00, 0e+00, 0e+00, 0e+00, 0e+00, 0e+00, 0e+00, 0e+00, 0e+00, 0e+00, 0e+00, 0e+00, 0e+00, 0e+00, 0e+00, 0e+00, 0e+00, 0e+00, 0e+00, 0e+00, 0e+00, 0e+00, 0e+00, 0e+00, 0e+00, 0e+00, 0e+00, 0e+00, 0e+00, 0e+00, 0e+00, 0e+00, 0e+00, 0e+00, 0e+00, 0e+00, 0e+00, 0e+00, 0e+00, 0e+00, 0e+00, 0e+00, 0e+00, 0e+00, 0e+00, 0e+00, 0e+00, 0e+00, 0e+00, 0e+00, 0e+00, 0e+00, 0e+00, 0e+00, 0e+00, 0e+00, 0e+00, 0e+00, 0e+00, 0e+00, 0e+00, 0e+00, 0e+00, 0e+00, 0e+00, 0e+00, 0e+00, 0e+00, 0e+00, 0e+00, 0e+00, 0e+00, 0e+00, 0e+00, 0e+00]
