last-generated=2026-07-30
statistics-initialization=
{
  "nonlinear": "1, 1",
  "numerical Jacobians": "0"
}
statistics-simulation=
{
  "linear": "0, 0, 0, 0",
  "nonlinear": " ",
  "number of continuous time states": "12",
  "numerical Jacobians": "0"
}
time=[0e+00, 1e+05]
realExpression.y=[8e+00, 4.482486844062805e-02, 4.461770132184029e-02, 4.461658000946045e-02, 4.461647570133209e-02, 4.461657255887985e-02, 4.461655020713806e-02, 4.461654275655746e-02, 4.461654648184776e-02, 4.461655393242836e-02, 4.461655765771866e-02, 4.461655393242836e-02, 4.461655765771866e-02, 4.461655393242836e-02, 4.461655393242836e-02, 4.461655393242836e-02, 4.461655393242836e-02, 4.461655393242836e-02, 4.461655393242836e-02, 4.461655393242836e-02, 4.461655393242836e-02, 4.461655393242836e-02, 4.461655393242836e-02, 4.461655393242836e-02, 4.461655393242836e-02, 4.461655393242836e-02, 4.461655393242836e-02, 4.461655393242836e-02, 4.461655393242836e-02, 4.461655393242836e-02, 4.461655393242836e-02, 4.461655393242836e-02, 4.461655393242836e-02, 4.461655393242836e-02, 4.461655393242836e-02, 4.461655393242836e-02, 4.461655393242836e-02, 4.461655393242836e-02, 4.461655393242836e-02, 4.461655393242836e-02, 4.461655393242836e-02, 4.461655393242836e-02, 4.461655393242836e-02, 4.461655393242836e-02, 4.461655393242836e-02, 4.461655393242836e-02, 4.461655393242836e-02, 4.461655393242836e-02, 4.461655393242836e-02, 4.461655393242836e-02, 4.461655393242836e-02, 4.461655393242836e-02, 4.461655393242836e-02, 4.461655393242836e-02, 4.461655393242836e-02, 4.461655393242836e-02, 4.461655393242836e-02, 4.461655393242836e-02, 4.461655393242836e-02, 4.461655393242836e-02, 4.461655393242836e-02, 4.461655393242836e-02, 4.461655393242836e-02, 4.461655393242836e-02, 4.461655393242836e-02, 4.461655393242836e-02, 4.461655393242836e-02, 4.461655393242836e-02, 4.461655393242836e-02, 4.461655393242836e-02, 4.461655393242836e-02, 4.461655393242836e-02, 4.461655393242836e-02, 4.461655393242836e-02, 4.461655393242836e-02, 4.461655393242836e-02, 4.461655393242836e-02, 4.461655393242836e-02, 4.461655393242836e-02, 4.461655393242836e-02, 4.461655393242836e-02, 4.461655393242836e-02, 4.461655393242836e-02, 4.461655393242836e-02, 4.461655393242836e-02, 4.461655393242836e-02, 4.461655393242836e-02, 4.461655393242836e-02, 4.461655393242836e-02, 4.461655393242836e-02, 4.461655393242836e-02, 4.461655393242836e-02, 4.461655393242836e-02, 4.461655393242836e-02, 4.461655393242836e-02, 4.461655393242836e-02, 4.461655393242836e-02, 4.461655393242836e-02, 4.461655393242836e-02, 4.461655393242836e-02, 4.461655393242836e-02]
Rb_ref.y=[4.438019916415215e-02, 4.438019916415215e-02]
