last-generated=2015-07-10
statistics-simulation={'numerical Jacobians': '0', 'nonlinear': ' ', 'number of continuous time states': '1', 'linear': ' '}
c=[0., 0.11954953201536641649, 0.47352023586606323269, 1.04782597332589166861, 1.81961137986797050203, 2.75807285308837890625, 3.82577798140075797662, 4.9801618082934151488, 6.1752084255313723915, 7.36326817581448800354, 8.4969615936279296875, 9.53108668707387174379, 10.42440184211970866102, 11.14130334749818906914, 11.65321549872450823671, 11.93973064422607421875, 11.98942567020504768038, 11.80031599209747206203, 11.37992355703904756581, 10.74502164051688168911, 9.92093563079833984375, 8.94051260230930111561, 7.84283739775429733498, 6.67166319136495022946, 5.47368545265517081333, 4.2966556549072265625, 3.18751497400098759982, 2.19047615159419750697, 1.3452798182322598386, 0.68562485315460808266, 0.23780681192874908447, 0.01965262412956638935, 0.03980128898634203993, 0.29748497440442300821, 0.78250127129666025017, 1.47550690174102783203, 2.34883424448636368709, 3.36766382806635489189, 4.49139936792547000977, 5.67523794493655042714, 6.871978759765625, 8.03390800517091996369, 9.11469938802840928815, 10.07123013066139094462, 10.86530712036190493563, 11.46532726287841796875, 11.84713291507636689914, 11.99581719411617974913, 11.90527665280785285518, 11.5793775727364991468, 11.03117084503173828125, 10.28223432842346163341, 9.36234758997487404031, 8.30826205851207078013, 7.16197507126950583256, 5.9691638946533203125, 4.7775662709330601885, 3.63465315166770031041, 2.58591127529553288511, 1.67312250066673118276, 0.93267112970352172852, 0.39408686663779290971, 0.07883718029739965327, -0.00059240530275234864, 0.158995832802407977, 0.55129468441009521484, 1.16068802323034914181, 1.96285348771408330038, 2.92579695044011822702, 4.01114165858359150718, 5.17562055587768554688, 6.37280292111489998774, 7.55495863388959687512, 8.67495043914444075028, 9.68813041651723594327, 10.55403423309326171875, 11.23814541073403283633, 11.71309726829593422792, 11.960033125709465196, 11.96928032558397347884, 11.74015903472900390625, 11.28218954458459677426, 10.61351245072150994986, 9.76060756445614075005, 8.75751657091249846587, 7.64423990249633789062, 6.46513631479808292823, 5.2671872367118659497, 4.09829930487011129259, 3.00499070788893707373, 2.03086543083190917969, 1.21475527600980393039, 0.58912634923442563917, 0.17888445989996815122, 0.0004099341376558014, 0.06083393096923828125, 0.35776761654233513177, 0.8793562492642356121, 1.60479917414835138167, 2.50520511659847722186, 3.54464554786682128906]
time=[0., 20.]
