last-generated=2026-10-10
statistics-initialization=
{
  "nonlinear": "1, 1, 1, 1, 1, 1, 0, 1",
  "numerical Jacobians": "0"
}
statistics-simulation=
{
  "linear": " ",
  "nonlinear": "1, 1, 1, 1, 1, 1",
  "number of continuous time states": "20",
  "numerical Jacobians": "0"
}
time=[1.188e+07, 1.26e+07]
ecoCon.y=[1e+00, 8.473875522613525e-01, 8.179557323455811e-01, 7.793230414390564e-01, 6.574643850326538e-01, 6.315638422966003e-01, 5.901163816452026e-01, 5.360512733459473e-01, 5.726357698440552e-01, 5.899136066436768e-01, 5.899132490158081e-01, 7.113089561462402e-01, 9.101554155349731e-01, 1e+00, 1e+00, 8.477258682250977e-01, 6.814661026000977e-01, 5.90267539024353e-01, 5.223301649093628e-01, 4.797253906726837e-01, 4.795274138450623e-01, 5.890331864356995e-01, 8.165325522422791e-01, 1e+00, 1e+00, 1e+00, 1e+00, 1e+00, 7.802010774612427e-01, 5.54466724395752e-01, 5.063726902008057e-01, 4.797162115573883e-01, 5.218521952629089e-01, 5.889787673950195e-01, 8.820371627807617e-01, 1e+00, 0e+00, 0e+00, 0e+00, 1e+00, 9.202566146850586e-01, 7.142179608345032e-01, 5.731280446052551e-01, 5.362738370895386e-01, 4.939481317996979e-01, 6.785504817962646e-01, 1e+00, 1e+00, 0e+00, 0e+00, 0e+00, 1e+00, 1e+00, 8.827163577079773e-01, 7.795731425285339e-01, 6.807612776756287e-01, 7.118649482727051e-01, 7.106574177742004e-01, 1e+00, 1e+00, 1e+00, 1e+00, 1e+00, 1e+00, 8.188683390617371e-01, 7.417345643043518e-01, 7.414400577545166e-01, 7.414386868476868e-01, 7.412874102592468e-01, 7.414379119873047e-01, 8.667799234390259e-01, 1e+00, 1e+00, 1e+00, 1e+00, 1e+00, 7.79632031917572e-01, 7.786771655082703e-01, 7.415566444396973e-01, 6.576734185218811e-01, 7.777845859527588e-01, 8.163751363754272e-01, 1e+00, 1e+00, 0e+00, 1e+00, 1e+00, 1e+00, 7.134746313095093e-01, 6.315369606018066e-01, 6.118469834327698e-01, 5.728527903556824e-01, 5.542929172515869e-01, 6.108097434043884e-01, 8.66767942905426e-01, 1e+00, 1e+00, 1e+00, 1e+00, 1e+00, 7.132965326309204e-01]
ecoCon.cooMod=[1e+00, 1e+00, 1e+00, 1e+00, 1e+00, 1e+00, 1e+00, 1e+00, 1e+00, 1e+00, 1e+00, 1e+00, 1e+00, 1e+00, 1e+00, 1e+00, 1e+00, 1e+00, 1e+00, 1e+00, 1e+00, 1e+00, 1e+00, 2e+00, 2e+00, 2e+00, 2e+00, 2e+00, 1e+00, 1e+00, 1e+00, 1e+00, 1e+00, 1e+00, 1e+00, 2e+00, 3e+00, 3e+00, 3e+00, 2e+00, 2e+00, 1e+00, 1e+00, 1e+00, 1e+00, 1e+00, 2e+00, 2e+00, 3e+00, 3e+00, 3e+00, 2e+00, 2e+00, 2e+00, 1e+00, 1e+00, 1e+00, 1e+00, 2e+00, 2e+00, 2e+00, 2e+00, 2e+00, 2e+00, 1e+00, 1e+00, 1e+00, 1e+00, 1e+00, 1e+00, 1e+00, 2e+00, 2e+00, 2e+00, 2e+00, 2e+00, 1e+00, 1e+00, 1e+00, 1e+00, 1e+00, 1e+00, 2e+00, 2e+00, 3e+00, 2e+00, 2e+00, 2e+00, 1e+00, 1e+00, 1e+00, 1e+00, 1e+00, 1e+00, 1e+00, 2e+00, 2e+00, 2e+00, 2e+00, 2e+00, 1e+00]
dam1.y_actual=[1e+00, 1e+00, 1e+00, 1e+00, 1e+00, 1e+00, 1e+00, 1e+00, 1e+00, 1e+00, 1e+00, 1e+00, 1e+00, 1e+00, 1e+00, 1e+00, 1e+00, 1e+00, 1e+00, 1e+00, 1e+00, 1e+00, 1e+00, 0e+00, 0e+00, 0e+00, 0e+00, 0e+00, 1e+00, 1e+00, 1e+00, 1e+00, 1e+00, 1e+00, 1e+00, 0e+00, -0e+00, -0e+00, 0e+00, 0e+00, 0e+00, 1e+00, 1e+00, 1e+00, 1e+00, 1e+00, 0e+00, -0e+00, -0e+00, 0e+00, 0e+00, 0e+00, 0e+00, 0e+00, 1e+00, 1e+00, 1e+00, 1e+00, 0e+00, -0e+00, -0e+00, -0e+00, 0e+00, -0e+00, 1e+00, 1e+00, 1e+00, 1e+00, 1e+00, 1e+00, 1e+00, 2.285696390242535e-35, -0e+00, 0e+00, -0e+00, 0e+00, 1e+00, 1e+00, 1e+00, 1e+00, 1e+00, 1e+00, 1.401298464324817e-45, -0e+00, 0e+00, -0e+00, -0e+00, 0e+00, 1e+00, 1e+00, 1e+00, 1e+00, 1e+00, 1e+00, 1e+00, 0e+00, 0e+00, -0e+00, -0e+00, 0e+00, 1e+00]
dam2.y=[0e+00, 0e+00, 0e+00, 0e+00, 0e+00, 0e+00, 0e+00, 0e+00, 0e+00, 0e+00, 0e+00, 0e+00, 0e+00, 0e+00, 0e+00, 0e+00, 0e+00, 0e+00, 0e+00, 0e+00, 0e+00, 0e+00, 0e+00, 1e+00, 1e+00, 1e+00, 1e+00, 1e+00, 0e+00, 0e+00, 0e+00, 0e+00, 0e+00, 0e+00, 0e+00, 1e+00, 1e+00, 1e+00, 1e+00, 1e+00, 1e+00, 0e+00, 0e+00, 0e+00, 0e+00, 0e+00, 1e+00, 1e+00, 1e+00, 1e+00, 1e+00, 1e+00, 1e+00, 1e+00, 0e+00, 0e+00, 0e+00, 0e+00, 1e+00, 1e+00, 1e+00, 1e+00, 1e+00, 1e+00, 0e+00, 0e+00, 0e+00, 0e+00, 0e+00, 0e+00, 0e+00, 1e+00, 1e+00, 1e+00, 1e+00, 1e+00, 0e+00, 0e+00, 0e+00, 0e+00, 0e+00, 0e+00, 1e+00, 1e+00, 1e+00, 1e+00, 1e+00, 1e+00, 0e+00, 0e+00, 0e+00, 0e+00, 0e+00, 0e+00, 0e+00, 1e+00, 1e+00, 1e+00, 1e+00, 1e+00, 0e+00]
senTemSupAir.T=[2.931499938964844e+02, 2.911300048828125e+02, 2.911300048828125e+02, 2.911220397949219e+02, 2.911267395019531e+02, 2.911286315917969e+02, 2.911269836425781e+02, 2.911300048828125e+02, 2.9113427734375e+02, 2.911300048828125e+02, 2.911300048828125e+02, 2.911396789550781e+02, 2.911463012695312e+02, 2.914499816894531e+02, 2.914500122070312e+02, 2.911230163574219e+02, 2.911212463378906e+02, 2.911248168945312e+02, 2.911259765625e+02, 2.9112841796875e+02, 2.911317749023438e+02, 2.911427307128906e+02, 2.911498718261719e+02, 2.911368713378906e+02, 2.911318054199219e+02, 2.911314086914062e+02, 2.911272888183594e+02, 2.911249694824219e+02, 2.911121826171875e+02, 2.911207275390625e+02, 2.91128173828125e+02, 2.911285705566406e+02, 2.911335144042969e+02, 2.911435546875e+02, 2.911417846679688e+02, 2.911063537597656e+02, 2.911300659179688e+02, 2.911299743652344e+02, 2.911299438476562e+02, 2.910823669433594e+02, 2.910509643554688e+02, 2.911056518554688e+02, 2.911270751953125e+02, 2.9112646484375e+02, 2.911275634765625e+02, 2.911575012207031e+02, 2.911358337402344e+02, 2.911316833496094e+02, 2.91130126953125e+02, 2.911299743652344e+02, 2.911299438476562e+02, 2.911619262695312e+02, 2.911255798339844e+02, 2.911221008300781e+02, 2.911206359863281e+02, 2.911300048828125e+02, 2.911329650878906e+02, 2.911471862792969e+02, 2.911353759765625e+02, 2.911309814453125e+02, 2.911253662109375e+02, 2.911319274902344e+02, 2.911324768066406e+02, 2.911214904785156e+02, 2.911195068359375e+02, 2.911267700195312e+02, 2.911300048828125e+02, 2.911300048828125e+02, 2.911316223144531e+02, 2.911300048828125e+02, 2.911344299316406e+02, 2.911474609375e+02, 2.911370849609375e+02, 2.911285705566406e+02, 2.911259155273438e+02, 2.911202392578125e+02, 2.911181030273438e+02, 2.911300048828125e+02, 2.911288146972656e+02, 2.911240539550781e+02, 2.91140625e+02, 2.911492919921875e+02, 2.911383972167969e+02, 2.911348876953125e+02, 2.911300048828125e+02, 2.9116162109375e+02, 2.911250610351562e+02, 2.91125e+02, 2.911144409179688e+02, 2.911289978027344e+02, 2.911289367675781e+02, 2.911312866210938e+02, 2.911231994628906e+02, 2.911437377929688e+02, 2.91139404296875e+02, 2.91131103515625e+02, 2.911315612792969e+02, 2.911306762695312e+02, 2.911279296875e+02, 2.911256103515625e+02, 2.911164245605469e+02]
roo.TRooAir=[2.931499938964844e+02, 2.981499938964844e+02, 2.981499938964844e+02, 2.981492919921875e+02, 2.981498107910156e+02, 2.981498413085938e+02, 2.9814990234375e+02, 2.981500244140625e+02, 2.981499938964844e+02, 2.981500244140625e+02, 2.981499938964844e+02, 2.981506652832031e+02, 2.981538696289062e+02, 2.981476135253906e+02, 2.981499938964844e+02, 2.981484069824219e+02, 2.981496276855469e+02, 2.981498107910156e+02, 2.981499328613281e+02, 2.981499938964844e+02, 2.981499938964844e+02, 2.981502380371094e+02, 2.981518249511719e+02, 2.981520385742188e+02, 2.981498718261719e+02, 2.981499328613281e+02, 2.981500854492188e+02, 2.9814990234375e+02, 2.981484680175781e+02, 2.981499938964844e+02, 2.981499938964844e+02, 2.981500244140625e+02, 2.981500244140625e+02, 2.981505126953125e+02, 2.981539916992188e+02, 2.981481628417969e+02, 2.981499938964844e+02, 2.981499938964844e+02, 2.981499938964844e+02, 2.981578979492188e+02, 2.981404418945312e+02, 2.981487731933594e+02, 2.981499633789062e+02, 2.981499938964844e+02, 2.981500549316406e+02, 2.981516723632812e+02, 2.981499938964844e+02, 2.981499938964844e+02, 2.981499938964844e+02, 2.981499938964844e+02, 2.981499938964844e+02, 2.981720275878906e+02, 2.981500244140625e+02, 2.98149658203125e+02, 2.981492004394531e+02, 2.981499938964844e+02, 2.981500854492188e+02, 2.981512756347656e+02, 2.981512756347656e+02, 2.981497192382812e+02, 2.981500854492188e+02, 2.981500244140625e+02, 2.9814990234375e+02, 2.981502685546875e+02, 2.981490173339844e+02, 2.981500549316406e+02, 2.981499938964844e+02, 2.981499938964844e+02, 2.981499633789062e+02, 2.981500244140625e+02, 2.981513366699219e+02, 2.982158508300781e+02, 2.981499328613281e+02, 2.981500244140625e+02, 2.98150146484375e+02, 2.981500549316406e+02, 2.981492309570312e+02, 2.981500244140625e+02, 2.981498718261719e+02, 2.981497497558594e+02, 2.98150390625e+02, 2.981519470214844e+02, 2.981501159667969e+02, 2.981498718261719e+02, 2.981499938964844e+02, 2.981640625e+02, 2.981499328613281e+02, 2.981500244140625e+02, 2.981490783691406e+02, 2.981498718261719e+02, 2.9814990234375e+02, 2.981500854492188e+02, 2.981498718261719e+02, 2.981505432128906e+02, 2.981526794433594e+02, 2.981499938964844e+02, 2.981499633789062e+02, 2.981499328613281e+02, 2.981499633789062e+02, 2.981500244140625e+02, 2.981491088867188e+02]
weaBus.TDryBul=[2.8925e+02, 2.8925e+02, 2.8875e+02, 2.881499938964844e+02, 2.859500122070312e+02, 2.853500061035156e+02, 2.8425e+02, 2.825499877929688e+02, 2.8375e+02, 2.8425e+02, 2.8425e+02, 2.870499877929688e+02, 2.909500122070312e+02, 2.914500122070312e+02, 2.914500122070312e+02, 2.8925e+02, 2.864500122070312e+02, 2.8425e+02, 2.820499877929688e+02, 2.803500061035156e+02, 2.803500061035156e+02, 2.8425e+02, 2.8875e+02, 2.931499938964844e+02, 2.953500061035156e+02, 2.964500122070312e+02, 2.948500061035156e+02, 2.931499938964844e+02, 2.881499938964844e+02, 2.831499938964844e+02, 2.814500122070312e+02, 2.803500061035156e+02, 2.820499877929688e+02, 2.8425e+02, 2.903500061035156e+02, 2.975499877929688e+02, 2.998500061035156e+02, 3.003500061035156e+02, 2.9925e+02, 2.970499877929688e+02, 2.909500122070312e+02, 2.870499877929688e+02, 2.8375e+02, 2.825499877929688e+02, 2.809500122070312e+02, 2.864500122070312e+02, 2.948500061035156e+02, 2.9875e+02, 2.998500061035156e+02, 3.003500061035156e+02, 2.998500061035156e+02, 2.970499877929688e+02, 2.9375e+02, 2.903500061035156e+02, 2.881499938964844e+02, 2.864500122070312e+02, 2.870499877929688e+02, 2.870499877929688e+02, 2.931499938964844e+02, 2.970499877929688e+02, 2.931499938964844e+02, 2.925499877929688e+02, 2.9375e+02, 2.925499877929688e+02, 2.8875e+02, 2.875499877929688e+02, 2.875499877929688e+02, 2.875499877929688e+02, 2.875499877929688e+02, 2.875499877929688e+02, 2.898500061035156e+02, 2.925499877929688e+02, 2.970499877929688e+02, 2.975499877929688e+02, 2.953500061035156e+02, 2.925499877929688e+02, 2.881499938964844e+02, 2.881499938964844e+02, 2.875499877929688e+02, 2.859500122070312e+02, 2.881499938964844e+02, 2.8875e+02, 2.9375e+02, 2.9875e+02, 3.003500061035156e+02, 2.970499877929688e+02, 2.959500122070312e+02, 2.925499877929688e+02, 2.870499877929688e+02, 2.853500061035156e+02, 2.848500061035156e+02, 2.8375e+02, 2.831499938964844e+02, 2.848500061035156e+02, 2.898500061035156e+02, 2.931499938964844e+02, 2.9425e+02, 2.959500122070312e+02, 2.9425e+02, 2.914500122070312e+02, 2.870499877929688e+02]
weaBus.TDewPoi=[2.848500061035156e+02, 2.853500061035156e+02, 2.859500122070312e+02, 2.859500122070312e+02, 2.853500061035156e+02, 2.8425e+02, 2.8425e+02, 2.820499877929688e+02, 2.8375e+02, 2.8375e+02, 2.831499938964844e+02, 2.853500061035156e+02, 2.853500061035156e+02, 2.848500061035156e+02, 2.831499938964844e+02, 2.831499938964844e+02, 2.820499877929688e+02, 2.814500122070312e+02, 2.803500061035156e+02, 2.7925e+02, 2.7875e+02, 2.825499877929688e+02, 2.803500061035156e+02, 2.831499938964844e+02, 2.831499938964844e+02, 2.8375e+02, 2.831499938964844e+02, 2.820499877929688e+02, 2.825499877929688e+02, 2.820499877929688e+02, 2.803500061035156e+02, 2.7875e+02, 2.803500061035156e+02, 2.820499877929688e+02, 2.820499877929688e+02, 2.814500122070312e+02, 2.820499877929688e+02, 2.770499877929688e+02, 2.803500061035156e+02, 2.803500061035156e+02, 2.803500061035156e+02, 2.803500061035156e+02, 2.803500061035156e+02, 2.7925e+02, 2.7875e+02, 2.831499938964844e+02, 2.831499938964844e+02, 2.814500122070312e+02, 2.798500061035156e+02, 2.820499877929688e+02, 2.814500122070312e+02, 2.814500122070312e+02, 2.798500061035156e+02, 2.798500061035156e+02, 2.7875e+02, 2.798500061035156e+02, 2.781499938964844e+02, 2.809500122070312e+02, 2.825499877929688e+02, 2.831499938964844e+02, 2.831499938964844e+02, 2.8425e+02, 2.853500061035156e+02, 2.853500061035156e+02, 2.8425e+02, 2.8425e+02, 2.848500061035156e+02, 2.848500061035156e+02, 2.859500122070312e+02, 2.864500122070312e+02, 2.875499877929688e+02, 2.881499938964844e+02, 2.8925e+02, 2.8925e+02, 2.8925e+02, 2.8925e+02, 2.870499877929688e+02, 2.859500122070312e+02, 2.848500061035156e+02, 2.8425e+02, 2.859500122070312e+02, 2.864500122070312e+02, 2.870499877929688e+02, 2.8875e+02, 2.881499938964844e+02, 2.859500122070312e+02, 2.848500061035156e+02, 2.820499877929688e+02, 2.7925e+02, 2.7875e+02, 2.781499938964844e+02, 2.764500122070312e+02, 2.753500061035156e+02, 2.775499877929688e+02, 2.748500061035156e+02, 2.7425e+02, 2.753500061035156e+02, 2.748500061035156e+02, 2.748500061035156e+02, 2.731499938964844e+02, 2.709500122070312e+02]
varSpeDX.QSen_flow=[0e+00, 0e+00, 0e+00, 0e+00, 0e+00, 0e+00, 0e+00, 0e+00, 0e+00, 0e+00, 0e+00, 0e+00, 0e+00, 0e+00, 0e+00, 0e+00, 0e+00, 0e+00, 0e+00, 0e+00, 0e+00, 0e+00, 0e+00, -1.43736828125e+05, -3.00921375e+05, -3.7938771875e+05, -2.654184375e+05, -1.44306046875e+05, 0e+00, 0e+00, 0e+00, 0e+00, 0e+00, 0e+00, 0e+00, -4.5663228125e+05, -4.9999775e+05, -5.000093125e+05, -5.000056875e+05, -4.18537375e+05, 0e+00, 0e+00, 0e+00, 0e+00, 0e+00, 0e+00, -2.6515434375e+05, -5.427415e+05, -4.9999540625e+05, -4.9999403125e+05, -5.000011875e+05, -4.20684625e+05, -1.86874296875e+05, 0e+00, 0e+00, 0e+00, 0e+00, 0e+00, -1.4379578125e+05, -4.22061e+05, -1.443488125e+05, -1.012603984375e+05, -1.87027140625e+05, -1.019018359375e+05, 0e+00, 0e+00, 0e+00, 0e+00, 0e+00, 0e+00, 0e+00, -1.002678203125e+05, -4.234691875e+05, -4.591910625e+05, -3.0224465625e+05, -1.023281796875e+05, 0e+00, 0e+00, 0e+00, 0e+00, 0e+00, 0e+00, -1.8697946875e+05, -5.44555375e+05, -4.99998e+05, -4.2280984375e+05, -3.4413096875e+05, -1.0154221875e+05, 0e+00, 0e+00, 0e+00, 0e+00, 0e+00, 0e+00, 0e+00, -1.43821109375e+05, -2.2217103125e+05, -3.4330140625e+05, -2.22305890625e+05, -2.3072650390625e+04, 0e+00]
varSpeDX.QLat_flow=[-0e+00, -0e+00, -0e+00, -0e+00, -0e+00, -0e+00, -0e+00, -0e+00, -0e+00, -0e+00, -0e+00, -0e+00, -0e+00, -0e+00, -0e+00, -0e+00, -0e+00, -0e+00, -0e+00, -0e+00, -0e+00, -0e+00, -0e+00, -3.569052734375e+04, -5.011470703125e+04, -6.1867125e+04, -5.187924609375e+04, -2.4896109375e+04, -0e+00, -0e+00, -0e+00, -0e+00, -0e+00, -0e+00, -0e+00, -7.196825742721558e-02, -0e+00, -0e+00, -0e+00, -0e+00, -0e+00, -0e+00, -0e+00, -0e+00, -0e+00, -0e+00, -5.18181640625e+04, -0e+00, -0e+00, -0e+00, -0e+00, -8.739744140625e+03, -9.3091328125e+03, -0e+00, -0e+00, -0e+00, -0e+00, -0e+00, -3.0144853515625e+04, -4.711601953125e+04, -3.586196875e+04, -3.5409125e+04, -7.40624765625e+04, -4.482956640625e+04, -0e+00, -0e+00, -0e+00, -0e+00, -0e+00, -0e+00, -0e+00, -7.93571015625e+04, -2.3134309375e+05, -2.30438828125e+05, -2.066295625e+05, -9.79779609375e+04, -0e+00, -0e+00, -0e+00, -0e+00, -0e+00, -0e+00, -1.060784921875e+05, -2.0354634375e+05, -1.406296253204346e+00, -1.129891484375e+05, -8.80812890625e+04, -1.9302630859375e+04, -0e+00, -0e+00, -0e+00, -0e+00, -0e+00, -0e+00, -0e+00, -0e+00, -0e+00, -0e+00, -0e+00, -0e+00, -0e+00]
varSpeDX.P=[-0e+00, -0e+00, -0e+00, -0e+00, -0e+00, -0e+00, -0e+00, -0e+00, -0e+00, -0e+00, -0e+00, -0e+00, -0e+00, -0e+00, -0e+00, -0e+00, -0e+00, -0e+00, -0e+00, -0e+00, -0e+00, -0e+00, -0e+00, 2.6556853515625e+04, 9.5152734375e+04, 1.253269765625e+05, 7.99953125e+04, 2.394671875e+04, -0e+00, -0e+00, -0e+00, -0e+00, -0e+00, -0e+00, -0e+00, 1.170923203125e+05, 1.35596203125e+05, 1.36636046875e+05, 1.343954375e+05, 1.0285e+05, -0e+00, -0e+00, -0e+00, -0e+00, -0e+00, -0e+00, 7.9833984375e+04, 1.44492671875e+05, 1.355938125e+05, 1.366294375e+05, 1.35596140625e+05, 1.230712734375e+05, 3.684704296875e+04, -0e+00, -0e+00, -0e+00, -0e+00, -0e+00, 2.5129251953125e+04, 1.32995046875e+05, 2.6800892578125e+04, 1.4949453125e+04, 5.41307890625e+04, 1.70490234375e+04, -0e+00, -0e+00, -0e+00, -0e+00, -0e+00, -0e+00, -0e+00, 2.45351953125e+04, 1.84489046875e+05, 1.95924171875e+05, 1.3951196875e+05, 2.9968865234375e+04, -0e+00, -0e+00, -0e+00, -0e+00, -0e+00, -0e+00, 6.54214921875e+04, 2.16091390625e+05, 1.366729375e+05, 1.51201296875e+05, 1.22466e+05, 1.19440439453125e+04, -0e+00, -0e+00, -0e+00, -0e+00, -0e+00, -0e+00, -0e+00, 1.40349541015625e+04, 3.320648046875e+04, 7.41363359375e+04, 3.32504921875e+04, 3.421074829101562e+02, -0e+00]
varSpeDX.dxCoi.EIR=[0e+00, 0e+00, 0e+00, 0e+00, 0e+00, 0e+00, 0e+00, 0e+00, 0e+00, 0e+00, 0e+00, 0e+00, 0e+00, 0e+00, 0e+00, 0e+00, 0e+00, 0e+00, 0e+00, 0e+00, 0e+00, 0e+00, 0e+00, 1.480089426040649e-01, 2.710625529289246e-01, 2.840240299701691e-01, 2.521144151687622e-01, 1.415272653102875e-01, 0e+00, 0e+00, 0e+00, 0e+00, 0e+00, 0e+00, 0e+00, 2.564257979393005e-01, 2.711936235427856e-01, 2.7326700091362e-01, 2.687878310680389e-01, 2.457367181777954e-01, 0e+00, 0e+00, 0e+00, 0e+00, 0e+00, 0e+00, 2.518640756607056e-01, 2.662274241447449e-01, 2.711901366710663e-01, 2.732621431350708e-01, 2.711916565895081e-01, 2.865959107875824e-01, 1.878193318843842e-01, 0e+00, 0e+00, 0e+00, 0e+00, 0e+00, 1.444702744483948e-01, 2.834645509719849e-01, 1.487196981906891e-01, 1.093839555978775e-01, 2.073264718055725e-01, 1.161920502781868e-01, 0e+00, 0e+00, 0e+00, 0e+00, 0e+00, 0e+00, 0e+00, 1.365912705659866e-01, 2.817434072494507e-01, 2.841004431247711e-01, 2.741580605506897e-01, 1.496153026819229e-01, 0e+00, 0e+00, 0e+00, 0e+00, 0e+00, 0e+00, 2.232373803853989e-01, 2.888529300689697e-01, 2.733461856842041e-01, 2.821978032588959e-01, 2.833468914031982e-01, 9.883783757686615e-02, 0e+00, 0e+00, 0e+00, 0e+00, 0e+00, 0e+00, 0e+00, 9.758618474006653e-02, 1.494635939598083e-01, 2.159511595964432e-01, 1.495708972215652e-01, 1.482740230858326e-02, 0e+00]
