last-generated=2026-10-10
statistics-initialization=
{
  "linear": "0, 0, 0, 0, 0, 0",
  "nonlinear": "0, 0, 0, 0, 0, 0, 0, 0, 0, 0, 0, 0, 0, 0, 0, 0, 0, 0, 0, 0, 0, 0, 0, 0",
  "numerical Jacobians": "0"
}
statistics-simulation=
{
  "linear": "0, 0, 0, 0, 0, 0, 0, 0, 0, 0",
  "nonlinear": "0, 0, 0, 0",
  "number of continuous time states": "36",
  "numerical Jacobians": "0"
}
time=[4.32e+05, 8.64e+05]
flo.TAirCor=[2.751499938964844e+02, 2.935943298339844e+02, 2.935453186035156e+02, 2.935080261230469e+02, 2.934764099121094e+02, 2.934530639648438e+02, 2.934864501953125e+02, 2.937730712890625e+02, 2.939456176757812e+02, 2.939680786132812e+02, 2.938776550292969e+02, 2.938278503417969e+02, 2.938236389160156e+02, 2.938211669921875e+02, 2.938157958984375e+02, 2.935994567871094e+02, 2.934661865234375e+02, 2.934031066894531e+02, 2.9336376953125e+02, 2.933068542480469e+02, 2.932393493652344e+02, 2.931492309570312e+02, 2.931497802734375e+02, 2.931499938964844e+02, 2.931500244140625e+02, 2.931499938964844e+02, 2.931497192382812e+02, 2.932672729492188e+02, 2.933418884277344e+02, 2.933392333984375e+02, 2.933572387695312e+02, 2.93149658203125e+02, 2.931501159667969e+02, 2.931500244140625e+02, 2.931500549316406e+02, 2.931499938964844e+02, 2.931497497558594e+02, 2.931499633789062e+02, 2.931499938964844e+02, 2.931499938964844e+02, 2.931499938964844e+02, 2.931497802734375e+02, 2.931498413085938e+02, 2.931499938964844e+02, 2.931499938964844e+02, 2.931500244140625e+02, 2.931497802734375e+02, 2.93150634765625e+02, 2.931499938964844e+02, 2.931499938964844e+02, 2.931499938964844e+02, 2.93150146484375e+02, 2.931502075195312e+02, 2.931500549316406e+02, 2.931500549316406e+02, 2.931499938964844e+02, 2.931500549316406e+02, 2.931500549316406e+02, 2.931499938964844e+02, 2.931499938964844e+02, 2.931499938964844e+02, 2.931500549316406e+02, 2.931499938964844e+02, 2.931499938964844e+02, 2.931499938964844e+02, 2.931499938964844e+02, 2.931514892578125e+02, 2.935858459472656e+02, 2.936762084960938e+02, 2.937055969238281e+02, 2.93824462890625e+02, 2.938659362792969e+02, 2.93880859375e+02, 2.938766479492188e+02, 2.937752380371094e+02, 2.935520935058594e+02, 2.934231567382812e+02, 2.933760681152344e+02, 2.9335302734375e+02, 2.93312255859375e+02, 2.932704162597656e+02, 2.932216186523438e+02, 2.9319140625e+02, 2.931605834960938e+02, 2.931500244140625e+02, 2.931499938964844e+02, 2.932799072265625e+02, 2.937323608398438e+02, 2.940635681152344e+02, 2.945435485839844e+02, 2.950170288085938e+02, 2.952810363769531e+02, 2.954346008300781e+02, 2.954132385253906e+02, 2.949722900390625e+02, 2.937819213867188e+02, 2.935728759765625e+02, 2.935242004394531e+02, 2.934959411621094e+02, 2.934586181640625e+02, 2.934222412109375e+02]
flo.TAirSou=[2.751499938964844e+02, 2.931468811035156e+02, 2.931485900878906e+02, 2.931494445800781e+02, 2.931499938964844e+02, 2.931499328613281e+02, 2.93150390625e+02, 2.93156982421875e+02, 2.936559143066406e+02, 2.938220520019531e+02, 2.933371276855469e+02, 2.931599731445312e+02, 2.931760864257812e+02, 2.931497802734375e+02, 2.93149658203125e+02, 2.931498413085938e+02, 2.931480407714844e+02, 2.931487731933594e+02, 2.931499633789062e+02, 2.931500244140625e+02, 2.9314990234375e+02, 2.931486511230469e+02, 2.931495056152344e+02, 2.931498718261719e+02, 2.931499633789062e+02, 2.931498718261719e+02, 2.931495971679688e+02, 2.931572875976562e+02, 2.931509094238281e+02, 2.931501159667969e+02, 2.933847045898438e+02, 2.93198974609375e+02, 2.931480407714844e+02, 2.931496276855469e+02, 2.931498413085938e+02, 2.931498718261719e+02, 2.931491088867188e+02, 2.931493835449219e+02, 2.931498107910156e+02, 2.931501159667969e+02, 2.931498718261719e+02, 2.931490173339844e+02, 2.931493225097656e+02, 2.931500244140625e+02, 2.931499328613281e+02, 2.931500244140625e+02, 2.931493835449219e+02, 2.93156982421875e+02, 2.93150634765625e+02, 2.931500549316406e+02, 2.931501159667969e+02, 2.931442260742188e+02, 2.931473083496094e+02, 2.931567993164062e+02, 2.931513366699219e+02, 2.931494140625e+02, 2.9314794921875e+02, 2.931505737304688e+02, 2.931471252441406e+02, 2.931493835449219e+02, 2.931533508300781e+02, 2.931475830078125e+02, 2.931517944335938e+02, 2.931520385742188e+02, 2.931476745605469e+02, 2.931505126953125e+02, 2.931517333984375e+02, 2.931510925292969e+02, 2.931564025878906e+02, 2.9314794921875e+02, 2.935786743164062e+02, 2.936958618164062e+02, 2.936374816894531e+02, 2.934518127441406e+02, 2.931515197753906e+02, 2.931503601074219e+02, 2.931488037109375e+02, 2.931500854492188e+02, 2.931498718261719e+02, 2.9314990234375e+02, 2.931499938964844e+02, 2.931496276855469e+02, 2.9314990234375e+02, 2.931500854492188e+02, 2.931499633789062e+02, 2.931498107910156e+02, 2.931513977050781e+02, 2.933320617675781e+02, 2.94485107421875e+02, 2.952788696289062e+02, 2.958679504394531e+02, 2.961502380371094e+02, 2.961840515136719e+02, 2.959336547851562e+02, 2.950294799804688e+02, 2.934745178222656e+02, 2.931467895507812e+02, 2.931488952636719e+02, 2.931501770019531e+02, 2.931498718261719e+02, 2.9314990234375e+02]
flo.TAirNor=[2.751499938964844e+02, 2.931467590332031e+02, 2.931486511230469e+02, 2.931494445800781e+02, 2.931499633789062e+02, 2.931499328613281e+02, 2.931537170410156e+02, 2.931434020996094e+02, 2.931539306640625e+02, 2.931519470214844e+02, 2.931501159667969e+02, 2.931490478515625e+02, 2.931505432128906e+02, 2.931498718261719e+02, 2.93149658203125e+02, 2.931498107910156e+02, 2.931485290527344e+02, 2.931492309570312e+02, 2.931499328613281e+02, 2.931485900878906e+02, 2.931510314941406e+02, 2.931507568359375e+02, 2.931496276855469e+02, 2.9314990234375e+02, 2.931499328613281e+02, 2.931498718261719e+02, 2.931497497558594e+02, 2.931407165527344e+02, 2.931491394042969e+02, 2.931500854492188e+02, 2.931547241210938e+02, 2.931463928222656e+02, 2.931531372070312e+02, 2.931484985351562e+02, 2.93147216796875e+02, 2.931505737304688e+02, 2.931565246582031e+02, 2.931496887207031e+02, 2.931498718261719e+02, 2.931500854492188e+02, 2.931498718261719e+02, 2.931496276855469e+02, 2.931497802734375e+02, 2.931499938964844e+02, 2.931499328613281e+02, 2.931500244140625e+02, 2.931497497558594e+02, 2.931517333984375e+02, 2.931504516601562e+02, 2.931501770019531e+02, 2.93150146484375e+02, 2.931500549316406e+02, 2.931501770019531e+02, 2.931499633789062e+02, 2.931499633789062e+02, 2.931499938964844e+02, 2.93150390625e+02, 2.93150390625e+02, 2.931499633789062e+02, 2.931500854492188e+02, 2.931499938964844e+02, 2.931500549316406e+02, 2.931502380371094e+02, 2.931499938964844e+02, 2.931499938964844e+02, 2.931499938964844e+02, 2.9315185546875e+02, 2.931532592773438e+02, 2.931507568359375e+02, 2.93150146484375e+02, 2.931510009765625e+02, 2.931516723632812e+02, 2.931737060546875e+02, 2.931861877441406e+02, 2.931497802734375e+02, 2.931499938964844e+02, 2.931498107910156e+02, 2.931495666503906e+02, 2.931498718261719e+02, 2.931498718261719e+02, 2.931499938964844e+02, 2.931499328613281e+02, 2.931500549316406e+02, 2.931492614746094e+02, 2.931487121582031e+02, 2.931506652832031e+02, 2.931539611816406e+02, 2.931542358398438e+02, 2.932106628417969e+02, 2.935967712402344e+02, 2.94151123046875e+02, 2.94394775390625e+02, 2.945504150390625e+02, 2.945716247558594e+02, 2.942139282226562e+02, 2.931493530273438e+02, 2.931480102539062e+02, 2.931490173339844e+02, 2.931502685546875e+02, 2.931498718261719e+02, 2.9314990234375e+02]
flo.TAirEas=[2.751499938964844e+02, 2.931462097167969e+02, 2.931485900878906e+02, 2.931494750976562e+02, 2.931500244140625e+02, 2.931499633789062e+02, 2.931505126953125e+02, 2.931562805175781e+02, 2.932073059082031e+02, 2.9314990234375e+02, 2.931501159667969e+02, 2.931488647460938e+02, 2.931502380371094e+02, 2.931498718261719e+02, 2.931496887207031e+02, 2.931498413085938e+02, 2.931482238769531e+02, 2.931488647460938e+02, 2.931499938964844e+02, 2.931500549316406e+02, 2.931499328613281e+02, 2.931488037109375e+02, 2.931495666503906e+02, 2.931498718261719e+02, 2.931499633789062e+02, 2.931498718261719e+02, 2.93149658203125e+02, 2.931560668945312e+02, 2.931503295898438e+02, 2.931503295898438e+02, 2.931500854492188e+02, 2.931498718261719e+02, 2.931497802734375e+02, 2.931498718261719e+02, 2.931497497558594e+02, 2.931498718261719e+02, 2.93149658203125e+02, 2.931495666503906e+02, 2.931498718261719e+02, 2.931501159667969e+02, 2.931498718261719e+02, 2.931494140625e+02, 2.931496276855469e+02, 2.931499938964844e+02, 2.931499328613281e+02, 2.931500244140625e+02, 2.931495971679688e+02, 2.931558227539062e+02, 2.93150390625e+02, 2.931504211425781e+02, 2.93150146484375e+02, 2.931501159667969e+02, 2.931500549316406e+02, 2.931499633789062e+02, 2.931499938964844e+02, 2.931499938964844e+02, 2.931500854492188e+02, 2.931502685546875e+02, 2.931499938964844e+02, 2.931500854492188e+02, 2.931499938964844e+02, 2.931498718261719e+02, 2.931502075195312e+02, 2.931499938964844e+02, 2.931499938964844e+02, 2.931499938964844e+02, 2.931517639160156e+02, 2.931543579101562e+02, 2.931505737304688e+02, 2.93150146484375e+02, 2.931507873535156e+02, 2.931514587402344e+02, 2.931660461425781e+02, 2.931612854003906e+02, 2.931497497558594e+02, 2.931499938964844e+02, 2.931496887207031e+02, 2.931495056152344e+02, 2.931498718261719e+02, 2.9314990234375e+02, 2.931499938964844e+02, 2.931498413085938e+02, 2.931500244140625e+02, 2.931500854492188e+02, 2.931499633789062e+02, 2.931498107910156e+02, 2.931516418457031e+02, 2.9318994140625e+02, 2.937925109863281e+02, 2.940215148925781e+02, 2.942488098144531e+02, 2.944763488769531e+02, 2.946178894042969e+02, 2.946076965332031e+02, 2.942242431640625e+02, 2.931494750976562e+02, 2.931477966308594e+02, 2.931489562988281e+02, 2.931502685546875e+02, 2.9314990234375e+02, 2.9314990234375e+02]
flo.TAirWes=[2.751499938964844e+02, 2.931481323242188e+02, 2.931496276855469e+02, 2.931516723632812e+02, 2.931529846191406e+02, 2.931499633789062e+02, 2.93150634765625e+02, 2.93153076171875e+02, 2.931509094238281e+02, 2.931499328613281e+02, 2.931484069824219e+02, 2.931484069824219e+02, 2.931517333984375e+02, 2.931499633789062e+02, 2.931496887207031e+02, 2.931498413085938e+02, 2.931483459472656e+02, 2.931489562988281e+02, 2.931473693847656e+02, 2.931500549316406e+02, 2.931499328613281e+02, 2.9314892578125e+02, 2.931495971679688e+02, 2.931483764648438e+02, 2.9315185546875e+02, 2.931498718261719e+02, 2.931497192382812e+02, 2.931523132324219e+02, 2.931504821777344e+02, 2.931501770019531e+02, 2.931474609375e+02, 2.931613464355469e+02, 2.931543884277344e+02, 2.931498413085938e+02, 2.931499328613281e+02, 2.931498718261719e+02, 2.931499633789062e+02, 2.931496276855469e+02, 2.931498718261719e+02, 2.931500854492188e+02, 2.931498718261719e+02, 2.931494140625e+02, 2.931496276855469e+02, 2.931499938964844e+02, 2.931499328613281e+02, 2.931500244140625e+02, 2.931495971679688e+02, 2.931520080566406e+02, 2.931504516601562e+02, 2.931481628417969e+02, 2.931507568359375e+02, 2.931576843261719e+02, 2.931560668945312e+02, 2.931432189941406e+02, 2.931502380371094e+02, 2.931498107910156e+02, 2.931502075195312e+02, 2.931503601074219e+02, 2.931499938964844e+02, 2.931433715820312e+02, 2.931492614746094e+02, 2.931474304199219e+02, 2.931521301269531e+02, 2.931474304199219e+02, 2.931498718261719e+02, 2.93148681640625e+02, 2.931481628417969e+02, 2.931537780761719e+02, 2.931518859863281e+02, 2.931526184082031e+02, 2.931507263183594e+02, 2.931531982421875e+02, 2.931557312011719e+02, 2.931492919921875e+02, 2.93148681640625e+02, 2.931496887207031e+02, 2.931492614746094e+02, 2.931517333984375e+02, 2.931481323242188e+02, 2.931523132324219e+02, 2.931479187011719e+02, 2.931525268554688e+02, 2.931508483886719e+02, 2.931500549316406e+02, 2.931488342285156e+02, 2.931498107910156e+02, 2.93151611328125e+02, 2.931540222167969e+02, 2.931819152832031e+02, 2.937022705078125e+02, 2.941301879882812e+02, 2.94478271484375e+02, 2.947964477539062e+02, 2.947922668457031e+02, 2.941746215820312e+02, 2.931495056152344e+02, 2.931478881835938e+02, 2.931490173339844e+02, 2.931450805664062e+02, 2.931504211425781e+02, 2.931492614746094e+02]
hea[1].conPID.y=[1e+00, 1.986929327249527e-01, 2.38189771771431e-01, 2.784053683280945e-01, 3.051205575466156e-01, 3.24598491191864e-01, 3.193800151348114e-01, 4.493759199976921e-02, 0e+00, 0e+00, 0e+00, 0e+00, 0e+00, 5.696024745702744e-03, 6.734172254800797e-02, 2.301921844482422e-01, 3.211916387081146e-01, 3.550319075584412e-01, 3.785440921783447e-01, 3.979568481445312e-01, 4.270442724227905e-01, 4.578421115875244e-01, 4.742406904697418e-01, 4.918373227119446e-01, 5.059722065925598e-01, 5.248566865921021e-01, 5.17095148563385e-01, 2.993277907371521e-01, 1.311619877815247e-01, 2.709401585161686e-02, 0e+00, 0e+00, 4.104404896497726e-02, 1.430913954973221e-01, 3.004861176013947e-01, 3.66077333688736e-01, 3.978879153728485e-01, 4.096529483795166e-01, 4.280127882957458e-01, 4.347878396511078e-01, 4.48807030916214e-01, 4.678199291229248e-01, 4.801119565963745e-01, 4.892035126686096e-01, 5.005530118942261e-01, 5.104886293411255e-01, 5.185057520866394e-01, 3.335161209106445e-01, 2.035020291805267e-01, 1.139015406370163e-01, 7.114603370428085e-02, 1.00667417049408e-01, 2.576320171356201e-01, 2.591066658496857e-01, 2.851727902889252e-01, 3.464082777500153e-01, 3.319238126277924e-01, 3.803297877311707e-01, 4.48229968547821e-01, 5.10896623134613e-01, 4.242396354675293e-01, 4.801648557186127e-01, 5.151556134223938e-01, 4.684132635593414e-01, 5.256783366203308e-01, 4.984154105186462e-01, 4.557280242443085e-01, 2.577023208141327e-01, 1.173984780907631e-01, 8.602024614810944e-02, 0e+00, 0e+00, 0e+00, 0e+00, 1.526802405714989e-02, 1.374586373567581e-01, 1.419468224048615e-01, 1.532646417617798e-01, 1.67516753077507e-01, 1.870650202035904e-01, 2.081271409988403e-01, 2.213822901248932e-01, 2.257784307003021e-01, 2.26181298494339e-01, 2.293757647275925e-01, 2.449503839015961e-01, 2.355828732252121e-01, 0e+00, 0e+00, 0e+00, 0e+00, 0e+00, 0e+00, 0e+00, 0e+00, 0e+00, 4.774486646056175e-02, 8.909551799297333e-02, 1.048384234309196e-01, 1.247217208147049e-01, 1.492144614458084e-01]
hea[2].conPID.y=[1e+00, 2.303354144096375e-01, 2.721086144447327e-01, 3.119288682937622e-01, 3.376473188400269e-01, 3.560242354869843e-01, 3.505353331565857e-01, 7.415919750928879e-02, 0e+00, 2.014683000743389e-02, 6.636936217546463e-02, 8.892692625522614e-02, 9.124813973903656e-02, 1.035167053341866e-01, 1.353887915611267e-01, 2.858363389968872e-01, 3.707837164402008e-01, 4.013307988643646e-01, 4.218883216381073e-01, 4.385136961936951e-01, 4.649327993392944e-01, 4.936358332633972e-01, 5.083633065223694e-01, 5.243347883224487e-01, 5.371701717376709e-01, 5.546360015869141e-01, 5.454956293106079e-01, 3.134238719940186e-01, 2.506003677845001e-01, 2.904347777366638e-01, 3.444021344184875e-01, 3.80254715681076e-01, 3.824993073940277e-01, 4.001307785511017e-01, 4.423720240592957e-01, 4.837538599967957e-01, 5.057334899902344e-01, 5.116219520568848e-01, 5.241216421127319e-01, 5.254902243614197e-01, 5.34041166305542e-01, 5.490368008613586e-01, 5.550196766853333e-01, 5.601858496665955e-01, 5.696447491645813e-01, 5.76414167881012e-01, 5.810145735740662e-01, 3.792437613010406e-01, 3.337005376815796e-01, 3.678915500640869e-01, 4.123690128326416e-01, 4.047206044197083e-01, 4.012406468391418e-01, 4.047203958034515e-01, 4.285886287689209e-01, 4.44318026304245e-01, 4.444024562835693e-01, 4.391279816627502e-01, 4.377554059028625e-01, 4.366475641727448e-01, 4.406018257141113e-01, 4.308165311813354e-01, 4.298974573612213e-01, 4.270253777503967e-01, 4.275556206703186e-01, 4.243906438350677e-01, 3.985243737697601e-01, 1.696808934211731e-01, 7.826901972293854e-02, 6.270517408847809e-02, 3.417684882879257e-02, 8.430875837802887e-03, 0e+00, 0e+00, 3.626175224781036e-02, 1.669821292161942e-01, 2.220735847949982e-01, 2.311879247426987e-01, 2.41237685084343e-01, 2.568390965461731e-01, 2.724173665046692e-01, 2.807599008083344e-01, 2.816382050514221e-01, 2.787369787693024e-01, 2.788123488426208e-01, 2.909329831600189e-01, 2.785634100437164e-01, 0e+00, 0e+00, 0e+00, 0e+00, 0e+00, 0e+00, 0e+00, 0e+00, 5.133336037397385e-02, 1.49809330701828e-01, 1.840617507696152e-01, 1.962138116359711e-01, 2.13683694601059e-01, 2.369320690631866e-01]
hea[3].conPID.y=[1e+00, 2.124479115009308e-01, 2.511839866638184e-01, 2.888526618480682e-01, 3.134877681732178e-01, 3.306644260883331e-01, 4.206668138504028e-01, 1.889231950044632e-01, 2.097544968128204e-01, 1.321540623903275e-01, 6.389246135950089e-02, 8.107543736696243e-02, 8.212427049875259e-02, 9.13054347038269e-02, 1.204371154308319e-01, 2.748098373413086e-01, 5.159321427345276e-01, 3.876442015171051e-01, 4.061720669269562e-01, 5.298506617546082e-01, 6.076922416687012e-01, 5.356049537658691e-01, 4.855878353118896e-01, 4.994594752788544e-01, 5.104198455810547e-01, 5.258511900901794e-01, 5.150597095489502e-01, 5.263862013816833e-01, 6.309319138526917e-01, 6.399219632148743e-01, 4.151839911937714e-01, 4.686477780342102e-01, 5.185723900794983e-01, 5.06375253200531e-01, 6.180623173713684e-01, 4.883477091789246e-01, 5.914598107337952e-01, 5.066701173782349e-01, 5.158705115318298e-01, 5.14717161655426e-01, 5.206635594367981e-01, 5.340319871902466e-01, 5.362904071807861e-01, 5.395105481147766e-01, 5.484399795532227e-01, 5.535447597503662e-01, 5.56520938873291e-01, 5.22925853729248e-01, 4.800810217857361e-01, 4.592300355434418e-01, 4.498363733291626e-01, 4.426331222057343e-01, 4.372830986976624e-01, 4.316302537918091e-01, 4.451860189437866e-01, 4.532906413078308e-01, 4.49247807264328e-01, 4.412752985954285e-01, 4.374722540378571e-01, 4.339323043823242e-01, 4.356395602226257e-01, 4.235267043113708e-01, 4.208044707775116e-01, 4.164675176143646e-01, 4.15422797203064e-01, 4.108328223228455e-01, 3.836879432201385e-01, 2.022986561059952e-01, 1.247131377458572e-01, 8.584825694561005e-02, 3.3187136054039e-02, 6.370767951011658e-03, 0e+00, 0e+00, 2.507978305220604e-02, 1.612833589315414e-01, 2.164246886968613e-01, 2.250615656375885e-01, 2.33913466334343e-01, 2.485845386981964e-01, 2.632504403591156e-01, 2.702267467975616e-01, 2.701434791088104e-01, 2.962947487831116e-01, 3.362147808074951e-01, 2.938863635063171e-01, 2.708925306797028e-01, 6.588446348905563e-02, 0e+00, 0e+00, 0e+00, 0e+00, 0e+00, 0e+00, 0e+00, 5.145242065191269e-02, 1.560208946466446e-01, 1.887814253568649e-01, 1.989996284246445e-01, 2.149556428194046e-01, 2.36255556344986e-01]
hea[4].conPID.y=[1e+00, 4.429552257061005e-01, 4.245665669441223e-01, 4.080568850040436e-01, 3.583312928676605e-01, 3.649479746818542e-01, 3.589859306812286e-01, 1.901556849479675e-01, 1.158054992556572e-01, 8.48701074719429e-02, 1.675838083028793e-01, 1.115814074873924e-01, 9.112204611301422e-02, 8.546177297830582e-02, 1.462187916040421e-01, 3.029524087905884e-01, 3.878494799137115e-01, 4.165166318416595e-01, 4.422952830791473e-01, 4.51132595539093e-01, 4.76772129535675e-01, 5.040155649185181e-01, 5.176010727882385e-01, 5.349843502044678e-01, 5.501483082771301e-01, 5.615721940994263e-01, 5.51507830619812e-01, 4.795347154140472e-01, 4.237936437129974e-01, 3.929514586925507e-01, 4.776776731014252e-01, 4.325643181800842e-01, 2.863092720508575e-01, 2.628571093082428e-01, 4.159452021121979e-01, 4.824140965938568e-01, 5.047179460525513e-01, 5.078647136688232e-01, 5.187567472457886e-01, 5.193491578102112e-01, 5.276166796684265e-01, 5.424982309341431e-01, 5.485637187957764e-01, 5.538465976715088e-01, 5.634200572967529e-01, 5.70326030254364e-01, 5.75184166431427e-01, 5.358222126960754e-01, 4.837715625762939e-01, 5.526546835899353e-01, 4.627990424633026e-01, 4.600438475608826e-01, 3.651504218578339e-01, 3.277151584625244e-01, 3.975898325443268e-01, 5.216598510742188e-01, 4.386639595031738e-01, 4.318311810493469e-01, 4.298084676265717e-01, 5.13433039188385e-01, 5.560732483863831e-01, 4.847795963287354e-01, 5.28268039226532e-01, 5.391870141029358e-01, 4.231882393360138e-01, 4.92567241191864e-01, 4.578718543052673e-01, 3.76679003238678e-01, 2.705993056297302e-01, 9.885783493518829e-02, 1.483616679906845e-01, 1.074497699737549e-01, 6.368371099233627e-02, 1.801429875195026e-02, 1.200698092579842e-01, 1.628850102424622e-01, 3.313460350036621e-01, 3.270092904567719e-01, 3.215526044368744e-01, 3.031810522079468e-01, 4.342739284038544e-01, 4.422145783901215e-01, 3.463800847530365e-01, 2.72265613079071e-01, 2.865246832370758e-01, 2.849405407905579e-01, 2.731947600841522e-01, 8.533919602632523e-02, 0e+00, 0e+00, 0e+00, 0e+00, 0e+00, 0e+00, 0e+00, 4.593086615204811e-02, 1.440377831459045e-01, 1.763868927955627e-01, 2.535554766654968e-01, 2.982820570468903e-01, 3.472567498683929e-01]
hea[5].conPID.y=[1e+00, 0e+00, 0e+00, 0e+00, 0e+00, 0e+00, 0e+00, 0e+00, 0e+00, 0e+00, 0e+00, 0e+00, 0e+00, 0e+00, 0e+00, 0e+00, 0e+00, 0e+00, 0e+00, 0e+00, 0e+00, 1.292383670806885e-02, 2.077792212367058e-02, 2.755112759768963e-02, 3.384875133633614e-02, 3.960895538330078e-02, 2.64490507543087e-02, 0e+00, 0e+00, 0e+00, 0e+00, 9.298801422119141e-03, 9.01323277503252e-03, 2.570637734606862e-03, 1.208649016916752e-02, 4.010422900319099e-02, 4.575197398662567e-02, 4.749349877238274e-02, 4.8923060297966e-02, 5.048028007149696e-02, 5.228233337402344e-02, 5.489201098680496e-02, 5.736923590302467e-02, 5.975460633635521e-02, 6.226720288395882e-02, 6.483668833971024e-02, 6.770423799753189e-02, 5.203888937830925e-02, 4.732580855488777e-02, 5.035484209656715e-02, 5.226168036460876e-02, 5.18646128475666e-02, 4.786419123411179e-02, 3.88672761619091e-02, 4.555431380867958e-02, 5.581726506352425e-02, 5.690566822886467e-02, 5.60101792216301e-02, 5.510972067713737e-02, 5.461114272475243e-02, 5.440646409988403e-02, 4.389143362641335e-02, 4.352855682373047e-02, 4.337657615542412e-02, 4.339984059333801e-02, 4.028347134590149e-02, 2.024546824395657e-02, 0e+00, 0e+00, 0e+00, 0e+00, 0e+00, 0e+00, 0e+00, 0e+00, 0e+00, 0e+00, 0e+00, 0e+00, 0e+00, 0e+00, 0e+00, 0e+00, 0e+00, 1.807790831662714e-03, 1.281777978874743e-03, 0e+00, 0e+00, 0e+00, 0e+00, 0e+00, 0e+00, 0e+00, 0e+00, 0e+00, 0e+00, 0e+00, 0e+00, 0e+00, 0e+00, 0e+00]
flo.sou.heaPorAir.Q_flow=[7.9415e+03, 1.577919921875e+03, 1.891583984375e+03, 2.210956298828125e+03, 2.42311474609375e+03, 2.577799072265625e+03, 2.5363564453125e+03, 3.568718872070312e+02, 0e+00, 0e+00, 0e+00, 0e+00, 0e+00, 4.523498153686523e+01, 5.347942504882812e+02, 1.828071166992188e+03, 2.550743408203125e+03, 2.81948583984375e+03, 3.0062080078125e+03, 3.160374267578125e+03, 3.3913720703125e+03, 3.635953125e+03, 3.766182373046875e+03, 3.90592626953125e+03, 4.01817822265625e+03, 4.1681494140625e+03, 4.10651123046875e+03, 2.37711181640625e+03, 1.041622924804688e+03, 2.151671142578125e+02, 0e+00, 0e+00, 3.259512939453125e+02, 1.1363603515625e+03, 2.386310546875e+03, 2.907203125e+03, 3.159826904296875e+03, 3.2532587890625e+03, 3.3990634765625e+03, 3.45286767578125e+03, 3.564200927734375e+03, 3.715192138671875e+03, 3.81280908203125e+03, 3.885009765625e+03, 3.975141845703125e+03, 4.05404541015625e+03, 4.11771337890625e+03, 2.648618408203125e+03, 1.616111328125e+03, 9.04549072265625e+02, 5.650062255859375e+02, 7.994502563476562e+02, 2.045984619140625e+03, 2.057695556640625e+03, 2.26469970703125e+03, 2.751001220703125e+03, 2.63597314453125e+03, 3.020388916015625e+03, 3.559618408203125e+03, 4.057285400390625e+03, 3.36909912109375e+03, 3.813229248046875e+03, 4.0911083984375e+03, 3.71990380859375e+03, 4.1746748046875e+03, 3.958166015625e+03, 3.619164306640625e+03, 2.04654296875e+03, 9.323200073242188e+02, 6.831298217773438e+02, 0e+00, 0e+00, 0e+00, 0e+00, 1.212510070800781e+02, 1.091627807617188e+03, 1.127270751953125e+03, 1.217151123046875e+03, 1.330334228515625e+03, 1.485576904296875e+03, 1.652841796875e+03, 1.758107543945312e+03, 1.793019409179688e+03, 1.79621875e+03, 1.821587646484375e+03, 1.9452734375e+03, 1.87088134765625e+03, 0e+00, 0e+00, 0e+00, 0e+00, 0e+00, 0e+00, 0e+00, 0e+00, 0e+00, 3.791658630371094e+02, 7.075520629882812e+02, 8.325743408203125e+02, 9.904775390625e+02, 1.184986694335938e+03]
flo.eas.heaPorAir.Q_flow=[4.711e+03, 1.085110107421875e+03, 1.281903686523438e+03, 1.469496826171875e+03, 1.590656616210938e+03, 1.677230102539062e+03, 1.651371948242188e+03, 3.493639831542969e+02, 0e+00, 9.491172027587891e+01, 3.126660461425781e+02, 4.189347534179688e+02, 4.298699645996094e+02, 4.876672058105469e+02, 6.378165893554688e+02, 1.346575073242188e+03, 1.746762084960938e+03, 1.89066943359375e+03, 1.987515869140625e+03, 2.065837890625e+03, 2.19029833984375e+03, 2.325518310546875e+03, 2.3948994140625e+03, 2.470141357421875e+03, 2.530608642578125e+03, 2.61289013671875e+03, 2.569829833984375e+03, 1.476539916992188e+03, 1.180578369140625e+03, 1.36823828125e+03, 1.622478515625e+03, 1.791380004882812e+03, 1.801954223632812e+03, 1.885015991210938e+03, 2.0840146484375e+03, 2.27896435546875e+03, 2.382510498046875e+03, 2.4102509765625e+03, 2.469136962890625e+03, 2.47558447265625e+03, 2.515867919921875e+03, 2.58651220703125e+03, 2.614697509765625e+03, 2.639035400390625e+03, 2.683596435546875e+03, 2.715487060546875e+03, 2.73715966796875e+03, 1.786617431640625e+03, 1.572063232421875e+03, 1.73313720703125e+03, 1.94267041015625e+03, 1.906638793945312e+03, 1.89024462890625e+03, 1.906637817382812e+03, 2.019080932617188e+03, 2.09318212890625e+03, 2.093579833984375e+03, 2.06873193359375e+03, 2.062265625e+03, 2.057046630859375e+03, 2.07567529296875e+03, 2.029576782226562e+03, 2.025246826171875e+03, 2.011716674804688e+03, 2.014214477539062e+03, 1.999304321289062e+03, 1.8774482421875e+03, 7.9936669921875e+02, 3.687253723144531e+02, 2.954040832519531e+02, 1.610071411132812e+02, 3.971785354614258e+01, 0e+00, 0e+00, 1.708291168212891e+02, 7.8665283203125e+02, 1.046188598632812e+03, 1.089126220703125e+03, 1.136470703125e+03, 1.209968994140625e+03, 1.283358276367188e+03, 1.322659912109375e+03, 1.326797607421875e+03, 1.3131298828125e+03, 1.313484985351562e+03, 1.370585327148438e+03, 1.312312255859375e+03, 0e+00, 0e+00, 0e+00, 0e+00, 0e+00, 0e+00, 0e+00, 0e+00, 2.418314514160156e+02, 7.05751708984375e+02, 8.671149291992188e+02, 9.2436328125e+02, 1.006663879394531e+03, 1.11618701171875e+03]
flo.nor.heaPorAir.Q_flow=[7.9415e+03, 1.687155151367188e+03, 1.994777709960938e+03, 2.29392333984375e+03, 2.489563232421875e+03, 2.625971435546875e+03, 3.3407255859375e+03, 1.500333618164062e+03, 1.665765380859375e+03, 1.04950146484375e+03, 5.074020080566406e+02, 6.438605346679688e+02, 6.5218994140625e+02, 7.2510205078125e+02, 9.564513549804688e+02, 2.18240234375e+03, 4.097275390625e+03, 3.0784765625e+03, 3.225615478515625e+03, 4.20780908203125e+03, 4.82598828125e+03, 4.2535068359375e+03, 3.8562958984375e+03, 3.96645751953125e+03, 4.053499267578125e+03, 4.17604736328125e+03, 4.0903466796875e+03, 4.18029638671875e+03, 5.0105458984375e+03, 5.08193994140625e+03, 3.29718359375e+03, 3.721766357421875e+03, 4.11824267578125e+03, 4.02137890625e+03, 4.908341796875e+03, 3.87821337890625e+03, 4.697078125e+03, 4.023720703125e+03, 4.09678564453125e+03, 4.08762646484375e+03, 4.134849609375e+03, 4.24101513671875e+03, 4.2589501953125e+03, 4.28452294921875e+03, 4.35543603515625e+03, 4.3959755859375e+03, 4.419611328125e+03, 4.1528154296875e+03, 3.8125634765625e+03, 3.646975341796875e+03, 3.572375732421875e+03, 3.5151708984375e+03, 3.472683837890625e+03, 3.42779150390625e+03, 3.53544482421875e+03, 3.5998076171875e+03, 3.567701416015625e+03, 3.504387939453125e+03, 3.47418603515625e+03, 3.4460732421875e+03, 3.459631591796875e+03, 3.3634375e+03, 3.341818603515625e+03, 3.307376708984375e+03, 3.299080322265625e+03, 3.26262890625e+03, 3.047057861328125e+03, 1.6065546875e+03, 9.904093627929688e+02, 6.81763916015625e+02, 2.635556335449219e+02, 5.059345245361328e+01, 0e+00, 0e+00, 1.991710968017578e+02, 1.280831787109375e+03, 1.718736694335938e+03, 1.787326416015625e+03, 1.857623779296875e+03, 1.974134033203125e+03, 2.090603271484375e+03, 2.146005859375e+03, 2.14534423828125e+03, 2.35302490234375e+03, 2.6700498046875e+03, 2.3338984375e+03, 2.15129296875e+03, 5.23221435546875e+02, 0e+00, 0e+00, 0e+00, 0e+00, 0e+00, 0e+00, 0e+00, 4.086094055175781e+02, 1.2390400390625e+03, 1.499207641601562e+03, 1.580355590820312e+03, 1.7070703125e+03, 1.876223510742188e+03]
flo.wes.heaPorAir.Q_flow=[4.711e+03, 2.086761962890625e+03, 2.000133178710938e+03, 1.922356079101562e+03, 1.6880986328125e+03, 1.71927001953125e+03, 1.691182739257812e+03, 8.958234252929688e+02, 5.455596923828125e+02, 3.998230895996094e+02, 7.894873046875e+02, 5.256599731445312e+02, 4.292759704589844e+02, 4.026104125976562e+02, 6.888367309570312e+02, 1.427208740234375e+03, 1.827158935546875e+03, 1.962209838867188e+03, 2.083653076171875e+03, 2.12528564453125e+03, 2.246073486328125e+03, 2.37441748046875e+03, 2.43841845703125e+03, 2.520311279296875e+03, 2.59174853515625e+03, 2.64556640625e+03, 2.5981533203125e+03, 2.259088134765625e+03, 1.996491821289062e+03, 1.8511943359375e+03, 2.250339599609375e+03, 2.037810546875e+03, 1.348802978515625e+03, 1.238319946289062e+03, 1.959517822265625e+03, 2.27265283203125e+03, 2.377726318359375e+03, 2.39255078125e+03, 2.44386328125e+03, 2.44665380859375e+03, 2.48560205078125e+03, 2.555709228515625e+03, 2.584283447265625e+03, 2.609171142578125e+03, 2.654271728515625e+03, 2.686805908203125e+03, 2.709692626953125e+03, 2.52425830078125e+03, 2.2790478515625e+03, 2.60355615234375e+03, 2.180246337890625e+03, 2.1672666015625e+03, 1.7202236328125e+03, 1.543866088867188e+03, 1.873045776367188e+03, 2.45753955078125e+03, 2.0665458984375e+03, 2.034356689453125e+03, 2.02482763671875e+03, 2.418783203125e+03, 2.6196611328125e+03, 2.283796630859375e+03, 2.488670654296875e+03, 2.540110107421875e+03, 1.993639770507812e+03, 2.320484130859375e+03, 2.1570341796875e+03, 1.774534790039062e+03, 1.274793334960938e+03, 4.6571923828125e+02, 6.989318237304688e+02, 5.061958923339844e+02, 3.000139465332031e+02, 8.486536407470703e+01, 5.656488647460938e+02, 7.67351318359375e+02, 1.56097119140625e+03, 1.540540771484375e+03, 1.514834228515625e+03, 1.428286010742188e+03, 2.045864501953125e+03, 2.08327294921875e+03, 1.631796508789062e+03, 1.282643310546875e+03, 1.349817749023438e+03, 1.342354858398438e+03, 1.2870205078125e+03, 4.02032958984375e+02, 0e+00, 0e+00, 0e+00, 0e+00, 0e+00, 0e+00, 0e+00, 2.163803100585938e+02, 6.7856201171875e+02, 8.309586791992188e+02, 1.194499877929688e+03, 1.405206787109375e+03, 1.635926513671875e+03]
flo.cor.heaPorAir.Q_flow=[1.0476017578125e+04, 0e+00, 0e+00, 0e+00, 0e+00, 0e+00, 0e+00, 0e+00, 0e+00, 0e+00, 0e+00, 0e+00, 0e+00, 0e+00, 0e+00, 0e+00, 0e+00, 0e+00, 0e+00, 0e+00, 0e+00, 1.353903503417969e+02, 2.176698913574219e+02, 2.886261291503906e+02, 3.546001586914062e+02, 4.149441223144531e+02, 2.770807189941406e+02, 0e+00, 0e+00, 0e+00, 0e+00, 9.741441345214844e+01, 9.442279052734375e+01, 2.69300479888916e+01, 1.266182861328125e+02, 4.201326293945312e+02, 4.792985229492188e+02, 4.97542724609375e+02, 5.125188598632812e+02, 5.288323364257812e+02, 5.47710693359375e+02, 5.750496826171875e+02, 6.010011596679688e+02, 6.259903564453125e+02, 6.523123168945312e+02, 6.792303466796875e+02, 7.092708129882812e+02, 5.451603393554688e+02, 4.957860107421875e+02, 5.275182495117188e+02, 5.474943237304688e+02, 5.433346557617188e+02, 5.014261169433594e+02, 4.071742858886719e+02, 4.772278137207031e+02, 5.8474267578125e+02, 5.96144775390625e+02, 5.86763671875e+02, 5.773304443359375e+02, 5.721072998046875e+02, 5.69963134765625e+02, 4.598074340820312e+02, 4.560059509277344e+02, 4.544137878417969e+02, 4.546575317382812e+02, 4.220103759765625e+02, 2.120918884277344e+02, 0e+00, 0e+00, 0e+00, 0e+00, 0e+00, 0e+00, 0e+00, 0e+00, 0e+00, 0e+00, 0e+00, 0e+00, 0e+00, 0e+00, 0e+00, 0e+00, 0e+00, 1.893844985961914e+01, 1.342792892456055e+01, 0e+00, 0e+00, 0e+00, 0e+00, 0e+00, 0e+00, 0e+00, 0e+00, 0e+00, 0e+00, 0e+00, 0e+00, 0e+00, 0e+00, 0e+00]
EHea.y=[0e+00, 4.9848304e+07, 7.8961816e+07, 1.11534176e+08, 1.46654512e+08, 1.82850032e+08, 2.21752464e+08, 2.50756784e+08, 2.6327288e+08, 2.70936416e+08, 2.7732352e+08, 2.87219296e+08, 2.94567392e+08, 3.01264256e+08, 3.10587424e+08, 3.35340096e+08, 3.74434912e+08, 4.1764304e+08, 4.6109904e+08, 5.08384256e+08, 5.60982848e+08, 6.16599936e+08, 6.7159616e+08, 7.27292608e+08, 7.85465344e+08, 8.44972672e+08, 9.03550272e+08, 9.55621056e+08, 9.98492544e+08, 1.03649856e+09, 1.070930688e+09, 1.104189312e+09, 1.13781888e+09, 1.171311488e+09, 1.213500032e+09, 1.266030592e+09, 1.321058432e+09, 1.375237632e+09, 1.430350976e+09, 1.486482688e+09, 1.543101824e+09, 1.601369216e+09, 1.660814208e+09, 1.72110208e+09, 1.782299136e+09, 1.844701824e+09, 1.907836288e+09, 1.965544064e+09, 2.011347584e+09, 2.052307456e+09, 2.092045568e+09, 2.129778432e+09, 2.170617344e+09, 2.211437312e+09, 2.252745472e+09, 2.299395328e+09, 2.34747136e+09, 2.395726848e+09, 2.444544e+09, 2.496599296e+09, 2.550780928e+09, 2.601683456e+09, 2.655270656e+09, 2.707513344e+09, 2.759354624e+09, 2.810786048e+09, 2.860361984e+09, 2.901114112e+09, 2.923067392e+09, 2.934643456e+09, 2.941334528e+09, 2.948048128e+09, 2.950466816e+09, 2.950788352e+09, 2.953001472e+09, 2.96775936e+09, 2.990208512e+09, 3.01412352e+09, 3.038518784e+09, 3.064725504e+09, 3.093100544e+09, 3.124636672e+09, 3.155024128e+09, 3.18429952e+09, 3.213997824e+09, 3.244800256e+09, 3.274843136e+09, 3.294325504e+09, 3.295670784e+09, 3.295670784e+09, 3.295670784e+09, 3.295670784e+09, 3.295670784e+09, 3.295670784e+09, 3.295670784e+09, 3.297014784e+09, 3.307008256e+09, 3.321655808e+09, 3.33986432e+09, 3.36072832e+09, 3.384441344e+09]
ECoo.y=[0e+00, -3.003449e+06, -3.003449e+06, -3.003449e+06, -3.003449e+06, -3.003449e+06, -3.003449e+06, -3.003449e+06, -3.003449e+06, -3.003449e+06, -3.003449e+06, -3.003449e+06, -3.003449e+06, -3.003449e+06, -3.003449e+06, -3.003449e+06, -3.003449e+06, -3.003449e+06, -3.003449e+06, -3.003449e+06, -3.003449e+06, -3.003449e+06, -3.003449e+06, -3.003449e+06, -3.003449e+06, -3.003449e+06, -3.003449e+06, -3.003449e+06, -3.003449e+06, -3.003449e+06, -3.003449e+06, -3.003449e+06, -3.003449e+06, -3.003449e+06, -3.003449e+06, -3.003449e+06, -3.003449e+06, -3.003449e+06, -3.003449e+06, -3.003449e+06, -3.003449e+06, -3.003449e+06, -3.003449e+06, -3.003449e+06, -3.003449e+06, -3.003449e+06, -3.003449e+06, -3.003449e+06, -3.003449e+06, -3.003449e+06, -3.003449e+06, -3.003449e+06, -3.003449e+06, -3.003449e+06, -3.003449e+06, -3.003449e+06, -3.003449e+06, -3.003449e+06, -3.003449e+06, -3.003449e+06, -3.003449e+06, -3.003449e+06, -3.003449e+06, -3.003449e+06, -3.003449e+06, -3.003449e+06, -3.003449e+06, -3.003449e+06, -3.003449e+06, -3.003449e+06, -3.003449e+06, -3.003449e+06, -3.003449e+06, -3.003449e+06, -3.003449e+06, -3.003449e+06, -3.003449e+06, -3.003449e+06, -3.003449e+06, -3.003449e+06, -3.003449e+06, -3.003449e+06, -3.003449e+06, -3.003449e+06, -3.003449e+06, -3.003449e+06, -3.003449e+06, -3.003449e+06, -3.003449e+06, -3.003449e+06, -3.003449e+06, -3.003449e+06, -3.003449e+06, -3.003449e+06, -3.003449e+06, -3.003449e+06, -3.003449e+06, -3.003449e+06, -3.003449e+06, -3.003449e+06, -3.003449e+06]
coo[1].conPID.y=[0e+00, 0e+00, 0e+00, 0e+00, 0e+00, 0e+00, 0e+00, 0e+00, 0e+00, 0e+00, 0e+00, 0e+00, 0e+00, 0e+00, 0e+00, 0e+00, 0e+00, 0e+00, 0e+00, 0e+00, 0e+00, 0e+00, 0e+00, 0e+00, 0e+00, 0e+00, 0e+00, 0e+00, 0e+00, 0e+00, 0e+00, 0e+00, 0e+00, 0e+00, 0e+00, 0e+00, 0e+00, 0e+00, 0e+00, 0e+00, 0e+00, 0e+00, 0e+00, 0e+00, 0e+00, 0e+00, 0e+00, 0e+00, 0e+00, 0e+00, 0e+00, 0e+00, 0e+00, 0e+00, 0e+00, 0e+00, 0e+00, 0e+00, 0e+00, 0e+00, 0e+00, 0e+00, 0e+00, 0e+00, 0e+00, 0e+00, 0e+00, 0e+00, 0e+00, 0e+00, 0e+00, 0e+00, 0e+00, 0e+00, 0e+00, 0e+00, 0e+00, 0e+00, 0e+00, 0e+00, 0e+00, 0e+00, 0e+00, 0e+00, 0e+00, 0e+00, 0e+00, 0e+00, 0e+00, 0e+00, 0e+00, 0e+00, 0e+00, 0e+00, 0e+00, 0e+00, 0e+00, 0e+00, 0e+00, 0e+00, 0e+00]
coo[2].conPID.y=[0e+00, 0e+00, 0e+00, 0e+00, 0e+00, 0e+00, 0e+00, 0e+00, 0e+00, 0e+00, 0e+00, 0e+00, 0e+00, 0e+00, 0e+00, 0e+00, 0e+00, 0e+00, 0e+00, 0e+00, 0e+00, 0e+00, 0e+00, 0e+00, 0e+00, 0e+00, 0e+00, 0e+00, 0e+00, 0e+00, 0e+00, 0e+00, 0e+00, 0e+00, 0e+00, 0e+00, 0e+00, 0e+00, 0e+00, 0e+00, 0e+00, 0e+00, 0e+00, 0e+00, 0e+00, 0e+00, 0e+00, 0e+00, 0e+00, 0e+00, 0e+00, 0e+00, 0e+00, 0e+00, 0e+00, 0e+00, 0e+00, 0e+00, 0e+00, 0e+00, 0e+00, 0e+00, 0e+00, 0e+00, 0e+00, 0e+00, 0e+00, 0e+00, 0e+00, 0e+00, 0e+00, 0e+00, 0e+00, 0e+00, 0e+00, 0e+00, 0e+00, 0e+00, 0e+00, 0e+00, 0e+00, 0e+00, 0e+00, 0e+00, 0e+00, 0e+00, 0e+00, 0e+00, 0e+00, 0e+00, 0e+00, 0e+00, 0e+00, 0e+00, 0e+00, 0e+00, 0e+00, 0e+00, 0e+00, 0e+00, 0e+00]
coo[3].conPID.y=[0e+00, 0e+00, 0e+00, 0e+00, 0e+00, 0e+00, 0e+00, 0e+00, 0e+00, 0e+00, 0e+00, 0e+00, 0e+00, 0e+00, 0e+00, 0e+00, 0e+00, 0e+00, 0e+00, 0e+00, 0e+00, 0e+00, 0e+00, 0e+00, 0e+00, 0e+00, 0e+00, 0e+00, 0e+00, 0e+00, 0e+00, 0e+00, 0e+00, 0e+00, 0e+00, 0e+00, 0e+00, 0e+00, 0e+00, 0e+00, 0e+00, 0e+00, 0e+00, 0e+00, 0e+00, 0e+00, 0e+00, 0e+00, 0e+00, 0e+00, 0e+00, 0e+00, 0e+00, 0e+00, 0e+00, 0e+00, 0e+00, 0e+00, 0e+00, 0e+00, 0e+00, 0e+00, 0e+00, 0e+00, 0e+00, 0e+00, 0e+00, 0e+00, 0e+00, 0e+00, 0e+00, 0e+00, 0e+00, 0e+00, 0e+00, 0e+00, 0e+00, 0e+00, 0e+00, 0e+00, 0e+00, 0e+00, 0e+00, 0e+00, 0e+00, 0e+00, 0e+00, 0e+00, 0e+00, 0e+00, 0e+00, 0e+00, 0e+00, 0e+00, 0e+00, 0e+00, 0e+00, 0e+00, 0e+00, 0e+00, 0e+00]
coo[4].conPID.y=[0e+00, 0e+00, 0e+00, 0e+00, 0e+00, 0e+00, 0e+00, 0e+00, 0e+00, 0e+00, 0e+00, 0e+00, 0e+00, 0e+00, 0e+00, 0e+00, 0e+00, 0e+00, 0e+00, 0e+00, 0e+00, 0e+00, 0e+00, 0e+00, 0e+00, 0e+00, 0e+00, 0e+00, 0e+00, 0e+00, 0e+00, 0e+00, 0e+00, 0e+00, 0e+00, 0e+00, 0e+00, 0e+00, 0e+00, 0e+00, 0e+00, 0e+00, 0e+00, 0e+00, 0e+00, 0e+00, 0e+00, 0e+00, 0e+00, 0e+00, 0e+00, 0e+00, 0e+00, 0e+00, 0e+00, 0e+00, 0e+00, 0e+00, 0e+00, 0e+00, 0e+00, 0e+00, 0e+00, 0e+00, 0e+00, 0e+00, 0e+00, 0e+00, 0e+00, 0e+00, 0e+00, 0e+00, 0e+00, 0e+00, 0e+00, 0e+00, 0e+00, 0e+00, 0e+00, 0e+00, 0e+00, 0e+00, 0e+00, 0e+00, 0e+00, 0e+00, 0e+00, 0e+00, 0e+00, 0e+00, 0e+00, 0e+00, 0e+00, 0e+00, 0e+00, 0e+00, 0e+00, 0e+00, 0e+00, 0e+00, 0e+00]
coo[5].conPID.y=[0e+00, 0e+00, 0e+00, 0e+00, 0e+00, 0e+00, 0e+00, 0e+00, 0e+00, 0e+00, 0e+00, 0e+00, 0e+00, 0e+00, 0e+00, 0e+00, 0e+00, 0e+00, 0e+00, 0e+00, 0e+00, 0e+00, 0e+00, 0e+00, 0e+00, 0e+00, 0e+00, 0e+00, 0e+00, 0e+00, 0e+00, 0e+00, 0e+00, 0e+00, 0e+00, 0e+00, 0e+00, 0e+00, 0e+00, 0e+00, 0e+00, 0e+00, 0e+00, 0e+00, 0e+00, 0e+00, 0e+00, 0e+00, 0e+00, 0e+00, 0e+00, 0e+00, 0e+00, 0e+00, 0e+00, 0e+00, 0e+00, 0e+00, 0e+00, 0e+00, 0e+00, 0e+00, 0e+00, 0e+00, 0e+00, 0e+00, 0e+00, 0e+00, 0e+00, 0e+00, 0e+00, 0e+00, 0e+00, 0e+00, 0e+00, 0e+00, 0e+00, 0e+00, 0e+00, 0e+00, 0e+00, 0e+00, 0e+00, 0e+00, 0e+00, 0e+00, 0e+00, 0e+00, 0e+00, 0e+00, 0e+00, 0e+00, 0e+00, 0e+00, 0e+00, 0e+00, 0e+00, 0e+00, 0e+00, 0e+00, 0e+00]
