last-generated=2014-10-28
TBlaSky.TBlaSky=[249.15567016601562500000, 248.95481872558593750000, 248.86970520019531250000, 248.91445922851562500000, 249.10754394531250000000, 249.52354431152343750000, 250.18173217773437500000, 250.89892578125000000000, 251.42481994628906250000, 251.61936950683593750000, 251.80079650878906250000, 251.98562622070312500000, 252.15859985351562500000, 252.28828430175781250000, 252.29783630371093750000, 252.24580383300781250000, 252.21084594726562500000, 252.26980590820312500000, 252.43376159667968750000, 252.63552856445312500000, 252.80400085449218750000, 252.86999511718750000000, 252.87149047851562500000, 252.86189270019531250000, 252.85575866699218750000, 252.86764526367187500000, 252.89469909667968750000, 252.92399597167968750000, 252.95500183105468750000, 252.98716735839843750000, 252.85374450683593750000, 252.33660888671875000000, 251.61402893066406250000, 250.85668945312500000000, 249.82650756835937500000, 248.54638671875000000000, 247.42057800292968750000, 246.00959777832031250000, 246.17190551757812500000, 246.66816711425781250000, 247.21440124511718750000, 247.72953796386718750000, 248.14938354492187500000, 248.62086486816406250000, 249.15682983398437500000, 249.70477294921875000000, 250.21391296386718750000, 250.82618713378906250000, 251.85487365722656250000, 252.96910095214843750000, 254.03298950195312500000, 255.18431091308593750000, 256.36630249023437500000, 257.73742675781250000000, 259.12973022460937500000, 260.00738525390625000000, 260.80575561523437500000, 261.43548583984375000000, 261.80532836914062500000, 261.89230346679687500000, 261.87542724609375000000, 261.85415649414062500000, 261.91543579101562500000, 262.16989135742187500000, 262.73013305664062500000, 263.42166137695312500000, 263.97647094726562500000, 264.11123657226562500000, 264.11123657226562500000, 264.11123657226562500000, 264.11123657226562500000, 264.10937500000000000000, 264.03118896484375000000, 263.87469482421875000000, 263.69036865234375000000, 263.52874755859375000000, 263.39868164062500000000, 263.27624511718750000000, 263.16275024414062500000, 263.05947875976562500000, 263.10775756835937500000, 263.44876098632812500000, 263.88000488281250000000, 264.19226074218750000000, 264.23083496093750000000, 264.10769653320312500000, 263.93283081054687500000, 263.80844116210937500000, 263.83212280273437500000, 264.00036621093750000000, 264.21261596679687500000, 264.36431884765625000000, 264.24874877929687500000, 262.84020996093750000000, 260.96066284179687500000, 259.50982666015625000000, 258.69335937500000000000, 258.17492675781250000000, 257.74368286132812500000, 257.35086059570312500000, 256.96542358398437500000]
time=[0.00000000000000000000, 86400.00000000000000000000]
