last-generated=2022-08-05
statistics-initialization=
{
  "nonlinear": "8",
  "numerical Jacobians": "0"
}
statistics-simulation=
{
  "linear": " ",
  "nonlinear": " ",
  "numerical Jacobians": "0"
}
time=[0e+00, 1e+00]
err_V2[1]=[-4.831030070781708e-01, -4.831030070781708e-01]
err_V2[2]=[-7.232179045677185e-01, -7.232179045677185e-01]
err_V2[3]=[-9.175733923912048e-01, -9.175733923912048e-01]
err_V3[1]=[2.785569429397583e-01, 2.785569429397583e-01]
err_V3[2]=[7.865637540817261e-02, 7.865637540817261e-02]
err_V3[3]=[3.416627272963524e-02, 3.416627272963524e-02]
err_V4[1]=[3.841922879219055e-01, 3.841922879219055e-01]
err_V4[2]=[2.51322865486145e-01, 2.51322865486145e-01]
err_V4[3]=[-3.924734890460968e-01, -3.924734890460968e-01]
err_Theta2[1]=[-1.330398372374475e-04, -1.330398372374475e-04]
err_Theta2[2]=[-3.069482045248151e-04, -3.069482045248151e-04]
err_Theta2[3]=[5.189664661884308e-04, 5.189664661884308e-04]
err_Theta3[1]=[-4.30234067607671e-04, -4.30234067607671e-04]
err_Theta3[2]=[-4.570888413581997e-04, -4.570888413581997e-04]
err_Theta3[3]=[-1.647353565203957e-05, -1.647353565203957e-05]
err_Theta4[1]=[6.66471547447145e-04, 6.66471547447145e-04]
err_Theta4[2]=[3.955995198339224e-04, 3.955995198339224e-04]
err_Theta4[3]=[-3.141252091154456e-04, -3.141252091154456e-04]
