last-generated=2026-10-10
statistics-initialization=
{
  "linear": "0, 0, 0, 0, 0, 0, 0, 0",
  "nonlinear": "0, 0, 0, 0, 0, 1, 0, 0, 0, 0, 0, 0, 0, 0, 0, 0, 0, 0, 0, 0, 0, 0, 0, 0, 0, 1, 1,   1, 2, 1, 1, 5, 1",
  "numerical Jacobians": "0"
}
statistics-simulation=
{
  "linear": "0, 0, 0, 0, 0, 0, 0, 0, 0, 0, 0, 4, 0",
  "nonlinear": "0, 2, 0, 5, 0, 0, 0, 0, 1, 0, 0, 1, 1, 1",
  "number of continuous time states": "78",
  "numerical Jacobians": "0"
}
time=[1.6848e+07, 1.728e+07]
flo.sou.TAir=[2.931499938964844e+02, 2.973399658203125e+02, 2.974220275878906e+02, 2.974153137207031e+02, 2.973896484375e+02, 2.978293762207031e+02, 2.970318603515625e+02, 2.970874328613281e+02, 2.972080688476562e+02, 2.971876220703125e+02, 2.972738647460938e+02, 2.972030639648438e+02, 2.971148376464844e+02, 2.971572875976562e+02, 2.972159729003906e+02, 2.970626220703125e+02, 2.983048095703125e+02, 2.98261474609375e+02, 2.9839697265625e+02, 2.9853515625e+02, 2.986226501464844e+02, 2.985368957519531e+02, 2.985152893066406e+02, 2.9849609375e+02, 2.984881286621094e+02, 2.987689514160156e+02, 2.972247619628906e+02, 2.973591918945312e+02, 2.97140869140625e+02, 2.971530456542969e+02, 2.971515502929688e+02, 2.971463012695312e+02, 2.971253967285156e+02, 2.970188598632812e+02, 2.974396057128906e+02, 2.970724792480469e+02, 2.986648864746094e+02, 2.989437866210938e+02, 2.990653381347656e+02, 2.990841369628906e+02, 2.992130432128906e+02, 2.99216552734375e+02, 2.991886901855469e+02, 2.99157470703125e+02, 2.991750793457031e+02, 2.994031677246094e+02, 2.985471801757812e+02, 2.971355285644531e+02, 2.970439147949219e+02, 2.970423583984375e+02, 2.969407958984375e+02, 2.971412658691406e+02, 2.971399230957031e+02, 2.971443786621094e+02, 2.9737548828125e+02, 2.96563232421875e+02, 2.99342529296875e+02, 2.997054443359375e+02, 2.998009338378906e+02, 2.997491455078125e+02, 2.997312927246094e+02, 2.996775207519531e+02, 2.996296081542969e+02, 2.996081237792969e+02, 2.995589294433594e+02, 2.998269653320312e+02, 2.985983276367188e+02, 2.971114501953125e+02, 2.971284790039062e+02, 2.972837829589844e+02, 2.971891174316406e+02, 2.972675476074219e+02, 2.971961364746094e+02, 2.971668090820312e+02, 2.976837768554688e+02, 2.967482299804688e+02, 2.994522705078125e+02, 2.997733154296875e+02, 2.998541259765625e+02, 2.998503723144531e+02, 2.998165588378906e+02, 2.997907409667969e+02, 2.997066650390625e+02, 2.996580200195312e+02, 2.996613159179688e+02, 2.998360290527344e+02, 2.985563659667969e+02, 2.970473022460938e+02, 2.970428161621094e+02, 2.972805786132812e+02, 2.972410583496094e+02, 2.97268310546875e+02, 2.972224731445312e+02, 2.972364196777344e+02, 2.976138610839844e+02, 2.974498291015625e+02, 2.991247863769531e+02, 2.99583251953125e+02, 2.9968115234375e+02, 2.996898498535156e+02, 2.996755065917969e+02]
flo.eas.TAir=[2.931499938964844e+02, 2.973565979003906e+02, 2.973162536621094e+02, 2.972899169921875e+02, 2.976182861328125e+02, 2.984952392578125e+02, 2.974592590332031e+02, 2.972460021972656e+02, 2.971394348144531e+02, 2.971209716796875e+02, 2.971845397949219e+02, 2.9718310546875e+02, 2.971476135253906e+02, 2.971441345214844e+02, 2.971840209960938e+02, 2.970805969238281e+02, 2.982945556640625e+02, 2.98365478515625e+02, 2.985664978027344e+02, 2.986723022460938e+02, 2.987510375976562e+02, 2.986871948242188e+02, 2.986554870605469e+02, 2.986488647460938e+02, 2.987640075683594e+02, 2.9951025390625e+02, 2.979578857421875e+02, 2.977130432128906e+02, 2.972384643554688e+02, 2.971144409179688e+02, 2.971422119140625e+02, 2.971542358398438e+02, 2.971483459472656e+02, 2.970300903320312e+02, 2.974883117675781e+02, 2.970179748535156e+02, 2.987349243164062e+02, 2.990150146484375e+02, 2.991603088378906e+02, 2.99231689453125e+02, 2.993858337402344e+02, 2.994054870605469e+02, 2.993975219726562e+02, 2.993703308105469e+02, 2.994442138671875e+02, 2.998561706542969e+02, 2.986590881347656e+02, 2.968798828125e+02, 2.969360961914062e+02, 2.971589965820312e+02, 2.97200439453125e+02, 2.971808166503906e+02, 2.971669921875e+02, 2.971332397460938e+02, 2.9707470703125e+02, 2.963207092285156e+02, 2.995263671875e+02, 2.997850646972656e+02, 2.999140625e+02, 2.999031677246094e+02, 2.998885192871094e+02, 2.998603210449219e+02, 2.998187866210938e+02, 2.997722473144531e+02, 2.998169555664062e+02, 3.002809448242188e+02, 2.985828857421875e+02, 2.970923767089844e+02, 2.971183776855469e+02, 2.971088256835938e+02, 2.970606384277344e+02, 2.971584167480469e+02, 2.971486206054688e+02, 2.971536254882812e+02, 2.974966125488281e+02, 2.964242858886719e+02, 2.995727844238281e+02, 2.998467407226562e+02, 2.999801940917969e+02, 2.999938049316406e+02, 2.999706420898438e+02, 2.999461364746094e+02, 2.998866577148438e+02, 2.998329162597656e+02, 2.998931579589844e+02, 3.0039404296875e+02, 2.985368347167969e+02, 2.970528259277344e+02, 2.968557739257812e+02, 2.970811157226562e+02, 2.971131591796875e+02, 2.971549987792969e+02, 2.971627807617188e+02, 2.97150146484375e+02, 2.974501953125e+02, 2.970289611816406e+02, 2.992888793945312e+02, 2.996979064941406e+02, 2.998159790039062e+02, 2.998253784179688e+02, 2.998107299804688e+02]
flo.nor.TAir=[2.931499938964844e+02, 2.973004760742188e+02, 2.9728564453125e+02, 2.97394775390625e+02, 2.974892578125e+02, 2.980609436035156e+02, 2.970278015136719e+02, 2.970310363769531e+02, 2.97159423828125e+02, 2.971633605957031e+02, 2.970839538574219e+02, 2.971060180664062e+02, 2.97138671875e+02, 2.97154052734375e+02, 2.970126953125e+02, 2.968403625488281e+02, 2.980327758789062e+02, 2.982381591796875e+02, 2.983665161132812e+02, 2.984733276367188e+02, 2.985595397949219e+02, 2.984905395507812e+02, 2.984594421386719e+02, 2.984734497070312e+02, 2.98548583984375e+02, 2.989328308105469e+02, 2.972252197265625e+02, 2.973212585449219e+02, 2.971211547851562e+02, 2.970855407714844e+02, 2.971029357910156e+02, 2.971472473144531e+02, 2.971557922363281e+02, 2.970128784179688e+02, 2.97362060546875e+02, 2.970970153808594e+02, 2.985106201171875e+02, 2.98772705078125e+02, 2.989148559570312e+02, 2.989964904785156e+02, 2.991603088378906e+02, 2.991943969726562e+02, 2.991942443847656e+02, 2.9917431640625e+02, 2.992283020019531e+02, 2.995019226074219e+02, 2.985550537109375e+02, 2.968890380859375e+02, 2.970207824707031e+02, 2.9701123046875e+02, 2.969949951171875e+02, 2.971088256835938e+02, 2.971984558105469e+02, 2.972600402832031e+02, 2.974014282226562e+02, 2.966831970214844e+02, 2.992094421386719e+02, 2.995894165039062e+02, 2.997112426757812e+02, 2.997047729492188e+02, 2.99697509765625e+02, 2.996813049316406e+02, 2.996448669433594e+02, 2.996018371582031e+02, 2.996257629394531e+02, 2.998953857421875e+02, 2.986036987304688e+02, 2.970268859863281e+02, 2.972547607421875e+02, 2.972383117675781e+02, 2.971733703613281e+02, 2.971991882324219e+02, 2.972337646484375e+02, 2.972822265625e+02, 2.97671630859375e+02, 2.969855041503906e+02, 2.992459411621094e+02, 2.996534423828125e+02, 2.997770385742188e+02, 2.997904663085938e+02, 2.997813415527344e+02, 2.997602844238281e+02, 2.997080383300781e+02, 2.9966162109375e+02, 2.996952514648438e+02, 2.999840698242188e+02, 2.98540771484375e+02, 2.969889831542969e+02, 2.971839294433594e+02, 2.973051147460938e+02, 2.972113647460938e+02, 2.972411804199219e+02, 2.972871398925781e+02, 2.973629150390625e+02, 2.976100158691406e+02, 2.975111694335938e+02, 2.990650634765625e+02, 2.994874877929688e+02, 2.996364440917969e+02, 2.995988159179688e+02, 2.995881958007812e+02]
flo.wes.TAir=[2.931499938964844e+02, 2.974428405761719e+02, 2.975328979492188e+02, 2.975447998046875e+02, 2.975643920898438e+02, 2.980069885253906e+02, 2.971152648925781e+02, 2.971355285644531e+02, 2.971583557128906e+02, 2.971574401855469e+02, 2.971831970214844e+02, 2.97224609375e+02, 2.971995544433594e+02, 2.971233215332031e+02, 2.971865844726562e+02, 2.970691223144531e+02, 2.983583068847656e+02, 2.984317932128906e+02, 2.985610961914062e+02, 2.986528930664062e+02, 2.987381286621094e+02, 2.986589050292969e+02, 2.986405639648438e+02, 2.985928649902344e+02, 2.985869750976562e+02, 2.988541259765625e+02, 2.972516174316406e+02, 2.974601745605469e+02, 2.970296020507812e+02, 2.970398559570312e+02, 2.971256103515625e+02, 2.972060546875e+02, 2.9721142578125e+02, 2.969342956542969e+02, 2.976110229492188e+02, 2.970847473144531e+02, 2.990817260742188e+02, 2.991080017089844e+02, 2.992880859375e+02, 2.993517150878906e+02, 2.994689636230469e+02, 2.994801025390625e+02, 2.994629821777344e+02, 2.994153747558594e+02, 2.994307861328125e+02, 2.996494140625e+02, 2.985461120605469e+02, 2.972992553710938e+02, 2.972075805664062e+02, 2.971908264160156e+02, 2.972076416015625e+02, 2.972294921875e+02, 2.972326965332031e+02, 2.971343078613281e+02, 2.971673278808594e+02, 2.96146728515625e+02, 2.998012084960938e+02, 2.998963012695312e+02, 3.000023803710938e+02, 2.999613647460938e+02, 2.999397888183594e+02, 2.99892578125e+02, 2.99836669921875e+02, 2.997642211914062e+02, 2.997271118164062e+02, 2.999649963378906e+02, 2.9855615234375e+02, 2.972250671386719e+02, 2.970497436523438e+02, 2.971516723632812e+02, 2.970732727050781e+02, 2.972335205078125e+02, 2.972260437011719e+02, 2.971795654296875e+02, 2.978267517089844e+02, 2.965386657714844e+02, 2.998677368164062e+02, 2.999931945800781e+02, 3.001000366210938e+02, 3.000890197753906e+02, 3.0004931640625e+02, 3.000107116699219e+02, 2.999359436035156e+02, 2.998663330078125e+02, 2.9981103515625e+02, 3.000212097167969e+02, 2.985344848632812e+02, 2.972015991210938e+02, 2.971139526367188e+02, 2.971307983398438e+02, 2.971163024902344e+02, 2.9720751953125e+02, 2.972410888671875e+02, 2.971751708984375e+02, 2.975431213378906e+02, 2.969945373535156e+02, 2.994806213378906e+02, 2.997530212402344e+02, 2.998450622558594e+02, 2.998170471191406e+02, 2.998193054199219e+02]
flo.cor.TAir=[2.931499938964844e+02, 2.97200927734375e+02, 2.972945251464844e+02, 2.973352966308594e+02, 2.973798828125e+02, 2.979116516113281e+02, 2.969070434570312e+02, 2.968185119628906e+02, 2.968753662109375e+02, 2.968795166015625e+02, 2.968071899414062e+02, 2.967856750488281e+02, 2.967738647460938e+02, 2.967906494140625e+02, 2.967431640625e+02, 2.966221008300781e+02, 2.9792333984375e+02, 2.980846252441406e+02, 2.982316284179688e+02, 2.983412170410156e+02, 2.984284362792969e+02, 2.984005126953125e+02, 2.983909912109375e+02, 2.983868103027344e+02, 2.98412109375e+02, 2.987713012695312e+02, 2.970949401855469e+02, 2.971314392089844e+02, 2.968591613769531e+02, 2.967640991210938e+02, 2.967677307128906e+02, 2.967821044921875e+02, 2.967835083007812e+02, 2.966341552734375e+02, 2.970767211914062e+02, 2.967741394042969e+02, 2.983747863769531e+02, 2.986260986328125e+02, 2.987858581542969e+02, 2.988636779785156e+02, 2.990311279296875e+02, 2.990725708007812e+02, 2.990834350585938e+02, 2.990747680664062e+02, 2.991139831542969e+02, 2.993433227539062e+02, 2.984173583984375e+02, 2.969595642089844e+02, 2.970169372558594e+02, 2.970597229003906e+02, 2.970462951660156e+02, 2.971196899414062e+02, 2.971636352539062e+02, 2.971517944335938e+02, 2.972789611816406e+02, 2.965738220214844e+02, 2.991088562011719e+02, 2.994502868652344e+02, 2.9958056640625e+02, 2.995770263671875e+02, 2.99572265625e+02, 2.995576782226562e+02, 2.995298461914062e+02, 2.994975280761719e+02, 2.9949853515625e+02, 2.99735595703125e+02, 2.984945678710938e+02, 2.970404663085938e+02, 2.971834106445312e+02, 2.972188110351562e+02, 2.971548461914062e+02, 2.97179443359375e+02, 2.971591186523438e+02, 2.97177978515625e+02, 2.975542602539062e+02, 2.96845703125e+02, 2.991720275878906e+02, 2.9952294921875e+02, 2.996508483886719e+02, 2.996685180664062e+02, 2.996578979492188e+02, 2.996484069824219e+02, 2.996056518554688e+02, 2.995666198730469e+02, 2.995722961425781e+02, 2.998160095214844e+02, 2.984581298828125e+02, 2.970208435058594e+02, 2.97074951171875e+02, 2.972037353515625e+02, 2.971830139160156e+02, 2.971661682128906e+02, 2.971610412597656e+02, 2.971952209472656e+02, 2.974610900878906e+02, 2.9734423828125e+02, 2.9890283203125e+02, 2.993751831054688e+02, 2.9949609375e+02, 2.995079956054688e+02, 2.995056457519531e+02]
hvac.TSetRoo.setPoiHea.y=[2.851499938964844e+02, 2.851499938964844e+02, 2.851499938964844e+02, 2.851499938964844e+02, 2.851499938964844e+02, 2.851499938964844e+02, 2.931499938964844e+02, 2.931499938964844e+02, 2.931499938964844e+02, 2.931499938964844e+02, 2.931499938964844e+02, 2.931499938964844e+02, 2.931499938964844e+02, 2.931499938964844e+02, 2.931499938964844e+02, 2.931499938964844e+02, 2.851499938964844e+02, 2.851499938964844e+02, 2.851499938964844e+02, 2.851499938964844e+02, 2.851499938964844e+02, 2.851499938964844e+02, 2.851499938964844e+02, 2.851499938964844e+02, 2.851499938964844e+02, 2.851499938964844e+02, 2.931499938964844e+02, 2.931499938964844e+02, 2.931499938964844e+02, 2.931499938964844e+02, 2.931499938964844e+02, 2.931499938964844e+02, 2.931499938964844e+02, 2.931499938964844e+02, 2.931499938964844e+02, 2.931499938964844e+02, 2.851499938964844e+02, 2.851499938964844e+02, 2.851499938964844e+02, 2.851499938964844e+02, 2.851499938964844e+02, 2.851499938964844e+02, 2.851499938964844e+02, 2.851499938964844e+02, 2.851499938964844e+02, 2.851499938964844e+02, 2.931499938964844e+02, 2.931499938964844e+02, 2.931499938964844e+02, 2.931499938964844e+02, 2.931499938964844e+02, 2.931499938964844e+02, 2.931499938964844e+02, 2.931499938964844e+02, 2.931499938964844e+02, 2.931499938964844e+02, 2.851499938964844e+02, 2.851499938964844e+02, 2.851499938964844e+02, 2.851499938964844e+02, 2.851499938964844e+02, 2.851499938964844e+02, 2.851499938964844e+02, 2.851499938964844e+02, 2.851499938964844e+02, 2.851499938964844e+02, 2.931499938964844e+02, 2.931499938964844e+02, 2.931499938964844e+02, 2.931499938964844e+02, 2.931499938964844e+02, 2.931499938964844e+02, 2.931499938964844e+02, 2.931499938964844e+02, 2.931499938964844e+02, 2.931499938964844e+02, 2.851499938964844e+02, 2.851499938964844e+02, 2.851499938964844e+02, 2.851499938964844e+02, 2.851499938964844e+02, 2.851499938964844e+02, 2.851499938964844e+02, 2.851499938964844e+02, 2.851499938964844e+02, 2.851499938964844e+02, 2.931499938964844e+02, 2.931499938964844e+02, 2.931499938964844e+02, 2.931499938964844e+02, 2.931499938964844e+02, 2.931499938964844e+02, 2.931499938964844e+02, 2.931499938964844e+02, 2.931499938964844e+02, 2.931499938964844e+02, 2.851499938964844e+02, 2.851499938964844e+02, 2.851499938964844e+02, 2.851499938964844e+02, 2.851499938964844e+02]
hvac.TSetRoo.setPoiCoo.y=[3.031499938964844e+02, 3.031499938964844e+02, 3.031499938964844e+02, 3.031499938964844e+02, 3.031499938964844e+02, 3.031499938964844e+02, 2.971499938964844e+02, 2.971499938964844e+02, 2.971499938964844e+02, 2.971499938964844e+02, 2.971499938964844e+02, 2.971499938964844e+02, 2.971499938964844e+02, 2.971499938964844e+02, 2.971499938964844e+02, 2.971499938964844e+02, 3.031499938964844e+02, 3.031499938964844e+02, 3.031499938964844e+02, 3.031499938964844e+02, 3.031499938964844e+02, 3.031499938964844e+02, 3.031499938964844e+02, 3.031499938964844e+02, 3.031499938964844e+02, 3.031499938964844e+02, 2.971499938964844e+02, 2.971499938964844e+02, 2.971499938964844e+02, 2.971499938964844e+02, 2.971499938964844e+02, 2.971499938964844e+02, 2.971499938964844e+02, 2.971499938964844e+02, 2.971499938964844e+02, 2.971499938964844e+02, 3.031499938964844e+02, 3.031499938964844e+02, 3.031499938964844e+02, 3.031499938964844e+02, 3.031499938964844e+02, 3.031499938964844e+02, 3.031499938964844e+02, 3.031499938964844e+02, 3.031499938964844e+02, 3.031499938964844e+02, 2.971499938964844e+02, 2.971499938964844e+02, 2.971499938964844e+02, 2.971499938964844e+02, 2.971499938964844e+02, 2.971499938964844e+02, 2.971499938964844e+02, 2.971499938964844e+02, 2.971499938964844e+02, 2.971499938964844e+02, 3.031499938964844e+02, 3.031499938964844e+02, 3.031499938964844e+02, 3.031499938964844e+02, 3.031499938964844e+02, 3.031499938964844e+02, 3.031499938964844e+02, 3.031499938964844e+02, 3.031499938964844e+02, 3.031499938964844e+02, 2.971499938964844e+02, 2.971499938964844e+02, 2.971499938964844e+02, 2.971499938964844e+02, 2.971499938964844e+02, 2.971499938964844e+02, 2.971499938964844e+02, 2.971499938964844e+02, 2.971499938964844e+02, 2.971499938964844e+02, 3.031499938964844e+02, 3.031499938964844e+02, 3.031499938964844e+02, 3.031499938964844e+02, 3.031499938964844e+02, 3.031499938964844e+02, 3.031499938964844e+02, 3.031499938964844e+02, 3.031499938964844e+02, 3.031499938964844e+02, 2.971499938964844e+02, 2.971499938964844e+02, 2.971499938964844e+02, 2.971499938964844e+02, 2.971499938964844e+02, 2.971499938964844e+02, 2.971499938964844e+02, 2.971499938964844e+02, 2.971499938964844e+02, 2.971499938964844e+02, 3.031499938964844e+02, 3.031499938964844e+02, 3.031499938964844e+02, 3.031499938964844e+02, 3.031499938964844e+02]
hvac.fanSup.y=[0e+00, 0e+00, 0e+00, 0e+00, 0e+00, 0e+00, 3.156818151473999e-01, 3.532105684280396e-01, 3.788914382457733e-01, 3.932707011699677e-01, 3.613853752613068e-01, 3.688909113407135e-01, 4.09476637840271e-01, 4.269943237304688e-01, 3.748396039009094e-01, 3.450829088687897e-01, 0e+00, 0e+00, 0e+00, 0e+00, 0e+00, 0e+00, 0e+00, 0e+00, 0e+00, 0e+00, 3.155701756477356e-01, 3.659364581108093e-01, 4.113605618476868e-01, 3.828563094139099e-01, 3.902314901351929e-01, 3.966972529888153e-01, 4.206389188766479e-01, 4.903611242771149e-01, 3.847120106220245e-01, 4.205372631549835e-01, 0e+00, 0e+00, 0e+00, 0e+00, 0e+00, 0e+00, 0e+00, 0e+00, 0e+00, 0e+00, 4.894215166568756e-01, 1e+00, 9.712660908699036e-01, 9.360018372535706e-01, 8.754768371582031e-01, 9.449179172515869e-01, 9.667201638221741e-01, 1e+00, 7.04369843006134e-01, 7.691811919212341e-01, 0e+00, 0e+00, 0e+00, 0e+00, 0e+00, 0e+00, 0e+00, 0e+00, 0e+00, 0e+00, 5.868886709213257e-01, 1e+00, 9.504300951957703e-01, 8.952431082725525e-01, 8.681031465530396e-01, 9.27427351474762e-01, 9.89079475402832e-01, 1e+00, 5.876474976539612e-01, 7.24830687046051e-01, 0e+00, 0e+00, 0e+00, 0e+00, 0e+00, 0e+00, 0e+00, 0e+00, 0e+00, 0e+00, 6.21742844581604e-01, 1e+00, 1e+00, 9.37383234500885e-01, 8.637470602989197e-01, 9.420027136802673e-01, 9.838778376579285e-01, 1e+00, 5.798749327659607e-01, 5.042400360107422e-01, 0e+00, 0e+00, 0e+00, 0e+00, 0e+00]
hvac.VAVBox[5].vav.y_actual=[1e+00, 1e+00, 1e+00, 1e+00, 1e+00, 1e+00, 6.292634606361389e-01, 6.981964111328125e-01, 7.083401679992676e-01, 7.10282027721405e-01, 7.064617276191711e-01, 7.081327438354492e-01, 7.167412042617798e-01, 7.214970588684082e-01, 7.121188044548035e-01, 7.051147818565369e-01, 9.748216867446899e-01, 1e+00, 1e+00, 1e+00, 1e+00, 1e+00, 1e+00, 1e+00, 1e+00, 1e+00, 5.729435086250305e-01, 6.447093486785889e-01, 6.779376864433289e-01, 7.019020318984985e-01, 7.088013291358948e-01, 7.106044888496399e-01, 7.154589891433716e-01, 6.811351776123047e-01, 6.632121205329895e-01, 6.979537010192871e-01, 9.804566502571106e-01, 1e+00, 1e+00, 1e+00, 1e+00, 1e+00, 1e+00, 1e+00, 1e+00, 1e+00, 6.364899873733521e-01, 7.960120439529419e-01, 8.319928050041199e-01, 7.988729476928711e-01, 7.187303304672241e-01, 7.801050543785095e-01, 8.031015396118164e-01, 8.528612852096558e-01, 8.101630210876465e-01, 8.085139989852905e-01, 1e+00, 1e+00, 1e+00, 1e+00, 1e+00, 1e+00, 1e+00, 1e+00, 1e+00, 1e+00, 6.202418804168701e-01, 9.166662693023682e-01, 9.243797063827515e-01, 8.460859656333923e-01, 7.866812944412231e-01, 8.168076276779175e-01, 8.519983291625977e-01, 8.828109502792358e-01, 7.470261454582214e-01, 8.376514315605164e-01, 1e+00, 1e+00, 1e+00, 1e+00, 1e+00, 1e+00, 1e+00, 1e+00, 1e+00, 1e+00, 6.022740006446838e-01, 9.145564436912537e-01, 9.614585638046265e-01, 8.674633502960205e-01, 8.007508516311646e-01, 8.287179470062256e-01, 8.495978116989136e-01, 9.053998589515686e-01, 7.527902126312256e-01, 8.197076916694641e-01, 1e+00, 1e+00, 1e+00, 1e+00, 1e+00]
hvac.VAVBox[1].vav.y_actual=[1e+00, 9.381400346755981e-01, 1e+00, 1e+00, 1e+00, 1e+00, 5.115847587585449e-01, 5.643599033355713e-01, 6.025944352149963e-01, 6.970981359481812e-01, 6.555719375610352e-01, 6.885142922401428e-01, 8.250108361244202e-01, 7.826476693153381e-01, 7.072892785072327e-01, 6.11562967300415e-01, 7.465423345565796e-01, 1e+00, 1e+00, 1e+00, 1e+00, 1e+00, 1e+00, 1e+00, 1e+00, 1e+00, 4.792525768280029e-01, 5.545192956924438e-01, 6.305860877037048e-01, 6.527147889137268e-01, 6.991804838180542e-01, 7.177048325538635e-01, 6.978325843811035e-01, 6.095015406608582e-01, 5.859811902046204e-01, 6.376197338104248e-01, 7.564315795898438e-01, 1e+00, 1e+00, 1e+00, 1e+00, 1e+00, 1e+00, 1e+00, 1e+00, 1e+00, 6.050938963890076e-01, 6.924147009849548e-01, 8.037158846855164e-01, 8.73060405254364e-01, 8.869239091873169e-01, 8.960327506065369e-01, 9.033071398735046e-01, 9.059748649597168e-01, 9.028103351593018e-01, 9.264232516288757e-01, 1e+00, 1e+00, 1e+00, 1e+00, 1e+00, 1e+00, 1e+00, 1e+00, 1e+00, 1e+00, 5.993084907531738e-01, 7.698394060134888e-01, 9.155199527740479e-01, 8.881340622901917e-01, 9.455188512802124e-01, 8.925067186355591e-01, 8.988190889358521e-01, 9.182098507881165e-01, 7.981733679771423e-01, 9.776694178581238e-01, 1e+00, 1e+00, 1e+00, 1e+00, 1e+00, 1e+00, 1e+00, 1e+00, 1e+00, 1e+00, 5.872209668159485e-01, 7.739278078079224e-01, 9.410344958305359e-01, 8.967286348342896e-01, 9.199302792549133e-01, 8.864409923553467e-01, 9.00013267993927e-01, 9.158401489257812e-01, 8.140696883201599e-01, 8.665556311607361e-01, 8.863474726676941e-01, 1e+00, 1e+00, 1e+00, 1e+00]
hvac.VAVBox[2].vav.y_actual=[1e+00, 6.269826889038086e-01, 1e+00, 1e+00, 1e+00, 1e+00, 5.569550395011902e-01, 6.298205852508545e-01, 7.332019209861755e-01, 6.451760530471802e-01, 5.631493926048279e-01, 5.661313533782959e-01, 5.874634981155396e-01, 5.866862535476685e-01, 5.127462148666382e-01, 4.841811060905457e-01, 5.952332019805908e-01, 1e+00, 1e+00, 1e+00, 1e+00, 1e+00, 1e+00, 1e+00, 1e+00, 1e+00, 5.926088094711304e-01, 8.127392530441284e-01, 8.831987977027893e-01, 6.524296998977661e-01, 6.160587072372437e-01, 6.213837862014771e-01, 6.313624978065491e-01, 5.686466097831726e-01, 5.385404229164124e-01, 5.973209142684937e-01, 6.445943713188171e-01, 1e+00, 1e+00, 1e+00, 1e+00, 1e+00, 1e+00, 1e+00, 1e+00, 1e+00, 6.907579898834229e-01, 8.397202491760254e-01, 8.363261818885803e-01, 6.78583025932312e-01, 6.400761008262634e-01, 6.631710529327393e-01, 6.826171875e-01, 6.924698352813721e-01, 7.673746347427368e-01, 7.503369450569153e-01, 8.862826824188232e-01, 1e+00, 1e+00, 1e+00, 1e+00, 1e+00, 1e+00, 1e+00, 1e+00, 1e+00, 6.994265913963318e-01, 9.547908902168274e-01, 9.454874992370605e-01, 7.296491265296936e-01, 6.959021687507629e-01, 6.828047633171082e-01, 6.910687685012817e-01, 6.966360807418823e-01, 7.072809934616089e-01, 8.016397356987e-01, 9.01703417301178e-01, 1e+00, 1e+00, 1e+00, 1e+00, 1e+00, 1e+00, 1e+00, 1e+00, 1e+00, 6.78554356098175e-01, 7.666629552841187e-01, 8.36816132068634e-01, 7.293896079063416e-01, 6.987152695655823e-01, 6.824325323104858e-01, 6.880949139595032e-01, 7.011338472366333e-01, 7.037238478660583e-01, 8.162313103675842e-01, 7.691349387168884e-01, 1e+00, 1e+00, 1e+00, 1e+00]
hvac.VAVBox[3].vav.y_actual=[1e+00, 1e+00, 1e+00, 1e+00, 1e+00, 1e+00, 5.480074882507324e-01, 5.992035865783691e-01, 6.061877608299255e-01, 6.442367434501648e-01, 6.076745390892029e-01, 6.057281494140625e-01, 6.114264726638794e-01, 6.17139458656311e-01, 6.081376075744629e-01, 6.034637689590454e-01, 8.024603128433228e-01, 1e+00, 1e+00, 1e+00, 1e+00, 1e+00, 1e+00, 1e+00, 1e+00, 1e+00, 5.078235268592834e-01, 5.780762434005737e-01, 6.315238475799561e-01, 6.04529082775116e-01, 6.062512397766113e-01, 6.072837114334106e-01, 6.272228360176086e-01, 5.956822037696838e-01, 5.943771004676819e-01, 6.668264865875244e-01, 8.181064128875732e-01, 1e+00, 1e+00, 1e+00, 1e+00, 1e+00, 1e+00, 1e+00, 1e+00, 1e+00, 6.294977068901062e-01, 8.155360221862793e-01, 8.791106939315796e-01, 8.817224502563477e-01, 8.129467964172363e-01, 8.671132326126099e-01, 8.978736996650696e-01, 9.060986638069153e-01, 9.34203565120697e-01, 9.750393629074097e-01, 1e+00, 1e+00, 1e+00, 1e+00, 1e+00, 1e+00, 1e+00, 1e+00, 1e+00, 1e+00, 6.307688355445862e-01, 9.110838174819946e-01, 9.343162775039673e-01, 8.984179496765137e-01, 8.595139980316162e-01, 8.734130263328552e-01, 8.972725868225098e-01, 9.195892214775085e-01, 8.213544487953186e-01, 9.914820194244385e-01, 1e+00, 1e+00, 1e+00, 1e+00, 1e+00, 1e+00, 1e+00, 1e+00, 1e+00, 1e+00, 6.235081553459167e-01, 9.089398980140686e-01, 9.671373963356018e-01, 9.178684949874878e-01, 9.240314960479736e-01, 8.868246674537659e-01, 9.000452756881714e-01, 9.158429503440857e-01, 8.528879880905151e-01, 8.811321258544922e-01, 9.346421957015991e-01, 1e+00, 1e+00, 1e+00, 1e+00]
hvac.VAVBox[4].vav.y_actual=[1e+00, 5.698956251144409e-01, 1e+00, 1e+00, 1e+00, 1e+00, 4.111931025981903e-01, 4.542732238769531e-01, 4.978994429111481e-01, 5.249541401863098e-01, 4.764238893985748e-01, 4.90895688533783e-01, 6.320955753326416e-01, 7.811509370803833e-01, 5.502673983573914e-01, 4.726483821868896e-01, 5.669213533401489e-01, 1e+00, 1e+00, 1e+00, 1e+00, 1e+00, 1e+00, 1e+00, 1e+00, 1e+00, 3.959881365299225e-01, 4.927696287631989e-01, 6.083450317382812e-01, 5.436838865280151e-01, 5.70395290851593e-01, 5.872586965560913e-01, 7.378527522087097e-01, 9.033254384994507e-01, 8.046360015869141e-01, 8.535592555999756e-01, 7.067427635192871e-01, 1e+00, 1e+00, 1e+00, 1e+00, 1e+00, 1e+00, 1e+00, 1e+00, 1e+00, 5.312936305999756e-01, 5.40250837802887e-01, 5.932440161705017e-01, 5.993714928627014e-01, 5.837331414222717e-01, 6.140450239181519e-01, 7.070492506027222e-01, 8.018711805343628e-01, 1e+00, 1e+00, 9.113258123397827e-01, 1e+00, 1e+00, 1e+00, 1e+00, 1e+00, 1e+00, 1e+00, 1e+00, 1e+00, 5.157890319824219e-01, 5.855842232704163e-01, 6.477510929107666e-01, 6.295491456985474e-01, 6.241721510887146e-01, 6.256471872329712e-01, 7.283310890197754e-01, 8.539441823959351e-01, 9.073317050933838e-01, 1e+00, 9.349890947341919e-01, 1e+00, 1e+00, 1e+00, 1e+00, 1e+00, 1e+00, 1e+00, 1e+00, 1e+00, 5.040550231933594e-01, 5.878521203994751e-01, 6.377941966056824e-01, 6.490318775177002e-01, 6.399811506271362e-01, 6.341742873191833e-01, 7.142390012741089e-01, 7.997851371765137e-01, 8.492439985275269e-01, 8.859846591949463e-01, 7.656940817832947e-01, 1e+00, 1e+00, 1e+00, 1e+00]
hvac.damOut.y=[0e+00, 0e+00, 0e+00, 0e+00, 0e+00, 0e+00, 1e+00, 6.296254396438599e-01, 6.363179087638855e-01, 6.119155287742615e-01, 6.546859741210938e-01, 6.416084766387939e-01, 6.008499264717102e-01, 5.823261141777039e-01, 6.244739294052124e-01, 6.69019877910614e-01, 0e+00, 0e+00, 0e+00, 0e+00, 0e+00, 0e+00, 0e+00, 0e+00, 0e+00, 0e+00, 6.146144866943359e-01, 6.324249505996704e-01, 6.127698421478271e-01, 6.240958571434021e-01, 6.18747353553772e-01, 6.079266667366028e-01, 5.865404605865479e-01, 5.543397665023804e-01, 6.012296080589294e-01, 5.939353704452515e-01, 0e+00, 0e+00, 0e+00, 0e+00, 0e+00, 0e+00, 0e+00, 0e+00, 0e+00, 0e+00, 5.447710156440735e-01, 3.955836892127991e-01, 3.961740136146545e-01, 4.037521481513977e-01, 4.179262816905975e-01, 4.044493436813354e-01, 3.998980224132538e-01, 3.917489945888519e-01, 4.691039025783539e-01, 4.644615054130554e-01, 0e+00, 0e+00, 0e+00, 0e+00, 0e+00, 0e+00, 0e+00, 0e+00, 0e+00, 0e+00, 5.113433599472046e-01, 3.926395177841187e-01, 4.047148525714874e-01, 4.120240807533264e-01, 4.226948320865631e-01, 4.076342284679413e-01, 3.949640691280365e-01, 3.912236094474792e-01, 4.897946119308472e-01, 4.821168184280396e-01, 0e+00, 0e+00, 0e+00, 0e+00, 0e+00, 0e+00, 0e+00, 0e+00, 0e+00, 0e+00, 4.974814355373383e-01, 3.935958445072174e-01, 3.953923285007477e-01, 4.062575101852417e-01, 4.212129414081573e-01, 4.037103950977325e-01, 3.963056206703186e-01, 3.916471898555756e-01, 4.841213524341583e-01, 5.459584593772888e-01, 0e+00, 0e+00, 0e+00, 0e+00, 0e+00]
hvac.VAVBox[1].TSup=[2.931499938964844e+02, 2.931499633789062e+02, 2.931474304199219e+02, 2.9314697265625e+02, 2.931468811035156e+02, 2.931466979980469e+02, 2.852310180664062e+02, 2.854009399414062e+02, 2.852246704101562e+02, 2.8513330078125e+02, 2.852227783203125e+02, 2.851583862304688e+02, 2.851584777832031e+02, 2.851716918945312e+02, 2.8513818359375e+02, 2.850850830078125e+02, 2.852284851074219e+02, 2.852291259765625e+02, 2.852290344238281e+02, 2.852286987304688e+02, 2.852289123535156e+02, 2.852291259765625e+02, 2.852293395996094e+02, 2.852290344238281e+02, 2.85228515625e+02, 2.852290649414062e+02, 2.845350952148438e+02, 2.853908996582031e+02, 2.854051208496094e+02, 2.851917724609375e+02, 2.851669921875e+02, 2.851609497070312e+02, 2.851468200683594e+02, 2.851439514160156e+02, 2.852220153808594e+02, 2.852503967285156e+02, 2.852216491699219e+02, 2.852213745117188e+02, 2.852218627929688e+02, 2.852218627929688e+02, 2.852210998535156e+02, 2.852193603515625e+02, 2.852181091308594e+02, 2.852178039550781e+02, 2.852177124023438e+02, 2.852174682617188e+02, 2.852095031738281e+02, 2.857713012695312e+02, 2.855585021972656e+02, 2.853602600097656e+02, 2.85047119140625e+02, 2.853692626953125e+02, 2.855245666503906e+02, 2.857801818847656e+02, 2.855884704589844e+02, 2.856156616210938e+02, 2.854564819335938e+02, 2.854566955566406e+02, 2.854570617675781e+02, 2.854556579589844e+02, 2.854564514160156e+02, 2.85457763671875e+02, 2.854570922851562e+02, 2.854577331542969e+02, 2.854562072753906e+02, 2.854583435058594e+02, 2.851926879882812e+02, 2.856315612792969e+02, 2.854232788085938e+02, 2.85172607421875e+02, 2.852782897949219e+02, 2.853774108886719e+02, 2.858045043945312e+02, 2.857737426757812e+02, 2.85185302734375e+02, 2.857710876464844e+02, 2.855424499511719e+02, 2.855426025390625e+02, 2.855451965332031e+02, 2.855438842773438e+02, 2.855448608398438e+02, 2.855452270507812e+02, 2.85544677734375e+02, 2.855431518554688e+02, 2.855434265136719e+02, 2.855436706542969e+02, 2.850769348144531e+02, 2.856733093261719e+02, 2.85718994140625e+02, 2.854728393554688e+02, 2.852306823730469e+02, 2.853820495605469e+02, 2.856361694335938e+02, 2.85966796875e+02, 2.850781860351562e+02, 2.85555419921875e+02, 2.856624450683594e+02, 2.856628112792969e+02, 2.856622924804688e+02, 2.856618347167969e+02, 2.856618957519531e+02]
hvac.VAVBox[2].TSup=[2.931499938964844e+02, 2.931499328613281e+02, 2.931483764648438e+02, 2.931479187011719e+02, 2.931478576660156e+02, 2.931476440429688e+02, 2.852318115234375e+02, 2.854007873535156e+02, 2.852246398925781e+02, 2.8513330078125e+02, 2.852227478027344e+02, 2.851583251953125e+02, 2.851584777832031e+02, 2.851716918945312e+02, 2.851380920410156e+02, 2.850849609375e+02, 2.851988525390625e+02, 2.851992492675781e+02, 2.851991271972656e+02, 2.851988220214844e+02, 2.851990356445312e+02, 2.8519921875e+02, 2.85199462890625e+02, 2.851991577148438e+02, 2.851986083984375e+02, 2.8519921875e+02, 2.845342407226562e+02, 2.853923034667969e+02, 2.8540478515625e+02, 2.851917724609375e+02, 2.851670227050781e+02, 2.851609497070312e+02, 2.851468200683594e+02, 2.851441345214844e+02, 2.852213439941406e+02, 2.852504577636719e+02, 2.852002868652344e+02, 2.852000122070312e+02, 2.852005004882812e+02, 2.852005004882812e+02, 2.851997375488281e+02, 2.851979370117188e+02, 2.851966857910156e+02, 2.851963806152344e+02, 2.851962890625e+02, 2.85196044921875e+02, 2.852107238769531e+02, 2.85771240234375e+02, 2.855584716796875e+02, 2.853605041503906e+02, 2.850473022460938e+02, 2.853693237304688e+02, 2.855245056152344e+02, 2.857802124023438e+02, 2.855882568359375e+02, 2.856158752441406e+02, 2.854396667480469e+02, 2.854398803710938e+02, 2.854402160644531e+02, 2.854388427734375e+02, 2.854396057128906e+02, 2.854409484863281e+02, 2.854402770996094e+02, 2.8544091796875e+02, 2.854393920898438e+02, 2.854415588378906e+02, 2.851939086914062e+02, 2.856315612792969e+02, 2.854232788085938e+02, 2.851725769042969e+02, 2.852782592773438e+02, 2.853773803710938e+02, 2.858045349121094e+02, 2.857737121582031e+02, 2.851848754882812e+02, 2.857711791992188e+02, 2.855302734375e+02, 2.855304260253906e+02, 2.855330505371094e+02, 2.855317077636719e+02, 2.8553271484375e+02, 2.855330810546875e+02, 2.855325317382812e+02, 2.855309753417969e+02, 2.8553125e+02, 2.855314636230469e+02, 2.850782165527344e+02, 2.856733093261719e+02, 2.857190246582031e+02, 2.854727478027344e+02, 2.852306213378906e+02, 2.853820495605469e+02, 2.856361694335938e+02, 2.859667663574219e+02, 2.85077880859375e+02, 2.855554504394531e+02, 2.856423950195312e+02, 2.856427612304688e+02, 2.856422119140625e+02, 2.856417846679688e+02, 2.85641845703125e+02]
hvac.VAVBox[3].TSup=[2.931499938964844e+02, 2.931499633789062e+02, 2.931474304199219e+02, 2.9314697265625e+02, 2.931468811035156e+02, 2.931466979980469e+02, 2.85231689453125e+02, 2.8540087890625e+02, 2.852246704101562e+02, 2.8513330078125e+02, 2.852227783203125e+02, 2.851583557128906e+02, 2.851584777832031e+02, 2.851716918945312e+02, 2.851381530761719e+02, 2.850850830078125e+02, 2.852388610839844e+02, 2.852395629882812e+02, 2.852394409179688e+02, 2.852391357421875e+02, 2.852393493652344e+02, 2.852395324707031e+02, 2.852397766113281e+02, 2.852394714355469e+02, 2.852389221191406e+02, 2.85239501953125e+02, 2.845348205566406e+02, 2.853911743164062e+02, 2.854050903320312e+02, 2.851918029785156e+02, 2.851670227050781e+02, 2.851609497070312e+02, 2.851468200683594e+02, 2.851440124511719e+02, 2.852221374511719e+02, 2.852503356933594e+02, 2.852351684570312e+02, 2.852348937988281e+02, 2.852353820800781e+02, 2.852353820800781e+02, 2.85234619140625e+02, 2.852328796386719e+02, 2.852316284179688e+02, 2.852313537597656e+02, 2.852312316894531e+02, 2.852310180664062e+02, 2.852099304199219e+02, 2.85771240234375e+02, 2.855584411621094e+02, 2.853602600097656e+02, 2.850471496582031e+02, 2.853692626953125e+02, 2.855245666503906e+02, 2.857801818847656e+02, 2.855885009765625e+02, 2.856156311035156e+02, 2.854590454101562e+02, 2.854592590332031e+02, 2.854595947265625e+02, 2.854582214355469e+02, 2.854590148925781e+02, 2.854603271484375e+02, 2.854596557617188e+02, 2.854602966308594e+02, 2.854587707519531e+02, 2.854609069824219e+02, 2.851931457519531e+02, 2.856315612792969e+02, 2.854232788085938e+02, 2.85172607421875e+02, 2.852782897949219e+02, 2.853774108886719e+02, 2.858045043945312e+02, 2.857737426757812e+02, 2.851853637695312e+02, 2.857710571289062e+02, 2.855466918945312e+02, 2.855468444824219e+02, 2.855494079589844e+02, 2.85548095703125e+02, 2.855491027832031e+02, 2.855494384765625e+02, 2.855488891601562e+02, 2.8554736328125e+02, 2.855476379394531e+02, 2.855478820800781e+02, 2.850775451660156e+02, 2.856733093261719e+02, 2.85718994140625e+02, 2.854728393554688e+02, 2.852306823730469e+02, 2.853820495605469e+02, 2.856361694335938e+02, 2.85966796875e+02, 2.850782165527344e+02, 2.855553894042969e+02, 2.856689758300781e+02, 2.856693420410156e+02, 2.856688232421875e+02, 2.856683654785156e+02, 2.856684265136719e+02]
hvac.VAVBox[4].TSup=[2.931499938964844e+02, 2.931499328613281e+02, 2.931488342285156e+02, 2.931483459472656e+02, 2.931482849121094e+02, 2.931480712890625e+02, 2.852276916503906e+02, 2.854014282226562e+02, 2.852247009277344e+02, 2.851332702636719e+02, 2.852227172851562e+02, 2.851582641601562e+02, 2.851584777832031e+02, 2.851716918945312e+02, 2.851381225585938e+02, 2.850849609375e+02, 2.851938781738281e+02, 2.851941833496094e+02, 2.85194091796875e+02, 2.851937561035156e+02, 2.851939697265625e+02, 2.851941833496094e+02, 2.851944274902344e+02, 2.851941223144531e+02, 2.851935424804688e+02, 2.851941223144531e+02, 2.845363464355469e+02, 2.853900146484375e+02, 2.854051818847656e+02, 2.851918640136719e+02, 2.851670227050781e+02, 2.851609497070312e+02, 2.851468200683594e+02, 2.851434936523438e+02, 2.852234191894531e+02, 2.852502136230469e+02, 2.852249145507812e+02, 2.852246398925781e+02, 2.852251281738281e+02, 2.852251281738281e+02, 2.852243347167969e+02, 2.852225646972656e+02, 2.852213134765625e+02, 2.852210083007812e+02, 2.852209167480469e+02, 2.852206726074219e+02, 2.852077331542969e+02, 2.85771484375e+02, 2.855590209960938e+02, 2.853607177734375e+02, 2.850473937988281e+02, 2.853693542480469e+02, 2.855245056152344e+02, 2.857801818847656e+02, 2.855885314941406e+02, 2.856156311035156e+02, 2.854454956054688e+02, 2.854457092285156e+02, 2.854460754394531e+02, 2.854446716308594e+02, 2.854454345703125e+02, 2.854468078613281e+02, 2.854461059570312e+02, 2.854467468261719e+02, 2.854452209472656e+02, 2.854473876953125e+02, 2.851908569335938e+02, 2.856316223144531e+02, 2.854229431152344e+02, 2.851725158691406e+02, 2.852782592773438e+02, 2.853773498535156e+02, 2.858045349121094e+02, 2.857737426757812e+02, 2.85185546875e+02, 2.857710571289062e+02, 2.855367126464844e+02, 2.85536865234375e+02, 2.855394897460938e+02, 2.855381469726562e+02, 2.855391540527344e+02, 2.855395202636719e+02, 2.855389709472656e+02, 2.855374145507812e+02, 2.855376892089844e+02, 2.855379333496094e+02, 2.850750122070312e+02, 2.856733703613281e+02, 2.857190551757812e+02, 2.8547265625e+02, 2.852305908203125e+02, 2.853820495605469e+02, 2.856361694335938e+02, 2.85966796875e+02, 2.850782165527344e+02, 2.855553894042969e+02, 2.856443176269531e+02, 2.856446533203125e+02, 2.856441345214844e+02, 2.856436767578125e+02, 2.856437377929688e+02]
hvac.VAVBox[5].TSup=[2.931499938964844e+02, 2.9314990234375e+02, 2.931473999023438e+02, 2.9314697265625e+02, 2.931468811035156e+02, 2.931466979980469e+02, 2.852327270507812e+02, 2.854006958007812e+02, 2.852246704101562e+02, 2.8513330078125e+02, 2.852228088378906e+02, 2.851584167480469e+02, 2.851584777832031e+02, 2.851716918945312e+02, 2.8513818359375e+02, 2.850851135253906e+02, 2.852656555175781e+02, 2.852663879394531e+02, 2.852662963867188e+02, 2.852659912109375e+02, 2.852662048339844e+02, 2.852663879394531e+02, 2.852666320800781e+02, 2.852663269042969e+02, 2.852657775878906e+02, 2.85266357421875e+02, 2.845343322753906e+02, 2.853916931152344e+02, 2.854049987792969e+02, 2.851917419433594e+02, 2.851669921875e+02, 2.851609497070312e+02, 2.851468200683594e+02, 2.851437377929688e+02, 2.852227783203125e+02, 2.852503051757812e+02, 2.8526171875e+02, 2.852614440917969e+02, 2.852619323730469e+02, 2.852619323730469e+02, 2.852611694335938e+02, 2.852594604492188e+02, 2.852582397460938e+02, 2.852579345703125e+02, 2.852578430175781e+02, 2.852575988769531e+02, 2.852100219726562e+02, 2.85771240234375e+02, 2.855584716796875e+02, 2.853603210449219e+02, 2.850472106933594e+02, 2.853692626953125e+02, 2.855245361328125e+02, 2.857801818847656e+02, 2.855883483886719e+02, 2.856157531738281e+02, 2.854520874023438e+02, 2.854523315429688e+02, 2.854526672363281e+02, 2.854512939453125e+02, 2.854520568847656e+02, 2.85453369140625e+02, 2.854527282714844e+02, 2.854533386230469e+02, 2.854518432617188e+02, 2.854539489746094e+02, 2.851930236816406e+02, 2.856315612792969e+02, 2.854232788085938e+02, 2.85172607421875e+02, 2.852782897949219e+02, 2.853774108886719e+02, 2.858045043945312e+02, 2.857737426757812e+02, 2.851850891113281e+02, 2.857711486816406e+02, 2.855405578613281e+02, 2.855406799316406e+02, 2.855432434082031e+02, 2.855419311523438e+02, 2.855429077148438e+02, 2.855432739257812e+02, 2.85542724609375e+02, 2.855411987304688e+02, 2.855414733886719e+02, 2.855417175292969e+02, 2.850772094726562e+02, 2.856733093261719e+02, 2.85718994140625e+02, 2.854728088378906e+02, 2.852306518554688e+02, 2.853820495605469e+02, 2.856361694335938e+02, 2.85966796875e+02, 2.850780334472656e+02, 2.855554504394531e+02, 2.856704711914062e+02, 2.856708068847656e+02, 2.856702880859375e+02, 2.856698608398438e+02, 2.85669921875e+02]
hvac.res.EFan=[0e+00, -2.130105425379725e-09, -1.077619327105594e-09, -8.12627909407837e-10, -7.577732330510401e-10, -6.426802978687363e-10, 8.5035458984375e+03, 1.13733525390625e+04, 1.4254037109375e+04, 1.716369921875e+04, 2.0057484375e+04, 2.2942921875e+04, 2.5862423828125e+04, 2.8853880859375e+04, 3.1814408203125e+04, 3.4696078125e+04, 3.708920703125e+04, 3.708920703125e+04, 3.708920703125e+04, 3.708920703125e+04, 3.708920703125e+04, 3.708920703125e+04, 3.708920703125e+04, 3.708920703125e+04, 3.708920703125e+04, 3.708920703125e+04, 4.7774875e+04, 5.10050078125e+04, 5.4182703125e+04, 5.717251953125e+04, 6.007040625e+04, 6.29900234375e+04, 6.5950875e+04, 6.90227734375e+04, 7.22004375e+04, 7.52973671875e+04, 7.7759e+04, 7.7759e+04, 7.7759e+04, 7.7759e+04, 7.7759e+04, 7.7759e+04, 7.7759e+04, 7.7759e+04, 7.7759e+04, 7.7759e+04, 8.88375546875e+04, 9.9172875e+04, 1.09766203125e+05, 1.203091640625e+05, 1.293522890625e+05, 1.39831234375e+05, 1.5163034375e+05, 1.6536284375e+05, 1.752081875e+05, 1.8072875e+05, 1.84115046875e+05, 1.84115046875e+05, 1.84115046875e+05, 1.84115046875e+05, 1.84115046875e+05, 1.84115046875e+05, 1.84115046875e+05, 1.84115046875e+05, 1.84115046875e+05, 1.84115046875e+05, 1.95706828125e+05, 2.0682253125e+05, 2.18570265625e+05, 2.3102915625e+05, 2.4059028125e+05, 2.5193059375e+05, 2.645660625e+05, 2.786845e+05, 2.896455625e+05, 2.9523728125e+05, 2.9905809375e+05, 2.9905809375e+05, 2.9905809375e+05, 2.9905809375e+05, 2.9905809375e+05, 2.9905809375e+05, 2.9905809375e+05, 2.9905809375e+05, 2.9905809375e+05, 2.9905809375e+05, 3.1101903125e+05, 3.2216428125e+05, 3.33267e+05, 3.45527125e+05, 3.560205625e+05, 3.6810584375e+05, 3.8067925e+05, 3.9472403125e+05, 4.056420625e+05, 4.1109490625e+05, 4.147026875e+05, 4.147026875e+05, 4.147026875e+05, 4.147026875e+05, 4.147026875e+05]
hvac.res.EHea=[0e+00, 0e+00, 0e+00, 0e+00, 0e+00, 0e+00, 0e+00, 0e+00, 0e+00, 0e+00, 0e+00, 0e+00, 0e+00, 0e+00, 0e+00, 0e+00, 0e+00, 0e+00, 0e+00, 0e+00, 0e+00, 0e+00, 0e+00, 0e+00, 0e+00, 0e+00, 0e+00, 0e+00, 0e+00, 0e+00, 0e+00, 0e+00, 0e+00, 0e+00, 0e+00, 0e+00, 0e+00, 0e+00, 0e+00, 0e+00, 0e+00, 0e+00, 0e+00, 0e+00, 0e+00, 0e+00, 0e+00, 0e+00, 0e+00, 0e+00, 0e+00, 0e+00, 0e+00, 0e+00, 0e+00, 0e+00, 0e+00, 0e+00, 0e+00, 0e+00, 0e+00, 0e+00, 0e+00, 0e+00, 0e+00, 0e+00, 0e+00, 0e+00, 0e+00, 0e+00, 0e+00, 0e+00, 0e+00, 0e+00, 0e+00, 0e+00, 0e+00, 0e+00, 0e+00, 0e+00, 0e+00, 0e+00, 0e+00, 0e+00, 0e+00, 0e+00, 0e+00, 0e+00, 0e+00, 0e+00, 0e+00, 0e+00, 0e+00, 0e+00, 0e+00, 0e+00, 0e+00, 0e+00, 0e+00, 0e+00, 0e+00]
hvac.res.ECoo=[0e+00, 0e+00, 0e+00, 0e+00, 0e+00, 0e+00, -6.30395859375e+04, -1.339536875e+05, -2.37142828125e+05, -3.580398125e+05, -4.7360484375e+05, -6.00526875e+05, -7.382180625e+05, -8.8298425e+05, -1.0263571875e+06, -1.154816875e+06, -1.25094775e+06, -1.25094775e+06, -1.25094775e+06, -1.25094775e+06, -1.25094775e+06, -1.25094775e+06, -1.25094775e+06, -1.25094775e+06, -1.25094775e+06, -1.25094775e+06, -1.39178275e+06, -1.51781325e+06, -1.65143025e+06, -1.78561275e+06, -1.9198125e+06, -2.059688625e+06, -2.205774e+06, -2.35289025e+06, -2.49739225e+06, -2.640386e+06, -2.75059025e+06, -2.75059025e+06, -2.75059025e+06, -2.75059025e+06, -2.75059025e+06, -2.75059025e+06, -2.75059025e+06, -2.75059025e+06, -2.75059025e+06, -2.75059025e+06, -2.9043235e+06, -3.1201435e+06, -3.33328625e+06, -3.548837e+06, -3.7580135e+06, -3.97381725e+06, -4.19169e+06, -4.41897e+06, -4.6152885e+06, -4.7794905e+06, -4.898396e+06, -4.898396e+06, -4.898396e+06, -4.898396e+06, -4.898396e+06, -4.898396e+06, -4.898396e+06, -4.898396e+06, -4.898396e+06, -4.898396e+06, -5.055313e+06, -5.2653495e+06, -5.477515e+06, -5.6969485e+06, -5.908712e+06, -6.130101e+06, -6.3582585e+06, -6.5829975e+06, -6.7890505e+06, -6.9620015e+06, -7.091982e+06, -7.091982e+06, -7.091982e+06, -7.091982e+06, -7.091982e+06, -7.091982e+06, -7.091982e+06, -7.091982e+06, -7.091982e+06, -7.091982e+06, -7.250059e+06, -7.461609e+06, -7.6749875e+06, -7.894884e+06, -8.1163805e+06, -8.3416035e+06, -8.562923e+06, -8.790606e+06, -9.007771e+06, -9.19046e+06, -9.33237e+06, -9.33237e+06, -9.33237e+06, -9.33237e+06, -9.33237e+06]
