last-generated=2022-04-08
statistics-initialization=
{
  "nonlinear": "18",
  "numerical Jacobians": "0"
}
statistics-simulation=
{
  "linear": " ",
  "nonlinear": " ",
  "numerical Jacobians": "0"
}
time=[0e+00, 1e+00]
err_V2[1]=[-2.902640104293823e-01, -2.902640104293823e-01]
err_V2[2]=[-4.382274746894836e-01, -4.382274746894836e-01]
err_V2[3]=[2.321996241807938e-01, 2.321996241807938e-01]
err_V3[1]=[-4.1964191198349e-01, -4.1964191198349e-01]
err_V3[2]=[3.180856704711914e-01, 3.180856704711914e-01]
err_V3[3]=[-1.450289878994226e-02, -1.450289878994226e-02]
err_V4[1]=[-7.467531133443117e-03, -7.467531133443117e-03]
err_V4[2]=[-1.494017392396927e-01, -1.494017392396927e-01]
err_V4[3]=[-2.524669468402863e-01, -2.524669468402863e-01]
err_Theta2[1]=[4.064390668645501e-04, 4.064390668645501e-04]
err_Theta2[2]=[5.635702837025747e-05, 5.635702837025747e-05]
err_Theta2[3]=[4.1117166983895e-04, 4.1117166983895e-04]
err_Theta3[1]=[-1.825740473577753e-04, -1.825740473577753e-04]
err_Theta3[2]=[-6.397475954145193e-04, -6.397475954145193e-04]
err_Theta3[3]=[-3.679547517094761e-04, -3.679547517094761e-04]
err_Theta4[1]=[-4.529835132416338e-04, -4.529835132416338e-04]
err_Theta4[2]=[7.069333805702627e-04, 7.069333805702627e-04]
err_Theta4[3]=[-9.378492250107229e-04, -9.378492250107229e-04]
