last-generated=2026-09-30
statistics-initialization=
{
  "linear": "0, 0, 0, 0, 0, 0",
  "nonlinear": "0, 0, 0, 0, 0, 0, 0, 0, 0, 0, 0, 0, 0, 0, 0, 0, 0, 0, 0, 0, 0, 0, 0, 0",
  "numerical Jacobians": "0"
}
statistics-simulation=
{
  "linear": "0, 0, 0, 0, 0, 0, 0, 0, 0, 0",
  "nonlinear": "0, 0, 0, 0",
  "number of continuous time states": "24",
  "numerical Jacobians": "0"
}
time=[0e+00, 1.728e+05]
weaDat.weaBus.TDryBul=[2.609500122070312e+02, 2.608676452636719e+02, 2.609342651367188e+02, 2.61153564453125e+02, 2.614064331054688e+02, 2.616917419433594e+02, 2.619866027832031e+02, 2.621011047363281e+02, 2.620299682617188e+02, 2.62211181640625e+02, 2.625067138671875e+02, 2.625499877929688e+02, 2.625499877929688e+02, 2.625499877929688e+02, 2.625499877929688e+02, 2.625875549316406e+02, 2.628901062011719e+02, 2.632776489257812e+02, 2.637460632324219e+02, 2.6446923828125e+02, 2.655892028808594e+02, 2.665859985351562e+02, 2.674020080566406e+02, 2.682179870605469e+02, 2.690339965820312e+02, 2.698500061035156e+02, 2.704558715820312e+02, 2.709069213867188e+02, 2.715532531738281e+02, 2.720364685058594e+02, 2.720499877929688e+02, 2.720499877929688e+02, 2.720499877929688e+02, 2.720499877929688e+02, 2.720499877929688e+02, 2.720499877929688e+02, 2.719675598144531e+02, 2.716164855957031e+02, 2.713160400390625e+02, 2.71072998046875e+02, 2.710076599121094e+02, 2.717365112304688e+02, 2.720211181640625e+02, 2.716227111816406e+02, 2.714859924316406e+02, 2.718775329589844e+02, 2.7202783203125e+02, 2.717281494140625e+02, 2.714362182617188e+02, 2.714474182128906e+02, 2.714500122070312e+02, 2.704067077636719e+02, 2.692704162597656e+02, 2.696753845214844e+02, 2.703369750976562e+02, 2.701487121582031e+02, 2.698616027832031e+02, 2.69929931640625e+02, 2.702106018066406e+02, 2.708657531738281e+02, 2.718394165039062e+02, 2.721007690429688e+02, 2.720183410644531e+02, 2.721641845703125e+02, 2.724365844726562e+02, 2.725657043457031e+02, 2.72480224609375e+02, 2.7264599609375e+02, 2.729339904785156e+02, 2.732219848632812e+02, 2.73510009765625e+02, 2.738106079101562e+02, 2.744635620117188e+02, 2.748500061035156e+02, 2.748500061035156e+02, 2.748500061035156e+02, 2.748500061035156e+02, 2.748500061035156e+02, 2.742786560058594e+02, 2.732598266601562e+02, 2.727458801269531e+02, 2.725348205566406e+02, 2.729032287597656e+02, 2.736190795898438e+02, 2.73848876953125e+02, 2.738165588378906e+02, 2.734445495605469e+02, 2.726629028320312e+02, 2.727448425292969e+02, 2.734616394042969e+02, 2.738507690429688e+02, 2.740790100097656e+02, 2.743446655273438e+02, 2.746334838867188e+02, 2.749204406738281e+02, 2.751761474609375e+02, 2.753359069824219e+02, 2.740944213867188e+02, 2.731499938964844e+02, 2.731499938964844e+02, 2.731499938964844e+02]
flo.att.TAir=[2.751499938964844e+02, 2.745491943359375e+02, 2.718550415039062e+02, 2.693681640625e+02, 2.675464782714844e+02, 2.662554931640625e+02, 2.653342895507812e+02, 2.646456604003906e+02, 2.64102294921875e+02, 2.636926574707031e+02, 2.634119567871094e+02, 2.632068176269531e+02, 2.630183715820312e+02, 2.628519592285156e+02, 2.627225646972656e+02, 2.626047973632812e+02, 2.627265319824219e+02, 2.634495544433594e+02, 2.647464294433594e+02, 2.663594665527344e+02, 2.685351867675781e+02, 2.70814208984375e+02, 2.731460571289062e+02, 2.751850280761719e+02, 2.768753356933594e+02, 2.777212524414062e+02, 2.7772412109375e+02, 2.775518188476562e+02, 2.7751513671875e+02, 2.774648132324219e+02, 2.771814575195312e+02, 2.765562438964844e+02, 2.757820434570312e+02, 2.749534301757812e+02, 2.740309143066406e+02, 2.729033203125e+02, 2.719960327148438e+02, 2.712330627441406e+02, 2.706087951660156e+02, 2.702200317382812e+02, 2.700163269042969e+02, 2.700069274902344e+02, 2.701102294921875e+02, 2.6996923828125e+02, 2.696339721679688e+02, 2.695575866699219e+02, 2.697357788085938e+02, 2.696833190917969e+02, 2.693262329101562e+02, 2.689372863769531e+02, 2.685931091308594e+02, 2.681056518554688e+02, 2.674418334960938e+02, 2.669859313964844e+02, 2.669165649414062e+02, 2.66911376953125e+02, 2.6675048828125e+02, 2.66581787109375e+02, 2.665540771484375e+02, 2.667217102050781e+02, 2.67242431640625e+02, 2.678531188964844e+02, 2.682842712402344e+02, 2.685548706054688e+02, 2.68865966796875e+02, 2.692108154296875e+02, 2.695677185058594e+02, 2.700899353027344e+02, 2.70879150390625e+02, 2.720466003417969e+02, 2.735314331054688e+02, 2.748746337890625e+02, 2.759403076171875e+02, 2.770601196289062e+02, 2.78327392578125e+02, 2.795667724609375e+02, 2.80728271484375e+02, 2.817684936523438e+02, 2.822939147949219e+02, 2.820474548339844e+02, 2.81136962890625e+02, 2.800486755371094e+02, 2.787626342773438e+02, 2.774829406738281e+02, 2.763472900390625e+02, 2.752390747070312e+02, 2.74533447265625e+02, 2.738520812988281e+02, 2.732513122558594e+02, 2.729901123046875e+02, 2.7294580078125e+02, 2.729627685546875e+02, 2.730225524902344e+02, 2.731436767578125e+02, 2.733085021972656e+02, 2.734563903808594e+02, 2.735605773925781e+02, 2.73324951171875e+02, 2.72730712890625e+02, 2.722708435058594e+02, 2.720925598144531e+02]
flo.sou.TAir=[2.751499938964844e+02, 2.919110107421875e+02, 2.912655639648438e+02, 2.911001281738281e+02, 2.909588928222656e+02, 2.908163757324219e+02, 2.906866149902344e+02, 2.905530700683594e+02, 2.904166259765625e+02, 2.90296875e+02, 2.90188232421875e+02, 2.900726928710938e+02, 2.899562377929688e+02, 2.898395690917969e+02, 2.896951599121094e+02, 2.895221557617188e+02, 2.896578674316406e+02, 2.898941650390625e+02, 2.902420959472656e+02, 2.904783630371094e+02, 2.904294738769531e+02, 2.907840881347656e+02, 2.9095947265625e+02, 2.909823913574219e+02, 2.910398254394531e+02, 2.908736572265625e+02, 2.906187744140625e+02, 2.906243591308594e+02, 2.905829772949219e+02, 2.904879760742188e+02, 2.904268188476562e+02, 2.902789001464844e+02, 2.900816955566406e+02, 2.899444885253906e+02, 2.898068237304688e+02, 2.896923522949219e+02, 2.8960595703125e+02, 2.895174560546875e+02, 2.894323425292969e+02, 2.893529663085938e+02, 2.892847290039062e+02, 2.892648010253906e+02, 2.892393798828125e+02, 2.891818237304688e+02, 2.891311950683594e+02, 2.891002502441406e+02, 2.890598754882812e+02, 2.889925537109375e+02, 2.88923095703125e+02, 2.888731079101562e+02, 2.8882568359375e+02, 2.888290710449219e+02, 2.887282104492188e+02, 2.887012634277344e+02, 2.886596984863281e+02, 2.886521606445312e+02, 2.886005249023438e+02, 2.885735778808594e+02, 2.885585632324219e+02, 2.885600891113281e+02, 2.884454956054688e+02, 2.884825439453125e+02, 2.885621643066406e+02, 2.886354370117188e+02, 2.886420593261719e+02, 2.887927551269531e+02, 2.888372192382812e+02, 2.900210571289062e+02, 2.901929626464844e+02, 2.904784851074219e+02, 2.907626037597656e+02, 2.909908447265625e+02, 2.911598815917969e+02, 2.913333129882812e+02, 2.916183776855469e+02, 2.9183203125e+02, 2.916266174316406e+02, 2.916940307617188e+02, 2.92103271484375e+02, 2.921190795898438e+02, 2.921588134765625e+02, 2.921823120117188e+02, 2.922147216796875e+02, 2.922620544433594e+02, 2.9223828125e+02, 2.916110534667969e+02, 2.904902954101562e+02, 2.9110107421875e+02, 2.906703796386719e+02, 2.906072387695312e+02, 2.9051806640625e+02, 2.904553833007812e+02, 2.903477783203125e+02, 2.902917785644531e+02, 2.90221435546875e+02, 2.901864624023438e+02, 2.901499328613281e+02, 2.900398864746094e+02, 2.899248046875e+02, 2.898413391113281e+02, 2.897734680175781e+02]
flo.eas.TAir=[2.751499938964844e+02, 2.927308349609375e+02, 2.9117919921875e+02, 2.90958740234375e+02, 2.908085632324219e+02, 2.906628723144531e+02, 2.905310363769531e+02, 2.903970336914062e+02, 2.902614135742188e+02, 2.901413879394531e+02, 2.900315551757812e+02, 2.899170227050781e+02, 2.898022155761719e+02, 2.896873168945312e+02, 2.895697021484375e+02, 2.894400939941406e+02, 2.895416259765625e+02, 2.89781005859375e+02, 2.900487976074219e+02, 2.902178649902344e+02, 2.902967224121094e+02, 2.902850952148438e+02, 2.902336120605469e+02, 2.901041564941406e+02, 2.900414733886719e+02, 2.899861755371094e+02, 2.899021911621094e+02, 2.898447875976562e+02, 2.897985534667969e+02, 2.897427062988281e+02, 2.89690673828125e+02, 2.896381225585938e+02, 2.895887451171875e+02, 2.895078735351562e+02, 2.894221801757812e+02, 2.893418273925781e+02, 2.892727661132812e+02, 2.891980285644531e+02, 2.891259765625e+02, 2.8905322265625e+02, 2.889967956542969e+02, 2.889815368652344e+02, 2.889570617675781e+02, 2.8890771484375e+02, 2.888624267578125e+02, 2.888334655761719e+02, 2.888025207519531e+02, 2.887431335449219e+02, 2.886798095703125e+02, 2.886336975097656e+02, 2.885905456542969e+02, 2.885982666015625e+02, 2.885059814453125e+02, 2.884814147949219e+02, 2.88472900390625e+02, 2.884396362304688e+02, 2.88392578125e+02, 2.883660888671875e+02, 2.883492736816406e+02, 2.883529052734375e+02, 2.883645324707031e+02, 2.883721313476562e+02, 2.883762512207031e+02, 2.884447937011719e+02, 2.884515075683594e+02, 2.886015319824219e+02, 2.88648193359375e+02, 2.898238830566406e+02, 2.900641784667969e+02, 2.904006652832031e+02, 2.906659545898438e+02, 2.908699951171875e+02, 2.910582275390625e+02, 2.912380676269531e+02, 2.914107666015625e+02, 2.915676574707031e+02, 2.913565979003906e+02, 2.914161071777344e+02, 2.91818115234375e+02, 2.918471069335938e+02, 2.918923950195312e+02, 2.919294738769531e+02, 2.919757385253906e+02, 2.919039306640625e+02, 2.916950988769531e+02, 2.919391174316406e+02, 2.908529052734375e+02, 2.908662719726562e+02, 2.905080871582031e+02, 2.904464721679688e+02, 2.903609924316406e+02, 2.902989807128906e+02, 2.901927490234375e+02, 2.901221313476562e+02, 2.899109191894531e+02, 2.89870361328125e+02, 2.899227600097656e+02, 2.898818054199219e+02, 2.897723693847656e+02, 2.896931762695312e+02, 2.896285705566406e+02]
flo.nor.TAir=[2.751499938964844e+02, 2.920840454101562e+02, 2.912307739257812e+02, 2.910216369628906e+02, 2.908787536621094e+02, 2.907369995117188e+02, 2.906081237792969e+02, 2.904771728515625e+02, 2.903441162109375e+02, 2.902265319824219e+02, 2.901193237304688e+02, 2.900066833496094e+02, 2.898932800292969e+02, 2.897799682617188e+02, 2.896642761230469e+02, 2.895325317382812e+02, 2.89521728515625e+02, 2.895898132324219e+02, 2.896989135742188e+02, 2.89775146484375e+02, 2.898172912597656e+02, 2.898465576171875e+02, 2.899037170410156e+02, 2.899075317382812e+02, 2.899239196777344e+02, 2.89884033203125e+02, 2.89812255859375e+02, 2.897708435058594e+02, 2.8973486328125e+02, 2.896851501464844e+02, 2.896407165527344e+02, 2.895958251953125e+02, 2.89556640625e+02, 2.894808959960938e+02, 2.894015197753906e+02, 2.893261413574219e+02, 2.892615661621094e+02, 2.891912841796875e+02, 2.891233520507812e+02, 2.890540771484375e+02, 2.889991455078125e+02, 2.889855651855469e+02, 2.889655151367188e+02, 2.889193725585938e+02, 2.888772583007812e+02, 2.888506164550781e+02, 2.888213806152344e+02, 2.887648315429688e+02, 2.887057800292969e+02, 2.886629638671875e+02, 2.886224365234375e+02, 2.886354064941406e+02, 2.885472717285156e+02, 2.885263977050781e+02, 2.88517333984375e+02, 2.884879455566406e+02, 2.884429321289062e+02, 2.884185791015625e+02, 2.884052734375e+02, 2.884097290039062e+02, 2.884166564941406e+02, 2.8842578125e+02, 2.884344482421875e+02, 2.885057983398438e+02, 2.8851416015625e+02, 2.886669311523438e+02, 2.887158508300781e+02, 2.898915710449219e+02, 2.901325988769531e+02, 2.904582824707031e+02, 2.907180786132812e+02, 2.9092626953125e+02, 2.911156311035156e+02, 2.912964477539062e+02, 2.914750366210938e+02, 2.916356201171875e+02, 2.914218444824219e+02, 2.914823303222656e+02, 2.918962707519531e+02, 2.919247131347656e+02, 2.919740600585938e+02, 2.920154724121094e+02, 2.920667724609375e+02, 2.921216735839844e+02, 2.921127014160156e+02, 2.920139770507812e+02, 2.909296569824219e+02, 2.910406799316406e+02, 2.906066589355469e+02, 2.905472412109375e+02, 2.904570007324219e+02, 2.903944091796875e+02, 2.902880249023438e+02, 2.90232666015625e+02, 2.901607971191406e+02, 2.901242370605469e+02, 2.900920104980469e+02, 2.899862670898438e+02, 2.89874755859375e+02, 2.897955627441406e+02, 2.897285461425781e+02]
flo.wes.TAir=[2.751499938964844e+02, 2.928256225585938e+02, 2.911182250976562e+02, 2.909108276367188e+02, 2.9076123046875e+02, 2.906166076660156e+02, 2.904863586425781e+02, 2.903527526855469e+02, 2.902169189453125e+02, 2.900973815917969e+02, 2.899877624511719e+02, 2.898744201660156e+02, 2.897611083984375e+02, 2.896478271484375e+02, 2.895323486328125e+02, 2.894020385742188e+02, 2.893875427246094e+02, 2.894537048339844e+02, 2.895640258789062e+02, 2.896499633789062e+02, 2.897052001953125e+02, 2.896625671386719e+02, 2.898188171386719e+02, 2.898364868164062e+02, 2.898572387695312e+02, 2.897552795410156e+02, 2.895951843261719e+02, 2.895273742675781e+02, 2.894438171386719e+02, 2.894007263183594e+02, 2.894319763183594e+02, 2.894696655273438e+02, 2.895204467773438e+02, 2.894329833984375e+02, 2.893309326171875e+02, 2.8923828125e+02, 2.891670837402344e+02, 2.890931091308594e+02, 2.890216369628906e+02, 2.889515991210938e+02, 2.888971252441406e+02, 2.88883544921875e+02, 2.888634338378906e+02, 2.888146362304688e+02, 2.887721862792969e+02, 2.887457885742188e+02, 2.887175903320312e+02, 2.886593627929688e+02, 2.886010131835938e+02, 2.885570068359375e+02, 2.885154418945312e+02, 2.885245056152344e+02, 2.884332580566406e+02, 2.884140319824219e+02, 2.88403564453125e+02, 2.883730163574219e+02, 2.883281860351562e+02, 2.883025207519531e+02, 2.882872924804688e+02, 2.8829248046875e+02, 2.883021850585938e+02, 2.883108215332031e+02, 2.883163452148438e+02, 2.88387451171875e+02, 2.883969116210938e+02, 2.885491027832031e+02, 2.885978698730469e+02, 2.897764587402344e+02, 2.900011901855469e+02, 2.903245849609375e+02, 2.905880737304688e+02, 2.907986755371094e+02, 2.909902038574219e+02, 2.911734619140625e+02, 2.913519897460938e+02, 2.915129089355469e+02, 2.913059997558594e+02, 2.913764953613281e+02, 2.917878723144531e+02, 2.918276062011719e+02, 2.918821105957031e+02, 2.919207153320312e+02, 2.919664916992188e+02, 2.92023681640625e+02, 2.920130004882812e+02, 2.919107666015625e+02, 2.908411254882812e+02, 2.909293518066406e+02, 2.905007019042969e+02, 2.904365234375e+02, 2.903460083007812e+02, 2.902830200195312e+02, 2.901765747070312e+02, 2.901212463378906e+02, 2.900498962402344e+02, 2.900132141113281e+02, 2.899783630371094e+02, 2.89871826171875e+02, 2.89760009765625e+02, 2.896806945800781e+02, 2.896127014160156e+02]
flo.cor.TAir=[2.751499938964844e+02, 2.924164123535156e+02, 2.919114990234375e+02, 2.917228698730469e+02, 2.9158056640625e+02, 2.914371032714844e+02, 2.913059997558594e+02, 2.911743774414062e+02, 2.910412902832031e+02, 2.909217224121094e+02, 2.908117065429688e+02, 2.906980895996094e+02, 2.905843200683594e+02, 2.904707946777344e+02, 2.903502502441406e+02, 2.902088623046875e+02, 2.902311401367188e+02, 2.903401489257812e+02, 2.904883422851562e+02, 2.905763854980469e+02, 2.906040954589844e+02, 2.906196594238281e+02, 2.906855163574219e+02, 2.90671875e+02, 2.90677001953125e+02, 2.906029663085938e+02, 2.904938354492188e+02, 2.904397583007812e+02, 2.903859252929688e+02, 2.903266906738281e+02, 2.902926635742188e+02, 2.902578125e+02, 2.902281188964844e+02, 2.901463317871094e+02, 2.900581665039062e+02, 2.899753112792969e+02, 2.899067077636719e+02, 2.898352661132812e+02, 2.897662353515625e+02, 2.896981506347656e+02, 2.896407775878906e+02, 2.896189880371094e+02, 2.895936279296875e+02, 2.895455932617188e+02, 2.895015258789062e+02, 2.894713134765625e+02, 2.894397888183594e+02, 2.89384521484375e+02, 2.89326416015625e+02, 2.892816772460938e+02, 2.892393188476562e+02, 2.892612609863281e+02, 2.891805725097656e+02, 2.891541442871094e+02, 2.891332702636719e+02, 2.891085510253906e+02, 2.890642395019531e+02, 2.890368957519531e+02, 2.890188598632812e+02, 2.890159301757812e+02, 2.889927673339844e+02, 2.890024108886719e+02, 2.890227661132812e+02, 2.890926818847656e+02, 2.890964660644531e+02, 2.892490539550781e+02, 2.89294189453125e+02, 2.904778747558594e+02, 2.907319641113281e+02, 2.9104443359375e+02, 2.913040466308594e+02, 2.915115356445312e+02, 2.916894836425781e+02, 2.918620300292969e+02, 2.920564270019531e+02, 2.922253723144531e+02, 2.919864196777344e+02, 2.920555419921875e+02, 2.924962463378906e+02, 2.925327453613281e+02, 2.925865783691406e+02, 2.926300964355469e+02, 2.92677734375e+02, 2.927141418457031e+02, 2.926734619140625e+02, 2.924900512695312e+02, 2.913545227050781e+02, 2.916039123535156e+02, 2.911783752441406e+02, 2.911082763671875e+02, 2.91014404296875e+02, 2.909491271972656e+02, 2.908388366699219e+02, 2.907777404785156e+02, 2.906853332519531e+02, 2.906442260742188e+02, 2.906182861328125e+02, 2.905288696289062e+02, 2.904244995117188e+02, 2.903445739746094e+02, 2.902784729003906e+02]
