last-generated=2013-10-03
y[3]=[6.00000000000000000000, 6.00000000000000000000]
y[4]=[24.00000000000000000000, 24.00000000000000000000]
y[5]=[120.00000000000000000000, 120.00000000000000000000]
time=[0.00000000000000000000, 1.00000000000000000000]
y[1]=[1.00000000000000000000, 1.00000000000000000000]
y[2]=[2.00000000000000000000, 2.00000000000000000000]
