last-generated=2026-09-30
statistics-initialization=
{
  "linear": "0",
  "nonlinear": "0, 0, 0, 0, 1",
  "numerical Jacobians": "0"
}
statistics-simulation=
{
  "linear": "0, 0, 0, 0, 0",
  "nonlinear": "1",
  "number of continuous time states": "42",
  "numerical Jacobians": "0"
}
time=[7.776e+06, 9.504e+06]
livFlo.heaPorFro.T=[2.931499938964844e+02, 2.96048583984375e+02, 2.95086181640625e+02, 2.951488647460938e+02, 2.956381530761719e+02, 2.954661254882812e+02, 2.95447998046875e+02, 2.950288391113281e+02, 2.948163452148438e+02, 2.953905334472656e+02, 2.955447998046875e+02, 2.955462341308594e+02, 2.949896545410156e+02, 2.943165283203125e+02, 2.946876220703125e+02, 2.954517211914062e+02, 2.955824279785156e+02, 2.950551147460938e+02, 2.942444763183594e+02, 2.950931091308594e+02, 2.956471252441406e+02, 2.957531127929688e+02, 2.952528381347656e+02, 2.944147338867188e+02, 2.94722900390625e+02, 2.955208740234375e+02, 2.957421875e+02, 2.951281127929688e+02, 2.945046691894531e+02, 2.945647277832031e+02, 2.949682922363281e+02, 2.951321716308594e+02, 2.947212524414062e+02, 2.940328369140625e+02, 2.9425830078125e+02, 2.94325439453125e+02, 2.947322692871094e+02, 2.945753784179688e+02, 2.9453369140625e+02, 2.946470947265625e+02, 2.948438110351562e+02, 2.950283203125e+02, 2.950460510253906e+02, 2.945568542480469e+02, 2.950061645507812e+02, 2.953933410644531e+02, 2.952584838867188e+02, 2.947569580078125e+02, 2.945607604980469e+02, 2.943671569824219e+02, 2.939826354980469e+02, 2.939617004394531e+02, 2.939900512695312e+02, 2.943302307128906e+02, 2.94333740234375e+02, 2.941750793457031e+02, 2.9408447265625e+02, 2.941331481933594e+02, 2.942334899902344e+02, 2.940797119140625e+02, 2.940621643066406e+02, 2.945433044433594e+02, 2.943819274902344e+02, 2.944767456054688e+02, 2.943575439453125e+02, 2.940230712890625e+02, 2.943068237304688e+02, 2.944309692382812e+02, 2.946426086425781e+02, 2.945313110351562e+02, 2.943709411621094e+02, 2.942148742675781e+02, 2.943338623046875e+02, 2.947225341796875e+02, 2.949829406738281e+02, 2.950254211425781e+02, 2.950174865722656e+02, 2.952196655273438e+02, 2.954924011230469e+02, 2.954114685058594e+02, 2.951347351074219e+02, 2.950137939453125e+02, 2.951719970703125e+02, 2.955166625976562e+02, 2.955667724609375e+02, 2.952054138183594e+02, 2.950393371582031e+02, 2.952249450683594e+02, 2.956315307617188e+02, 2.957151794433594e+02, 2.954722290039062e+02, 2.952366638183594e+02, 2.952625427246094e+02, 2.951900329589844e+02, 2.947992858886719e+02, 2.943240966796875e+02, 2.944312744140625e+02, 2.945369873046875e+02, 2.943981323242188e+02, 2.943683776855469e+02, 2.945252990722656e+02]
zon.TAir=[2.931499938964844e+02, 2.92805419921875e+02, 2.931742248535156e+02, 2.928417053222656e+02, 2.929873657226562e+02, 2.929410095214844e+02, 2.9296484375e+02, 2.931383361816406e+02, 2.929807739257812e+02, 2.928759765625e+02, 2.928739929199219e+02, 2.929227294921875e+02, 2.941571655273438e+02, 2.941676025390625e+02, 2.924840087890625e+02, 2.929026794433594e+02, 2.928950500488281e+02, 2.9426806640625e+02, 2.936631469726562e+02, 2.925577392578125e+02, 2.927283630371094e+02, 2.928315124511719e+02, 2.944148864746094e+02, 2.940144653320312e+02, 2.925124206542969e+02, 2.927775268554688e+02, 2.928451843261719e+02, 2.944695434570312e+02, 2.945224914550781e+02, 2.924227600097656e+02, 2.928772583007812e+02, 2.929329223632812e+02, 2.936702575683594e+02, 2.939414367675781e+02, 2.926747741699219e+02, 2.929732971191406e+02, 2.929251708984375e+02, 2.929878540039062e+02, 2.931081848144531e+02, 2.928703002929688e+02, 2.927940063476562e+02, 2.929554138183594e+02, 2.929729614257812e+02, 2.933072509765625e+02, 2.928263854980469e+02, 2.928619689941406e+02, 2.929602355957031e+02, 2.9507373046875e+02, 2.956632080078125e+02, 2.936705932617188e+02, 2.93245361328125e+02, 2.93108154296875e+02, 2.955238647460938e+02, 2.96216796875e+02, 2.944652404785156e+02, 2.94161376953125e+02, 2.939754333496094e+02, 2.954872131347656e+02, 2.951659545898438e+02, 2.931424560546875e+02, 2.9304345703125e+02, 2.930485229492188e+02, 2.953292846679688e+02, 2.957979736328125e+02, 2.935466613769531e+02, 2.930020446777344e+02, 2.931161193847656e+02, 2.958564147949219e+02, 2.963158874511719e+02, 2.946487121582031e+02, 2.945274658203125e+02, 2.937438354492188e+02, 2.95121337890625e+02, 2.960260009765625e+02, 2.956101379394531e+02, 2.95307861328125e+02, 2.949362487792969e+02, 2.960425720214844e+02, 2.965272521972656e+02, 2.956863098144531e+02, 2.950547485351562e+02, 2.949952697753906e+02, 2.968681640625e+02, 2.975565795898438e+02, 2.95840087890625e+02, 2.950296936035156e+02, 2.952303161621094e+02, 2.970160522460938e+02, 2.978325500488281e+02, 2.962819519042969e+02, 2.951356506347656e+02, 2.950021362304688e+02, 2.965495910644531e+02, 2.960233154296875e+02, 2.937374877929688e+02, 2.932362365722656e+02, 2.930287170410156e+02, 2.950344543457031e+02, 2.9484521484375e+02, 2.929281616210938e+02, 2.929303894042969e+02]
TSetRooHea.y=[2.931499938964844e+02, 2.931499938964844e+02]
conCoo.TSurSet=[3.031499938964844e+02, 3.031499938964844e+02, 3.031499938964844e+02, 3.031499938964844e+02, 3.031499938964844e+02, 3.031499938964844e+02, 3.031499938964844e+02, 3.031499938964844e+02, 3.031499938964844e+02, 3.031499938964844e+02, 3.031499938964844e+02, 3.031499938964844e+02, 3.031499938964844e+02, 3.031499938964844e+02, 3.031499938964844e+02, 3.031499938964844e+02, 3.031499938964844e+02, 3.031499938964844e+02, 3.031499938964844e+02, 3.031499938964844e+02, 3.031499938964844e+02, 3.031499938964844e+02, 3.031499938964844e+02, 3.031499938964844e+02, 3.031499938964844e+02, 3.031499938964844e+02, 3.031499938964844e+02, 3.031499938964844e+02, 3.031499938964844e+02, 3.031499938964844e+02, 3.031499938964844e+02, 3.031499938964844e+02, 3.031499938964844e+02, 3.031499938964844e+02, 3.031499938964844e+02, 3.031499938964844e+02, 3.031499938964844e+02, 3.031499938964844e+02, 3.031499938964844e+02, 3.031499938964844e+02, 3.031499938964844e+02, 3.031499938964844e+02, 3.031499938964844e+02, 3.031499938964844e+02, 3.031499938964844e+02, 3.031499938964844e+02, 3.031499938964844e+02, 3.031499938964844e+02, 3.031499938964844e+02, 3.031499938964844e+02, 3.031499938964844e+02, 3.031499938964844e+02, 3.031499938964844e+02, 2.931499938964844e+02, 3.031499938964844e+02, 3.031499938964844e+02, 3.031499938964844e+02, 3.031499938964844e+02, 3.031499938964844e+02, 3.031499938964844e+02, 3.031499938964844e+02, 3.031499938964844e+02, 3.031499938964844e+02, 3.031499938964844e+02, 3.031499938964844e+02, 3.031499938964844e+02, 3.031499938964844e+02, 3.031499938964844e+02, 2.931499938964844e+02, 3.031499938964844e+02, 3.031499938964844e+02, 3.031499938964844e+02, 3.031499938964844e+02, 3.031499938964844e+02, 3.031499938964844e+02, 3.031499938964844e+02, 3.031499938964844e+02, 3.031499938964844e+02, 2.931499938964844e+02, 2.931499938964844e+02, 3.031499938964844e+02, 3.031499938964844e+02, 2.931499938964844e+02, 2.931499938964844e+02, 2.931499938964844e+02, 3.031499938964844e+02, 3.031499938964844e+02, 2.931499938964844e+02, 2.931499938964844e+02, 2.931499938964844e+02, 3.031499938964844e+02, 3.031499938964844e+02, 2.931499938964844e+02, 2.931499938964844e+02, 3.031499938964844e+02, 3.031499938964844e+02, 3.031499938964844e+02, 3.031499938964844e+02, 3.031499938964844e+02, 3.031499938964844e+02, 3.031499938964844e+02]
conCoo.TSur=[2.931499938964844e+02, 2.933175048828125e+02, 2.935386352539062e+02, 2.935473022460938e+02, 2.936557312011719e+02, 2.936616516113281e+02, 2.936437377929688e+02, 2.936226196289062e+02, 2.935470581054688e+02, 2.935520935058594e+02, 2.935760498046875e+02, 2.935590515136719e+02, 2.935688781738281e+02, 2.935057678222656e+02, 2.933550720214844e+02, 2.934557800292969e+02, 2.934802856445312e+02, 2.935569152832031e+02, 2.934253234863281e+02, 2.932877197265625e+02, 2.933959655761719e+02, 2.934375e+02, 2.935226135253906e+02, 2.934303588867188e+02, 2.932738342285156e+02, 2.933726806640625e+02, 2.934131469726562e+02, 2.935219116210938e+02, 2.935509643554688e+02, 2.934417419433594e+02, 2.935421142578125e+02, 2.935321350097656e+02, 2.934876403808594e+02, 2.933682556152344e+02, 2.932105407714844e+02, 2.932195739746094e+02, 2.932506408691406e+02, 2.93263427734375e+02, 2.932665710449219e+02, 2.93267822265625e+02, 2.933142700195312e+02, 2.933611145019531e+02, 2.934020080566406e+02, 2.934628601074219e+02, 2.93452880859375e+02, 2.93576416015625e+02, 2.935804138183594e+02, 2.937100219726562e+02, 2.939129028320312e+02, 2.939503784179688e+02, 2.938354187011719e+02, 2.937151184082031e+02, 2.938358459472656e+02, 2.940631408691406e+02, 2.937948608398438e+02, 2.939339599609375e+02, 2.939721069335938e+02, 2.940901794433594e+02, 2.941881103515625e+02, 2.940970458984375e+02, 2.939478759765625e+02, 2.938694763183594e+02, 2.939664306640625e+02, 2.941734924316406e+02, 2.941839294433594e+02, 2.940487670898438e+02, 2.939751892089844e+02, 2.941228637695312e+02, 2.939700927734375e+02, 2.938482666015625e+02, 2.940566101074219e+02, 2.940823059082031e+02, 2.942484130859375e+02, 2.945963745117188e+02, 2.948735656738281e+02, 2.950129089355469e+02, 2.950752258300781e+02, 2.952617797851562e+02, 2.949535522460938e+02, 2.945871887207031e+02, 2.945440979003906e+02, 2.947840576171875e+02, 2.94800537109375e+02, 2.949713134765625e+02, 2.947199096679688e+02, 2.945302124023438e+02, 2.947886352539062e+02, 2.948207702636719e+02, 2.951083374023438e+02, 2.949255065917969e+02, 2.947163696289062e+02, 2.949778442382812e+02, 2.948585815429688e+02, 2.944249572753906e+02, 2.943140563964844e+02, 2.94262451171875e+02, 2.941238708496094e+02, 2.941573181152344e+02, 2.941573181152344e+02, 2.940051574707031e+02, 2.938991088867188e+02]
conHea.y=[1.13686837721616e-13, 6.891853213310242e-01, 0e+00, 6.166033744812012e-01, 3.252488970756531e-01, 4.179806709289551e-01, 3.7028568983078e-01, 2.334046922624111e-02, 3.384261131286621e-01, 5.480192303657532e-01, 5.519956946372986e-01, 4.545265436172485e-01, 0e+00, 0e+00, 1e+00, 4.946155846118927e-01, 5.098856091499329e-01, 0e+00, 0e+00, 1e+00, 8.432787656784058e-01, 6.369898915290833e-01, 0e+00, 0e+00, 1e+00, 7.449692487716675e-01, 6.096439957618713e-01, 0e+00, 0e+00, 1e+00, 5.454909801483154e-01, 4.3415367603302e-01, 0e+00, 0e+00, 9.504544138908386e-01, 3.533994853496552e-01, 4.496597051620483e-01, 3.243119120597839e-01, 8.365568518638611e-02, 5.594070553779602e-01, 7.119600176811218e-01, 3.891525864601135e-01, 3.540606498718262e-01, 0e+00, 6.47235095500946e-01, 5.760765075683594e-01, 3.795538544654846e-01, 0e+00, 0e+00, 0e+00, 0e+00, 8.367731422185898e-02, 0e+00, 0e+00, 0e+00, 0e+00, 0e+00, 0e+00, 0e+00, 1.510985847562551e-02, 2.131063789129257e-01, 2.02971950173378e-01, 0e+00, 0e+00, 0e+00, 2.95923262834549e-01, 6.774473935365677e-02, 0e+00, 0e+00, 0e+00, 0e+00, 0e+00, 0e+00, 0e+00, 0e+00, 0e+00, 0e+00, 0e+00, 0e+00, 0e+00, 0e+00, 0e+00, 0e+00, 0e+00, 0e+00, 0e+00, 0e+00, 0e+00, 0e+00, 0e+00, 0e+00, 0e+00, 0e+00, 0e+00, 0e+00, 0e+00, 2.425735592842102e-01, 0e+00, 0e+00, 4.436533749103546e-01, 4.392404854297638e-01]
conCoo.y=[0e+00, 0e+00, 0e+00, 0e+00, 0e+00, 0e+00, 0e+00, 0e+00, 0e+00, 0e+00, 0e+00, 0e+00, 0e+00, 0e+00, 0e+00, 0e+00, 0e+00, 0e+00, 0e+00, 0e+00, 0e+00, 0e+00, 0e+00, 0e+00, 0e+00, 0e+00, 0e+00, 0e+00, 0e+00, 0e+00, 0e+00, 0e+00, 0e+00, 0e+00, 0e+00, 0e+00, 0e+00, 0e+00, 0e+00, 0e+00, 0e+00, 0e+00, 0e+00, 0e+00, 0e+00, 0e+00, 0e+00, 0e+00, 0e+00, 0e+00, 0e+00, 0e+00, 0e+00, 1e+00, 0e+00, 0e+00, 0e+00, 0e+00, 0e+00, 0e+00, 0e+00, 0e+00, 0e+00, 0e+00, 0e+00, 0e+00, 0e+00, 0e+00, 1e+00, 0e+00, 0e+00, 0e+00, 0e+00, 0e+00, 0e+00, 0e+00, 0e+00, 0e+00, 1e+00, 1e+00, 0e+00, 0e+00, 1e+00, 1e+00, 1e+00, 0e+00, 0e+00, 1e+00, 1e+00, 1e+00, 0e+00, 0e+00, 1e+00, 1e+00, 0e+00, 0e+00, 0e+00, 0e+00, 0e+00, 0e+00, 0e+00]
livFlo.qFro_flow=[1.036617398262024e+00, 2.262608528137207e+01, 1.158062648773193e+01, 1.379858779907227e+01, 1.748823165893555e+01, 1.629772758483887e+01, 1.612856292724609e+01, 1.151563358306885e+01, 1.082943916320801e+01, 1.625312995910645e+01, 1.739578628540039e+01, 1.762931251525879e+01, 9.46222972869873e+00, 4.121398448944092e+00, 1.268464756011963e+01, 1.705544853210449e+01, 1.825328063964844e+01, 8.805542945861816e+00, 6.152299880981445e+00, 1.601784515380859e+01, 1.937005043029785e+01, 2.009668922424316e+01, 1.00886116027832e+01, 6.374157905578613e+00, 1.318636703491211e+01, 1.818233680725098e+01, 1.996949195861816e+01, 8.465246200561523e+00, 4.061071872711182e+00, 1.158302593231201e+01, 1.293475437164307e+01, 1.419946479797363e+01, 1.004140853881836e+01, 4.374155044555664e+00, 9.119972229003906e+00, 8.762385368347168e+00, 1.15804386138916e+01, 9.978431701660156e+00, 9.260750770568848e+00, 1.119965648651123e+01, 1.303105640411377e+01, 1.36365385055542e+01, 1.329442882537842e+01, 6.749752998352051e+00, 1.344585800170898e+01, 1.601572227478027e+01, 1.499123764038086e+01, 4.06076192855835e+00, 4.72254753112793e-01, 3.66681981086731e+00, 2.939142942428589e+00, 3.680991411209106e+00, -2.406651258468628e+00, -3.558910131454468e+00, 1.652447581291199e+00, 1.06192147731781e+00, 8.121415376663208e-01, -1.558599472045898e+00, -3.505288362503052e-01, 2.82143497467041e+00, 3.58410906791687e+00, 7.695418834686279e+00, 2.012965530157089e-01, -1.507526040077209e+00, 3.09189510345459e+00, 3.0865478515625e+00, 5.36011791229248e+00, -1.57063889503479e+00, -1.782829880714417e+00, 2.122668504714966e+00, 9.376348257064819e-01, 1.532239556312561e+00, -2.760129690170288e+00, -4.113552570343018e+00, -1.127367496490479e+00, -5.258536338806152e-01, -9.504666924476624e-02, -3.231759786605835e+00, -2.343446254730225e+00, 1.584609746932983e+00, 1.841897010803223e+00, 8.818899393081665e-01, -2.505535840988159e+00, -3.62602424621582e+00, 2.028074026107788e+00, 2.630382537841797e+00, 6.539363265037537e-01, -2.797250270843506e+00, -4.287748336791992e+00, 9.766970276832581e-01, 3.180647850036621e+00, 1.492856621742249e+00, -1.424759745597839e+00, 8.892490267753601e-01, 4.763707160949707e+00, 3.517217397689819e+00, 5.755529403686523e+00, 1.19684898853302e+00, 1.32339084148407e+00, 6.083049774169922e+00, 7.649714469909668e+00]
livFlo.qBac_flow=[-0e+00, -0e+00, -0e+00, -0e+00, -0e+00, -0e+00, -0e+00, -0e+00, -0e+00, -0e+00, -0e+00, -0e+00, -0e+00, -0e+00, -0e+00, -0e+00, -0e+00, -0e+00, -0e+00, -0e+00, -0e+00, -0e+00, -0e+00, -0e+00, -0e+00, -0e+00, -0e+00, -0e+00, -0e+00, -0e+00, -0e+00, -0e+00, -0e+00, -0e+00, -0e+00, -0e+00, -0e+00, -0e+00, -0e+00, -0e+00, -0e+00, -0e+00, -0e+00, -0e+00, -0e+00, -0e+00, -0e+00, -0e+00, -0e+00, -0e+00, -0e+00, -0e+00, -0e+00, -0e+00, -0e+00, -0e+00, -0e+00, -0e+00, -0e+00, -0e+00, -0e+00, -0e+00, -0e+00, -0e+00, -0e+00, -0e+00, -0e+00, -0e+00, -0e+00, -0e+00, -0e+00, -0e+00, -0e+00, -0e+00, -0e+00, -0e+00, -0e+00, -0e+00, -0e+00, -0e+00, -0e+00, -0e+00, -0e+00, -0e+00, -0e+00, -0e+00, -0e+00, -0e+00, -0e+00, -0e+00, -0e+00, -0e+00, -0e+00, -0e+00, -0e+00, -0e+00, -0e+00, -0e+00, -0e+00, -0e+00, -0e+00]
attFlo.qFro_flow=[8.880946350097656e+01, 5.563167953491211e+01, -4.535643768310547e+01, 1.453072643280029e+01, 3.038424491882324e+01, 1.895446586608887e+01, 1.319871807098389e+01, -2.97176570892334e+01, -4.222281455993652e+00, 1.851532936096191e+01, 1.904358291625977e+01, 2.247389793395996e+01, -1.09659252166748e+01, -4.883795928955078e+01, 2.567981910705566e+01, 2.3366943359375e+01, 2.057179069519043e+01, -5.12813835144043e+01, 4.193977355957031e+00, 2.252006340026855e+01, 3.235604095458984e+01, 2.25145263671875e+01, -4.705088424682617e+01, -3.996062994003296e+00, 1.82879581451416e+01, 2.951021385192871e+01, 3.088772773742676e+01, -8.851371002197266e+01, -4.435076904296875e+01, 4.095861053466797e+01, 2.342670440673828e+01, 1.848410034179688e+01, 1.570454406738281e+01, -9.116700172424316e+00, 1.93806529045105e+00, -2.241978168487549e+00, 3.775212049484253e+00, -1.081113052368164e+01, -9.90772819519043e+00, 7.42026424407959e+00, 7.828718662261963e+00, 9.855978965759277e+00, -8.007997274398804e-01, -7.9305908203125e+01, 3.690652465820312e+01, 3.513530349731445e+01, 2.805597686767578e+01, -5.918228912353516e+01, -4.919950103759766e+01, 2.389870834350586e+01, 2.094974708557129e+01, 1.618366813659668e+01, -5.437787246704102e+01, -5.085139465332031e+01, 1.48945951461792e+01, 1.764144515991211e+01, 1.400593662261963e+01, -6.49004077911377e+00, 1.083116436004639e+01, 3.241965866088867e+01, 2.73350887298584e+01, 2.600740051269531e+01, -6.696933746337891e+01, -5.959413146972656e+01, 4.198343658447266e+01, 3.919577407836914e+01, 3.191024398803711e+01, -7.094956970214844e+01, -4.90074577331543e+01, 1.601342582702637e+01, 1.318990325927734e+01, 2.057156753540039e+01, -5.733331680297852e+01, -4.81040153503418e+01, 2.06942310333252e+01, 2.347059059143066e+01, 2.16717414855957e+01, -4.434258270263672e+01, -3.72635498046875e+01, 1.861028671264648e+01, 2.481852912902832e+01, 2.606594848632812e+01, -2.549950790405273e+01, -5.773457336425781e+01, 3.490081405639648e+01, 3.385286712646484e+01, 2.113256454467773e+01, -3.136931800842285e+01, -4.548943328857422e+01, 1.542776298522949e+01, 4.109004211425781e+01, 3.152055168151855e+01, -2.775126838684082e+01, -4.178647041320801e+00, 5.227199935913086e+01, 3.887465286254883e+01, 3.160244560241699e+01, -2.816946411132812e+01, 5.199314594268799e+00, 2.943345069885254e+01, 2.191233825683594e+01]
attFlo.qBac_flow=[1.543786764144897e+00, -6.5074143409729e+00, -4.782219886779785e+00, -3.377856731414795e+00, -4.047637939453125e+00, -3.327943325042725e+00, -3.412069797515869e+00, -3.499578952789307e+00, -2.605153322219849e+00, -3.565984487533569e+00, -3.855308294296265e+00, -3.808300018310547e+00, -4.315481185913086e+00, -3.537677764892578e+00, -1.665038466453552e+00, -4.104331493377686e+00, -4.261420249938965e+00, -5.739824295043945e+00, -1.535580515861511e+00, -3.296237230300903e+00, -4.612576007843018e+00, -4.882479667663574e+00, -6.846109867095947e+00, -2.913996934890747e+00, -2.220580816268921e+00, -4.49647045135498e+00, -5.005859851837158e+00, -7.193208694458008e+00, -5.264860153198242e+00, -7.313622832298279e-01, -2.326200008392334e+00, -2.809182643890381e+00, -2.008810043334961e+00, -1.855830073356628e+00, -1.617220044136047e+00, -2.286499261856079e+00, -3.551569938659668e+00, -3.360836505889893e+00, -3.550465822219849e+00, -3.052817583084106e+00, -2.827813386917114e+00, -3.756189346313477e+00, -3.950073719024658e+00, -4.28756046295166e+00, -3.039112091064453e+00, -3.480297803878784e+00, -2.998294830322266e+00, -6.756088733673096e+00, -7.238223552703857e+00, -5.437123775482178e-01, 1.035281538963318e+00, 8.804612755775452e-01, -5.375104427337646e+00, -7.93935489654541e+00, -3.68163800239563e+00, -1.195161819458008e+00, -2.045627534389496e-01, -3.174123048782349e+00, -1.517732977867126e+00, 2.297180652618408e+00, 1.909271359443665e+00, 2.835215926170349e-01, -4.833688735961914e+00, -5.834342956542969e+00, 9.415371417999268e-01, 2.682139873504639e+00, 1.25504994392395e+00, -6.077770233154297e+00, -1.044103717803955e+01, -4.657076835632324e+00, -2.217549085617065e+00, 4.957925528287888e-02, -4.175399303436279e+00, -6.557115077972412e+00, -2.666690587997437e+00, -8.383700251579285e-01, 3.684878647327423e-01, -3.39411735534668e+00, -8.694362640380859e+00, -6.76752758026123e+00, -3.994353532791138e+00, -1.280422687530518e+00, -7.960936546325684e+00, -1.155697917938232e+01, -6.549188613891602e+00, -4.056839466094971e+00, -1.911799550056458e+00, -8.767511367797852e+00, -1.224235057830811e+01, -7.446491241455078e+00, -3.778222322463989e+00, -9.490524530410767e-01, -6.551123142242432e+00, -7.601846694946289e+00, -5.649959444999695e-01, 2.033158540725708e+00, 1.799616456031799e+00, -2.934001684188843e+00, -1.330277919769287e+00, 1.610697150230408e+00, 7.450422048568726e-01]
slaFlo.surf_a.Q_flow=[-1.926390533447266e+02, -4.2047021484375e+03, -2.1520771484375e+03, -2.56425048828125e+03, -3.249912841796875e+03, -3.028676513671875e+03, -2.99723974609375e+03, -2.13999951171875e+03, -2.012481079101562e+03, -3.020388671875e+03, -3.2327333984375e+03, -3.276130615234375e+03, -1.758406494140625e+03, -7.658970947265625e+02, -2.357242431640625e+03, -3.169487060546875e+03, -3.39208544921875e+03, -1.63637158203125e+03, -1.14330810546875e+03, -2.976664794921875e+03, -3.599619384765625e+03, -3.734653564453125e+03, -1.874809814453125e+03, -1.184536987304688e+03, -2.45047900390625e+03, -3.378901611328125e+03, -3.71101611328125e+03, -1.5731328125e+03, -7.546863403320312e+02, -2.152523193359375e+03, -2.403720703125e+03, -2.638747314453125e+03, -1.866037841796875e+03, -8.12867919921875e+02, -1.694803466796875e+03, -1.628351684570312e+03, -2.15204248046875e+03, -1.854334716796875e+03, -1.720964965820312e+03, -2.081280029296875e+03, -2.421616943359375e+03, -2.53413623046875e+03, -2.470560546875e+03, -1.25433544921875e+03, -2.498701171875e+03, -2.976270263671875e+03, -2.7858857421875e+03, -7.546287231445312e+02, -8.776112365722656e+01, -6.814207763671875e+02, -5.461935424804688e+02, -6.840543823242188e+02, 4.472383117675781e+02, 6.613674926757812e+02, -3.070813903808594e+02, -1.973414001464844e+02, -1.509237365722656e+02, 2.896412048339844e+02, 6.514027404785156e+01, -5.243193359375e+02, -6.6605029296875e+02, -1.430072631835938e+03, -3.740779876708984e+01, 2.801500244140625e+02, -5.74580078125e+02, -5.7358642578125e+02, -9.960935668945312e+02, 2.918785400390625e+02, 3.313108825683594e+02, -3.944645690917969e+02, -1.742446899414062e+02, -2.847426147460938e+02, 5.129266967773438e+02, 7.644390869140625e+02, 2.095035247802734e+02, 9.772163391113281e+01, 1.766292953491211e+01, 6.0057177734375e+02, 4.354926452636719e+02, -2.944747924804688e+02, -3.4228759765625e+02, -1.638853759765625e+02, 4.656144409179688e+02, 6.73839599609375e+02, -3.768856506347656e+02, -4.888152465820312e+02, -1.215237808227539e+02, 5.198250122070312e+02, 7.968106079101562e+02, -1.815037841796875e+02, -5.910734252929688e+02, -2.774239196777344e+02, 2.647691955566406e+02, -1.652529602050781e+02, -8.852600708007812e+02, -6.536195068359375e+02, -1.069574584960938e+03, -2.224155578613281e+02, -2.459313812255859e+02, -1.130439208984375e+03, -1.4215791015625e+03]
hea.Q_flow=[0e+00, 4.935029296875e+03, -0e+00, 5.16521826171875e+03, 1.770619506835938e+03, 2.785009033203125e+03, 2.262159423828125e+03, 0e+00, 2.454366455078125e+03, 4.2086845703125e+03, 4.144337890625e+03, 3.083657958984375e+03, 0e+00, 0e+00, 9.327900390625e+03, 3.5013603515625e+03, 3.606559326171875e+03, 0e+00, 0e+00, 8.9891796875e+03, 7.16411181640625e+03, 4.93219287109375e+03, -0e+00, -0e+00, 9.2988984375e+03, 6.1525234375e+03, 4.5700859375e+03, 0e+00, 0e+00, 9.471666015625e+03, 4.61873046875e+03, 3.175339599609375e+03, -0e+00, -0e+00, 9.1243515625e+03, 2.929378662109375e+03, 3.630267333984375e+03, 2.40669287109375e+03, -9.81538201411114e-13, 4.9360458984375e+03, 6.43231103515625e+03, 2.749302734375e+03, 2.381239501953125e+03, 0e+00, 5.44215185546875e+03, 4.5000830078125e+03, 2.4958359375e+03, 0e+00, 0e+00, 0e+00, 0e+00, 9.792511853484731e-13, 0e+00, 0e+00, 0e+00, 0e+00, 0e+00, 0e+00, 0e+00, 0e+00, 1.69865576171875e+03, 1.121763793945312e+03, 0e+00, 0e+00, 0e+00, 2.691165283203125e+03, -3.556251972590407e-13, -0e+00, -0e+00, -0e+00, -0e+00, -0e+00, -0e+00, -0e+00, -0e+00, -0e+00, -0e+00, -0e+00, -0e+00, -0e+00, -0e+00, -0e+00, -0e+00, -0e+00, -0e+00, -0e+00, -0e+00, -0e+00, -0e+00, -0e+00, -0e+00, -0e+00, -0e+00, -0e+00, -0e+00, -0e+00, 1.759580810546875e+03, 0e+00, 0e+00, 3.8487841796875e+03, 3.747537109375e+03]
livFlo.heaPorBac.T=[2.931499938964844e+02, 2.931499938964844e+02, 2.931499938964844e+02, 2.931499938964844e+02, 2.931499938964844e+02, 2.931499938964844e+02, 2.931499938964844e+02, 2.931499938964844e+02, 2.931499938964844e+02, 2.931499938964844e+02, 2.931500244140625e+02, 2.931500244140625e+02, 2.931500549316406e+02, 2.931501159667969e+02, 2.931502075195312e+02, 2.931502990722656e+02, 2.931504516601562e+02, 2.93150634765625e+02, 2.931508483886719e+02, 2.931510925292969e+02, 2.931514282226562e+02, 2.931517639160156e+02, 2.931521911621094e+02, 2.931526489257812e+02, 2.931531677246094e+02, 2.931537475585938e+02, 2.931543579101562e+02, 2.93155029296875e+02, 2.931557312011719e+02, 2.93156494140625e+02, 2.931573181152344e+02, 2.931581726074219e+02, 2.931590881347656e+02, 2.931600341796875e+02, 2.931610412597656e+02, 2.931620788574219e+02, 2.931631774902344e+02, 2.93164306640625e+02, 2.931654663085938e+02, 2.931666870117188e+02, 2.931679077148438e+02, 2.93169189453125e+02, 2.931705017089844e+02, 2.931718444824219e+02, 2.931732177734375e+02, 2.931745910644531e+02, 2.93176025390625e+02, 2.931774291992188e+02, 2.931788940429688e+02, 2.931803588867188e+02, 2.931818542480469e+02, 2.93183349609375e+02, 2.931848754882812e+02, 2.931864013671875e+02, 2.931879272460938e+02, 2.931894836425781e+02, 2.931910705566406e+02, 2.931926574707031e+02, 2.931942443847656e+02, 2.931958312988281e+02, 2.931974487304688e+02, 2.931990661621094e+02, 2.9320068359375e+02, 2.932023010253906e+02, 2.932038879394531e+02, 2.932055053710938e+02, 2.932070922851562e+02, 2.932086791992188e+02, 2.932102355957031e+02, 2.932118225097656e+02, 2.932133483886719e+02, 2.932148742675781e+02, 2.932164001464844e+02, 2.932178955078125e+02, 2.932193603515625e+02, 2.932208557128906e+02, 2.932222900390625e+02, 2.932237243652344e+02, 2.932251586914062e+02, 2.932265930175781e+02, 2.932279663085938e+02, 2.932293701171875e+02, 2.932307434082031e+02, 2.932321166992188e+02, 2.932334594726562e+02, 2.932348022460938e+02, 2.932361450195312e+02, 2.932374877929688e+02, 2.932388000488281e+02, 2.932401123046875e+02, 2.93241455078125e+02, 2.932427673339844e+02, 2.932440795898438e+02, 2.932454223632812e+02, 2.932467346191406e+02, 2.932480773925781e+02, 2.932494201660156e+02, 2.932507629394531e+02, 2.932521057128906e+02, 2.932534484863281e+02, 2.932548217773438e+02]
