last-generated=2015-05-08
statistics-simulation={'numerical Jacobians': '0', 'nonlinear': ' ', 'linear': ' '}
modTim.y=[-1., -0.97999999999999998224, -0.95999999999999996447, -0.93999999999999994671, -0.92000000000000003997, -0.9000000000000000222, -0.88000000000000000444, -0.85999999999999998668, -0.83999999999999996891, -0.82000000000000006217, -0.80000000000000004441, -0.78000000000000002665, -0.76000000000000000888, -0.73999999999999999112, -0.71999999999999997335, -0.69999999999999995559, -0.67999999999999993783, -0.65999999999999992006, -0.64000000000000001332, -0.61999999999999999556, -0.5999999999999999778, -0.58000000000000007105, -0.56000000000000005329, -0.54000000000000003553, -0.52000000000000001776, -0.5, -0.47999999999999998224, -0.45999999999999996447, -0.43999999999999994671, -0.42000000000000003997, -0.4000000000000000222, -0.38000000000000000444, -0.35999999999999998668, -0.33999999999999996891, -0.31999999999999995115, -0.30000000000000004441, -0.28000000000000002665, -0.26000000000000000888, -0.23999999999999999112, -0.21999999999999997335, -0.19999999999999995559, -0.18000000000000004885, -0.16000000000000003109, -0.14000000000000001332, -0.11999999999999999556, -0.0999999999999999778, -0.07999999999999996003, -0.06000000000000005329, -0.04000000000000003553, -0.02000000000000001776, 0., 0.02000000000000001776, 0.04000000000000003553, 0.06000000000000005329, 0.08000000000000007105, 0.10000000000000008882, 0.12000000000000010658, 0.1399999999999999023, 0.15999999999999992006, 0.17999999999999993783, 0.19999999999999995559, 0.21999999999999997335, 0.23999999999999999112, 0.26000000000000000888, 0.28000000000000002665, 0.30000000000000004441, 0.32000000000000006217, 0.34000000000000007994, 0.3600000000000000977, 0.37999999999999989342, 0.39999999999999991118, 0.41999999999999992895, 0.43999999999999994671, 0.45999999999999996447, 0.47999999999999998224, 0.5, 0.52000000000000001776, 0.54000000000000003553, 0.56000000000000005329, 0.58000000000000007105, 0.60000000000000008882, 0.62000000000000010658, 0.6399999999999999023, 0.65999999999999992006, 0.67999999999999993783, 0.69999999999999995559, 0.71999999999999997335, 0.73999999999999999112, 0.76000000000000000888, 0.78000000000000002665, 0.80000000000000004441, 0.82000000000000006217, 0.84000000000000007994, 0.8600000000000000977, 0.87999999999999989342, 0.89999999999999991118, 0.91999999999999992895, 0.93999999999999994671, 0.95999999999999996447, 0.97999999999999998224, 1.]
time=[-1., 1.]
