last-generated=2015-07-01
statistics-initialization={'numerical Jacobians': '0', 'nonlinear': '12', 'linear': '19'}
statistics-simulation={'numerical Jacobians': '0', 'nonlinear': '1, 1, 12, 1, 1, 1, 1', 'number of continuous time states': '41', 'linear': '0, 0, 0, 0, 0, 0, 0, 0, 0, 0, 0'}
staRes.minT.Max=[257.54998779296875, 257.54998779296875]
staRes.maxT.Max=[342.649993896484375, 342.649993896484375]
staRes.maxT.Min=[338.04998779296875, 338.04998779296875]
TRooHou.y=[0., 303.23241577148439773737, 276.29227905273438636868, 294.67681274414064773737, 312.39782104492189773737, 280.04010009765625, 299.22979125976564773737, 278.117156982421875, 275.07731323242188636868, 309.79628295898436363132, 284.9129638671875, 283.257568359375, 313.31782226562501136868, 272.87152709960935226263, 284.71047363281252273737, 327.1575927734375, 283.13025512695310226263, 288.58688964843747726263, 316.18624267578127273737, 278.86386718749997726263, 290.068145751953125, 304.85618286132813636868, 278.420379638671875, 293.39002685546876136868, 317.22873535156247726263, 284.303985595703125, 299.30443115234373863132, 299.53266601562501136868, 282.48563232421872726263, 306.32689819335939773737, 295.820953369140625, 293.116943359375, 313.29576416015623863132, 288.4732666015625, 294.811065673828125, 310.194366455078125, 287.60539550781248863132, 299.30327758789064773737, 312.78911743164064773737, 286.21452026367188636868, 300.37432861328125, 308.4825439453125, 291.42988281250001136868, 305.67630615234372726263, 287.17138061523439773737, 299.27191162109375, 297.64301147460935226263, 301.78632202148435226263, 297.306427001953125, 312.71161499023435226263, 310.246429443359375, 291.84450683593752273737, 317.467376708984375, 300.34982910156247726263, 300.06194458007814773737, 320.958251953125, 299.51923828125001136868, 306.08955688476561363132, 323.81899414062502273737, 296.462677001953125, 302.44720458984375, 325.91356201171873863132, 292.53307495117189773737, 308.30766601562498863132, 318.02232055664063636868, 294.3572998046875, 314.87186889648438636868, 321.38894042968752273737, 296.4842529296875, 315.21845703125001136868, 308.689239501953125, 292.93560791015625, 318.83612060546875, 296.36875610351563636868, 293.13068237304685226263, 294.5240478515625, 290.04331665039063636868, 282.84398803710939773737, 311.35032348632813636868, 286.76920776367188636868, 300.272979736328125, 328.62409667968751136868, 287.91801147460938636868, 293.53243408203127273737, 311.09595336914060226263, 284.313262939453125, 300.24896850585935226263, 282.10238037109377273737, 281.90510253906251136868, 307.00256958007810226263, 308.85992431640625, 288.36363525390623863132, 290.39117431640625, 278.091827392578125, 281.98640136718751136868, 296.122589111328125, 274.12319335937502273737, 288.34925537109376136868, 322.37778320312497726263, 272.21387329101560226263, 290.920318603515625]
time=[0., 31536000.]
staRes.minT.Min=[254.350006103515625, 254.350006103515625]
staRes.minT.Mean=[255.5500030517578125, 255.5500030517578125]
staRes.maxT.Mean=[339.350006103515625, 339.350006103515625]
staRes.meanT.Min=[297.350006103515625, 297.350006103515625]
TRooAnn.y=[0., 0., 0., 0., 0., 0., 0., 0., 0., 0., 0., 0., 0., 0., 0., 0., 0., 0., 0., 0., 0., 0., 0., 0., 0., 0., 0., 0., 0., 0., 0., 0., 0., 0., 0., 0., 0., 0., 0., 0., 0., 0., 0., 0., 0., 0., 0., 0., 0., 0., 0., 0., 0., 0., 0., 0., 0., 0., 0., 0., 0., 0., 0., 0., 0., 0., 0., 0., 0., 0., 0., 0., 0., 0., 0., 0., 0., 0., 0., 0., 0., 0., 0., 0., 0., 0., 0., 0., 0., 0., 0., 0., 0., 0., 0., 0., 0., 0., 0., 0., 0.]
staRes.meanT.Mean=[298.25, 298.25]
staRes.meanT.Max=[299.04998779296875, 299.04998779296875]
