last-generated=2026-08-01
statistics-simulation=
{
  "linear": "0, 0, 0, 0, 0, 0, 0, 0, 0, 0, 0, 0, 0, 0, 0, 0, 0, 0, 0, 0, 0, 0, 0, 0, 0, 0, 0,   0, 0, 0, 0, 0, 0, 0, 0, 0, 0, 0, 0, 0, 0, 0, 0, 0, 0, 0, 0, 0, 0, 0, 0, 0, 0,   0, 0, 0, 0, 0, 0, 0, 0, 0, 0, 0, 0, 0, 0, 0, 0, 0, 0, 0, 0, 0, 0, 0, 0, 0, 0,   0",
  "nonlinear": "1, 1, 1, 1, 1, 1, 1, 1, 1, 1, 1, 1, 1, 1, 1, 1, 1, 1, 1, 1, 1, 1, 1, 1, 1, 1, 1,   1, 1, 1, 1, 1, 1, 1, 1, 1, 1, 1, 1, 1",
  "number of continuous time states": "168",
  "numerical Jacobians": "40"
}
time=[0e+00, 3.6e+04]
TIn=[2.731499938964844e+02, 2.735042419433594e+02, 2.745544738769531e+02, 2.76263427734375e+02, 2.785706176757812e+02, 2.81394287109375e+02, 2.846343994140625e+02, 2.881762084960938e+02, 2.918941955566406e+02, 2.956566772460938e+02, 2.993303527832031e+02, 3.027850646972656e+02, 3.058984680175781e+02, 3.085602722167969e+02, 3.106761474609375e+02, 3.12171142578125e+02, 3.129922790527344e+02, 3.131105346679688e+02, 3.125216674804688e+02, 3.112465515136719e+02, 3.093303527832031e+02, 3.068409423828125e+02, 3.038665466308594e+02, 3.005124816894531e+02, 2.968976135253906e+02, 2.931499938964844e+02, 2.894023742675781e+02, 2.857875061035156e+02, 2.824334716796875e+02, 2.794590454101562e+02, 2.769696655273438e+02, 2.75053466796875e+02, 2.737783508300781e+02, 2.73189453125e+02, 2.733077087402344e+02, 2.741288757324219e+02, 2.756238708496094e+02, 2.7773974609375e+02, 2.804015197753906e+02, 2.835149230957031e+02, 2.869696655273438e+02, 2.906433410644531e+02, 2.944058227539062e+02, 2.981238098144531e+02, 3.016655883789062e+02, 3.049057006835938e+02, 3.077293701171875e+02, 3.100365600585938e+02, 3.117455444335938e+02, 3.127957458496094e+02, 3.131499938964844e+02, 3.127957458496094e+02, 3.117455444335938e+02, 3.100365600585938e+02, 3.077293701171875e+02, 3.049057006835938e+02, 3.016655883789062e+02, 2.981238098144531e+02, 2.944058227539062e+02, 2.906433410644531e+02, 2.869696655273438e+02, 2.835149230957031e+02, 2.804015197753906e+02, 2.7773974609375e+02, 2.756238708496094e+02, 2.741288757324219e+02, 2.733077087402344e+02, 2.73189453125e+02, 2.737783508300781e+02, 2.75053466796875e+02, 2.769696655273438e+02, 2.794590454101562e+02, 2.824334716796875e+02, 2.857875061035156e+02, 2.894023742675781e+02, 2.931499938964844e+02, 2.968976135253906e+02, 3.005124816894531e+02, 3.038665466308594e+02, 3.068409423828125e+02, 3.093303527832031e+02, 3.112465515136719e+02, 3.125216674804688e+02, 3.131105346679688e+02, 3.129922790527344e+02, 3.12171142578125e+02, 3.106761474609375e+02, 3.085602722167969e+02, 3.058984680175781e+02, 3.027850646972656e+02, 2.993303527832031e+02, 2.956566772460938e+02, 2.918941955566406e+02, 2.881762084960938e+02, 2.846343994140625e+02, 2.81394287109375e+02, 2.785706176757812e+02, 2.76263427734375e+02, 2.745544738769531e+02, 2.735042419433594e+02, 2.731499938964844e+02]
TOutFixWat.T=[2.831499938964844e+02, 2.835678405761719e+02, 2.830589599609375e+02, 2.821806945800781e+02, 2.813781433105469e+02, 2.808525390625e+02, 2.806951293945312e+02, 2.809231872558594e+02, 2.815138244628906e+02, 2.824245300292969e+02, 2.836035766601562e+02, 2.849948425292969e+02, 2.865387878417969e+02, 2.881743469238281e+02, 2.89840087890625e+02, 2.914750671386719e+02, 2.930205078125e+02, 2.944214782714844e+02, 2.956287841796875e+02, 2.966000061035156e+02, 2.973014831542969e+02, 2.977091674804688e+02, 2.978094177246094e+02, 2.975993347167969e+02, 2.970873413085938e+02, 2.962923278808594e+02, 2.952429504394531e+02, 2.939775085449219e+02, 2.925416870117188e+02, 2.909869384765625e+02, 2.893689270019531e+02, 2.8774560546875e+02, 2.861753234863281e+02, 2.847143249511719e+02, 2.834147644042969e+02, 2.823231811523438e+02, 2.81478759765625e+02, 2.809120483398438e+02, 2.806436157226562e+02, 2.806833801269531e+02, 2.810304565429688e+02, 2.81673095703125e+02, 2.825888671875e+02, 2.837456970214844e+02, 2.851029968261719e+02, 2.866132202148438e+02, 2.88223388671875e+02, 2.898766784667969e+02, 2.915148620605469e+02, 2.930803527832031e+02, 2.945181884765625e+02, 2.95777587890625e+02, 2.968142395019531e+02, 2.97591796875e+02, 2.980831604003906e+02, 2.982712707519531e+02, 2.981497192382812e+02, 2.977232055664062e+02, 2.970070190429688e+02, 2.960268859863281e+02, 2.948177795410156e+02, 2.934227294921875e+02, 2.918917236328125e+02, 2.902793579101562e+02, 2.886427307128906e+02, 2.870399780273438e+02, 2.855281372070312e+02, 2.841612243652344e+02, 2.82988037109375e+02, 2.8205029296875e+02, 2.813814392089844e+02, 2.810054931640625e+02, 2.809359436035156e+02, 2.81175537109375e+02, 2.817159423828125e+02, 2.825383911132812e+02, 2.83614013671875e+02, 2.849046325683594e+02, 2.86364501953125e+02, 2.879421997070312e+02, 2.895823669433594e+02, 2.912271423339844e+02, 2.928183288574219e+02, 2.942997741699219e+02, 2.956192016601562e+02, 2.96730224609375e+02, 2.975935974121094e+02, 2.981788940429688e+02, 2.984656372070312e+02, 2.984437866210938e+02, 2.981143188476562e+02, 2.974886779785156e+02, 2.965894775390625e+02, 2.954488525390625e+02, 2.941073608398438e+02, 2.926125793457031e+02, 2.91017578125e+02, 2.893792419433594e+02, 2.877558288574219e+02, 2.862049865722656e+02, 2.847816162109375e+02]
TOutWat.T=[2.831499938964844e+02, 2.835678405761719e+02, 2.830589599609375e+02, 2.821806945800781e+02, 2.813781433105469e+02, 2.808525390625e+02, 2.806951293945312e+02, 2.809231872558594e+02, 2.815138244628906e+02, 2.824245300292969e+02, 2.836035766601562e+02, 2.849948425292969e+02, 2.865387878417969e+02, 2.881743469238281e+02, 2.89840087890625e+02, 2.914750671386719e+02, 2.930205078125e+02, 2.944214782714844e+02, 2.956287841796875e+02, 2.966000061035156e+02, 2.973014831542969e+02, 2.977091674804688e+02, 2.978094177246094e+02, 2.975993347167969e+02, 2.970873413085938e+02, 2.962923278808594e+02, 2.952429504394531e+02, 2.939775085449219e+02, 2.925416870117188e+02, 2.909869384765625e+02, 2.893689270019531e+02, 2.8774560546875e+02, 2.861753234863281e+02, 2.847143249511719e+02, 2.834147644042969e+02, 2.823231811523438e+02, 2.81478759765625e+02, 2.809120483398438e+02, 2.806436157226562e+02, 2.806833801269531e+02, 2.810304565429688e+02, 2.81673095703125e+02, 2.825888671875e+02, 2.837456970214844e+02, 2.851029968261719e+02, 2.866132202148438e+02, 2.88223388671875e+02, 2.898766784667969e+02, 2.915148620605469e+02, 2.930803527832031e+02, 2.945181884765625e+02, 2.95777587890625e+02, 2.968142395019531e+02, 2.97591796875e+02, 2.980831604003906e+02, 2.982712707519531e+02, 2.981497192382812e+02, 2.977232055664062e+02, 2.970070190429688e+02, 2.960268859863281e+02, 2.948177795410156e+02, 2.934227294921875e+02, 2.918917236328125e+02, 2.902793579101562e+02, 2.886427307128906e+02, 2.870399780273438e+02, 2.855281372070312e+02, 2.841612243652344e+02, 2.82988037109375e+02, 2.8205029296875e+02, 2.813814392089844e+02, 2.810054931640625e+02, 2.809359436035156e+02, 2.81175537109375e+02, 2.817159423828125e+02, 2.825383911132812e+02, 2.83614013671875e+02, 2.849046325683594e+02, 2.86364501953125e+02, 2.879421997070312e+02, 2.895823669433594e+02, 2.912271423339844e+02, 2.928183288574219e+02, 2.942997741699219e+02, 2.956192016601562e+02, 2.96730224609375e+02, 2.975935974121094e+02, 2.981788940429688e+02, 2.984656372070312e+02, 2.984437866210938e+02, 2.981143188476562e+02, 2.974886779785156e+02, 2.965894775390625e+02, 2.954488525390625e+02, 2.941073608398438e+02, 2.926125793457031e+02, 2.91017578125e+02, 2.893792419433594e+02, 2.877558288574219e+02, 2.862049865722656e+02, 2.847816162109375e+02]
TOutFixGly.T=[2.831499938964844e+02, 2.836433715820312e+02, 2.83259033203125e+02, 2.809947814941406e+02, 2.7978125e+02, 2.797843017578125e+02, 2.802490539550781e+02, 2.810492858886719e+02, 2.821446838378906e+02, 2.834912719726562e+02, 2.850381164550781e+02, 2.867284545898438e+02, 2.885011291503906e+02, 2.902927856445312e+02, 2.920396118164062e+02, 2.936797485351562e+02, 2.951552124023438e+02, 2.964140625e+02, 2.974120788574219e+02, 2.981143493652344e+02, 2.984963684082031e+02, 2.985450439453125e+02, 2.9825927734375e+02, 2.976496276855469e+02, 2.967381896972656e+02, 2.955576477050781e+02, 2.941502380371094e+02, 2.9256640625e+02, 2.908627319335938e+02, 2.891000366210938e+02, 2.873411560058594e+02, 2.856488647460938e+02, 2.840835266113281e+02, 2.827009887695312e+02, 2.815505981445312e+02, 2.806734313964844e+02, 2.801009521484375e+02, 2.79853759765625e+02, 2.799409484863281e+02, 2.803598022460938e+02, 2.810957641601562e+02, 2.82123046875e+02, 2.834055480957031e+02, 2.848981628417969e+02, 2.865482788085938e+02, 2.882976989746094e+02, 2.900846862792969e+02, 2.918462219238281e+02, 2.935201721191406e+02, 2.950474548339844e+02, 2.963742980957031e+02, 2.974537658691406e+02, 2.982479553222656e+02, 2.987289123535156e+02, 2.988797912597656e+02, 2.98695556640625e+02, 2.981828918457031e+02, 2.973602600097656e+02, 2.962568969726562e+02, 2.949120483398438e+02, 2.9337353515625e+02, 2.916961059570312e+02, 2.899394226074219e+02, 2.881659545898438e+02, 2.864385986328125e+02, 2.848187255859375e+02, 2.833638916015625e+02, 2.821258239746094e+02, 2.811485900878906e+02, 2.804669494628906e+02, 2.801051940917969e+02, 2.800763854980469e+02, 2.803816223144531e+02, 2.810102844238281e+02, 2.819402160644531e+02, 2.831387023925781e+02, 2.845634460449219e+02, 2.861640319824219e+02, 2.878838806152344e+02, 2.896621704101562e+02, 2.914361267089844e+02, 2.931430053710938e+02, 2.947225036621094e+02, 2.961188354492188e+02, 2.972826843261719e+02, 2.981728820800781e+02, 2.987580261230469e+02, 2.990176086425781e+02, 2.989425659179688e+02, 2.9853564453125e+02, 2.978114013671875e+02, 2.967954406738281e+02, 2.955239868164062e+02, 2.940421142578125e+02, 2.924024963378906e+02, 2.906633605957031e+02, 2.888864440917969e+02, 2.871347961425781e+02, 2.854705810546875e+02, 2.83952880859375e+02, 2.826355590820312e+02]
TOutGly.T=[2.831499938964844e+02, 2.836433715820312e+02, 2.83259033203125e+02, 2.809947814941406e+02, 2.7978125e+02, 2.797843017578125e+02, 2.802490539550781e+02, 2.810492858886719e+02, 2.821446838378906e+02, 2.834912719726562e+02, 2.850381164550781e+02, 2.867284545898438e+02, 2.885011291503906e+02, 2.902927856445312e+02, 2.920396118164062e+02, 2.936797485351562e+02, 2.951552124023438e+02, 2.964140625e+02, 2.974120788574219e+02, 2.981143493652344e+02, 2.984963684082031e+02, 2.985450439453125e+02, 2.9825927734375e+02, 2.976496276855469e+02, 2.967381896972656e+02, 2.955576477050781e+02, 2.941502380371094e+02, 2.9256640625e+02, 2.908627319335938e+02, 2.891000366210938e+02, 2.873411560058594e+02, 2.856488647460938e+02, 2.840835266113281e+02, 2.827009887695312e+02, 2.815505981445312e+02, 2.806734313964844e+02, 2.801009521484375e+02, 2.79853759765625e+02, 2.799409484863281e+02, 2.803598022460938e+02, 2.810957641601562e+02, 2.82123046875e+02, 2.834055480957031e+02, 2.848981628417969e+02, 2.865482788085938e+02, 2.882976989746094e+02, 2.900846862792969e+02, 2.918462219238281e+02, 2.935201721191406e+02, 2.950474548339844e+02, 2.963742980957031e+02, 2.974537658691406e+02, 2.982479553222656e+02, 2.987289123535156e+02, 2.988797912597656e+02, 2.98695556640625e+02, 2.981828918457031e+02, 2.973602600097656e+02, 2.962568969726562e+02, 2.949120483398438e+02, 2.9337353515625e+02, 2.916961059570312e+02, 2.899394226074219e+02, 2.881659545898438e+02, 2.864385986328125e+02, 2.848187255859375e+02, 2.833638916015625e+02, 2.821258239746094e+02, 2.811485900878906e+02, 2.804669494628906e+02, 2.801051940917969e+02, 2.800763854980469e+02, 2.803816223144531e+02, 2.810102844238281e+02, 2.819402160644531e+02, 2.831387023925781e+02, 2.845634460449219e+02, 2.861640319824219e+02, 2.878838806152344e+02, 2.896621704101562e+02, 2.914361267089844e+02, 2.931430053710938e+02, 2.947225036621094e+02, 2.961188354492188e+02, 2.972826843261719e+02, 2.981728820800781e+02, 2.987580261230469e+02, 2.990176086425781e+02, 2.989425659179688e+02, 2.9853564453125e+02, 2.978114013671875e+02, 2.967954406738281e+02, 2.955239868164062e+02, 2.940421142578125e+02, 2.924024963378906e+02, 2.906633605957031e+02, 2.888864440917969e+02, 2.871347961425781e+02, 2.854705810546875e+02, 2.83952880859375e+02, 2.826355590820312e+02]
dpFixWat=[7.49228125e+03, 7.49228125e+03]
dpWat=[8.04959033203125e+03, 8.2369482421875e+03, 8.314083984375e+03, 8.339076171875e+03, 8.317349609375e+03, 8.25530078125e+03, 8.16306689453125e+03, 8.0496123046875e+03, 7.92334033203125e+03, 7.79164892578125e+03, 7.6607255859375e+03, 7.53550634765625e+03, 7.41979296875e+03, 7.3163505859375e+03, 7.22709130859375e+03, 7.1532900390625e+03, 7.0957509765625e+03, 7.05497216796875e+03, 7.03126953125e+03, 7.02487744140625e+03, 7.03598583984375e+03, 7.06475048828125e+03, 7.1112587890625e+03, 7.17543994140625e+03, 7.2569140625e+03, 7.35482080078125e+03, 7.4675927734375e+03, 7.5927001953125e+03, 7.726489746093751e+03, 7.86409375e+03, 7.99937255859375e+03, 8.12442529296875e+03, 8.2319501953125e+03, 8.3162978515625e+03, 8.373248046875e+03, 8.399818359375e+03, 8.3940859375e+03, 8.355072265625e+03, 8.284134765625e+03, 8.1884208984375e+03, 8.0743154296875e+03, 7.94830517578125e+03, 7.8166845703125e+03, 7.68511328125e+03, 7.5583720703125e+03, 7.44026904296875e+03, 7.333685546875e+03, 7.240697265625e+03, 7.16271142578125e+03, 7.1006337890625e+03, 7.0550341796875e+03, 7.02628466796875e+03, 7.014638671875e+03, 7.0203037109375e+03, 7.04345703125e+03, 7.0842216796875e+03, 7.142604492187501e+03, 7.218353515625e+03, 7.3108017578125e+03, 7.4186435546875e+03, 7.53971826171875e+03, 7.670787109375e+03, 7.80739697265625e+03, 7.9438876953125e+03, 8.07291455078125e+03, 8.18674755859375e+03, 8.2792333984375e+03, 8.3456806640625e+03, 8.3826806640625e+03, 8.3879599609375e+03, 8.3602275390625e+03, 8.29955078125e+03, 8.2118203125e+03, 8.1036630859375e+03, 7.9814921875e+03, 7.85168798828125e+03, 7.720125e+03, 7.59189208984375e+03, 7.471119140625e+03, 7.36096826171875e+03, 7.26374609375e+03, 7.181054199218749e+03, 7.11395361328125e+03, 7.06311572265625e+03, 7.02896044921875e+03, 7.01176953125e+03, 7.011767578125e+03, 7.0291435546875e+03, 7.0640517578125e+03, 7.1165458984375e+03, 7.186484375e+03, 7.27337353515625e+03, 7.37613818359375e+03, 7.4929267578125e+03, 7.6208837890625e+03, 7.7559892578125e+03, 7.89300244140625e+03, 8.02522705078125e+03, 8.1446884765625e+03, 8.24471484375e+03, 8.3201689453125e+03]
dpFixGly=[4.15804052734375e+03, 4.15804052734375e+03]
dpGly=[6.624490234375e+03, 7.8044345703125e+03, 8.5096240234375e+03, 8.6354921875e+03, 8.2914462890625e+03, 7.741732421875e+03, 7.10073291015625e+03, 6.430155761718749e+03, 5.77600927734375e+03, 5.169767578125e+03, 4.6305009765625e+03, 4.1987119140625e+03, 3.94667138671875e+03, 3.834466064453125e+03, 3.796694580078125e+03, 3.796961669921875e+03, 3.816505615234375e+03, 3.8405380859375e+03, 3.8532763671875e+03, 3.83383837890625e+03, 3.75090576171875e+03, 3.57051806640625e+03, 3.32647607421875e+03, 3.245125e+03, 3.47800537109375e+03, 3.82385205078125e+03, 4.2547841796875e+03, 4.7738134765625e+03, 5.378127929687504e+03, 6.05306591796875e+03, 6.76778564453125e+03, 7.47363720703125e+03, 8.107642578125e+03, 8.6022099609375e+03, 8.8993701171875e+03, 8.96473046875e+03, 8.7955546875e+03, 8.4199228515625e+03, 7.88789404296875e+03, 7.25896484375e+03, 6.5904130859375e+03, 5.929466796875e+03, 5.3100205078125e+03, 4.75301904296875e+03, 4.2817978515625e+03, 3.976634033203125e+03, 3.8345498046875e+03, 3.78623828125e+03, 3.784368896484375e+03, 3.806216552734375e+03, 3.836375244140625e+03, 3.859745849609375e+03, 3.857578857421875e+03, 3.802055419921875e+03, 3.655130126953125e+03, 3.413046875e+03, 3.22191259765625e+03, 3.364749755859375e+03, 3.67888525390625e+03, 4.07901318359375e+03, 4.56599755859375e+03, 5.13975244140625e+03, 5.79016259765625e+03, 6.49227001953125e+03, 7.20350732421875e+03, 7.86522265625e+03, 8.4103212890625e+03, 8.776337890625e+03, 8.920017578125e+03, 8.827851562500002e+03, 8.5182548828125e+03, 8.03504150390625e+03, 7.43564990234375e+03, 6.77879833984375e+03, 6.11529248046875e+03, 5.4833017578125e+03, 4.9076396484375e+03, 4.4053486328125e+03, 4.040677001953125e+03, 3.855333251953125e+03, 3.786733154296875e+03, 3.77639306640625e+03, 3.79553857421875e+03, 3.827471923828125e+03, 3.857422119140625e+03, 3.868304443359375e+03, 3.835845703125e+03, 3.723681396484375e+03, 3.505302490234375e+03, 3.259031494140625e+03, 3.277659912109375e+03, 3.554280029296875e+03, 3.925058837890625e+03, 4.38138037109375e+03, 4.9250517578125e+03, 5.5498994140625e+03, 6.236408203125e+03, 6.948072265625e+03, 7.63122119140625e+03, 8.2205458984375e+03, 8.650611328125e+03]
dDpWat=[5.57309326171875e+02, 7.446669921875e+02, 8.218028564453125e+02, 8.467952880859375e+02, 8.250682983398438e+02, 7.63019287109375e+02, 6.707854614257812e+02, 5.573310546874999e+02, 4.310589904785156e+02, 2.993676147460938e+02, 1.684442138671875e+02, 4.322531890869141e+01, -7.248848724365234e+01, -1.75930908203125e+02, -2.651900329589846e+02, -3.389913024902344e+02, -3.965303344726562e+02, -4.373091430664062e+02, -4.610117797851562e+02, -4.674036560058594e+02, -4.56295654296875e+02, -4.275309753417969e+02, -3.810226440429688e+02, -3.168414306640625e+02, -2.353674163818359e+02, -1.374602508544922e+02, -2.468830680847168e+01, 1.004191055297852e+02, 2.342082977294929e+02, 3.71812744140625e+02, 5.0709130859375e+02, 6.321439208984375e+02, 7.396687622070312e+02, 8.240162963867188e+02, 8.809671630859375e+02, 9.075368041992188e+02, 9.018046264648438e+02, 8.627913208007812e+02, 7.918535766601562e+02, 6.96139404296875e+02, 5.820343017578125e+02, 4.560241394042969e+02, 3.244033813476562e+02, 1.928320007324219e+02, 6.609077453613281e+01, -5.201202392578125e+01, -1.585955810546875e+02, -2.515838165283203e+02, -3.295698852539062e+02, -3.916473999023438e+02, -4.372469177246094e+02, -4.659966735839844e+02, -4.776427917480469e+02, -4.719773559570312e+02, -4.488243408203125e+02, -4.08059814453125e+02, -3.496768188476556e+02, -2.739279174804688e+02, -1.814796600341797e+02, -7.363755798339844e+01, 4.743676376342773e+01, 1.785057983398438e+02, 3.151159057617188e+02, 4.516064758300781e+02, 5.806334838867188e+02, 6.944664306640625e+02, 7.8695263671875e+02, 8.533992309570312e+02, 8.903994140625e+02, 8.956785888671876e+02, 8.679459838867188e+02, 8.07269775390625e+02, 7.195390014648438e+02, 6.113816528320312e+02, 4.892109985351562e+02, 3.594066467285156e+02, 2.278437957763672e+02, 9.961104583740234e+01, -2.116231536865234e+01, -1.313129425048828e+02, -2.285349731445312e+02, -3.112272644042976e+02, -3.783276062011719e+02, -4.291656188964844e+02, -4.633208312988281e+02, -4.8051171875e+02, -4.805137329101562e+02, -4.631374816894531e+02, -4.282294006347656e+02, -3.757354431152344e+02, -3.057967834472656e+02, -2.189076232910156e+02, -1.161429138183594e+02, 6.457008719444275e-01, 1.286025390625e+02, 2.637077941894531e+02, 4.007210083007812e+02, 5.329458618164062e+02, 6.524072875976562e+02, 7.5243310546875e+02, 8.278876953125e+02]
dDpGly=[2.46644970703125e+03, 3.64639404296875e+03, 4.3515830078125e+03, 4.4774521484375e+03, 4.13340625e+03, 3.583691650390625e+03, 2.942692138671875e+03, 2.272114990234374e+03, 1.617968872070312e+03, 1.011726928710938e+03, 4.724603576660156e+02, 4.067119598388672e+01, -2.113691711425781e+02, -3.235746154785156e+02, -3.613459472656251e+02, -3.610790100097656e+02, -3.415350341796875e+02, -3.175025329589844e+02, -3.047642517089844e+02, -3.242022094726562e+02, -4.071348571777344e+02, -5.875225830078125e+02, -8.315645141601562e+02, -9.129155883789062e+02, -6.8003515625e+02, -3.341884765625e+02, 9.674361419677734e+01, 6.1577294921875e+02, 1.220087158203128e+03, 1.895025512695312e+03, 2.609744873046875e+03, 3.3155966796875e+03, 3.94960205078125e+03, 4.44416943359375e+03, 4.741330078125e+03, 4.80668994140625e+03, 4.637513671875e+03, 4.2618818359375e+03, 3.729853515625e+03, 3.10092431640625e+03, 2.43237255859375e+03, 1.77142626953125e+03, 1.151979736328125e+03, 5.949782104492188e+02, 1.237574844360352e+02, -1.814065551757812e+02, -3.234908752441406e+02, -3.7180224609375e+02, -3.736717529296875e+02, -3.518240356445312e+02, -3.216654357910156e+02, -2.982947692871094e+02, -3.00461669921875e+02, -3.559852905273438e+02, -5.029103698730469e+02, -7.449937744140625e+02, -9.361280517578125e+02, -7.932908325195312e+02, -4.791553344726562e+02, -7.902744293212891e+01, 4.079569702148438e+02, 9.817117309570312e+02, 1.632121948242188e+03, 2.334229248046875e+03, 3.045466552734375e+03, 3.70718212890625e+03, 4.25228076171875e+03, 4.6182978515625e+03, 4.76197705078125e+03, 4.669810546875002e+03, 4.36021435546875e+03, 3.8770009765625e+03, 3.277609130859375e+03, 2.6207578125e+03, 1.957251953125e+03, 1.32526123046875e+03, 7.495990600585938e+02, 2.473080749511719e+02, -1.173636932373047e+02, -3.02707275390625e+02, -3.71307373046875e+02, -3.816475219726561e+02, -3.625020141601562e+02, -3.305687561035156e+02, -3.00618408203125e+02, -2.897362365722656e+02, -3.221949768066406e+02, -4.343592834472656e+02, -6.527380981445312e+02, -8.99009033203125e+02, -8.803806762695312e+02, -6.03760498046875e+02, -2.329816589355469e+02, 2.233400268554688e+02, 7.670110473632812e+02, 1.39185888671875e+03, 2.078367431640625e+03, 2.790031982421875e+03, 3.4731806640625e+03, 4.0625048828125e+03, 4.49257080078125e+03]
dTOutWat=[0e+00, 0e+00, 0e+00, 0e+00, 0e+00, 0e+00, 0e+00, 0e+00, 0e+00, 0e+00, 0e+00, 0e+00, 0e+00, 0e+00, 0e+00, 0e+00, 0e+00, 0e+00, 0e+00, 0e+00, 0e+00, 0e+00, 0e+00, 0e+00, 0e+00, 0e+00, 0e+00, 0e+00, 0e+00, 0e+00, 0e+00, 0e+00, 0e+00, 0e+00, 0e+00, 0e+00, 0e+00, 0e+00, 0e+00, 0e+00, 0e+00, 0e+00, 0e+00, 0e+00, 0e+00, 0e+00, 0e+00, 0e+00, 0e+00, 0e+00, 0e+00, 0e+00, 0e+00, 0e+00, 0e+00, 0e+00, 0e+00, 0e+00, 0e+00, 0e+00, 0e+00, 0e+00, 0e+00, 0e+00, 0e+00, 0e+00, 0e+00, 0e+00, 0e+00, 0e+00, 0e+00, 0e+00, 0e+00, 0e+00, 0e+00, 0e+00, 0e+00, 0e+00, 0e+00, 0e+00, 0e+00, 0e+00, 0e+00, 0e+00, 0e+00, 0e+00, 0e+00, 0e+00, 0e+00, 0e+00, 0e+00, 0e+00, 0e+00, 0e+00, 0e+00, 0e+00, 0e+00, 0e+00, 0e+00, 0e+00, 0e+00]
dTOutGly=[0e+00, 0e+00, 0e+00, 0e+00, 0e+00, 0e+00, 0e+00, 0e+00, 0e+00, 0e+00, 0e+00, 0e+00, 0e+00, 0e+00, 0e+00, 0e+00, 0e+00, 0e+00, 0e+00, 0e+00, 0e+00, 0e+00, 0e+00, 0e+00, 0e+00, 0e+00, 0e+00, 0e+00, 0e+00, 0e+00, 0e+00, 0e+00, 0e+00, 0e+00, 0e+00, 0e+00, 0e+00, 0e+00, 0e+00, 0e+00, 0e+00, 0e+00, 0e+00, 0e+00, 0e+00, 0e+00, 0e+00, 0e+00, 0e+00, 0e+00, 0e+00, 0e+00, 0e+00, 0e+00, 0e+00, 0e+00, 0e+00, 0e+00, 0e+00, 0e+00, 0e+00, 0e+00, 0e+00, 0e+00, 0e+00, 0e+00, 0e+00, 0e+00, 0e+00, 0e+00, 0e+00, 0e+00, 0e+00, 0e+00, 0e+00, 0e+00, 0e+00, 0e+00, 0e+00, 0e+00, 0e+00, 0e+00, 0e+00, 0e+00, 0e+00, 0e+00, 0e+00, 0e+00, 0e+00, 0e+00, 0e+00, 0e+00, 0e+00, 0e+00, 0e+00, 0e+00, 0e+00, 0e+00, 0e+00, 0e+00, 0e+00]
borFieFixWat.dp=[7.49228125e+03, 7.49228125e+03]
borFieWat.dp=[8.04959033203125e+03, 8.2369482421875e+03, 8.314083984375e+03, 8.339076171875e+03, 8.317349609375e+03, 8.25530078125e+03, 8.16306689453125e+03, 8.0496123046875e+03, 7.92334033203125e+03, 7.79164892578125e+03, 7.6607255859375e+03, 7.53550634765625e+03, 7.41979296875e+03, 7.3163505859375e+03, 7.22709130859375e+03, 7.1532900390625e+03, 7.0957509765625e+03, 7.05497216796875e+03, 7.03126953125e+03, 7.02487744140625e+03, 7.03598583984375e+03, 7.06475048828125e+03, 7.1112587890625e+03, 7.17543994140625e+03, 7.2569140625e+03, 7.35482080078125e+03, 7.4675927734375e+03, 7.5927001953125e+03, 7.726489746093751e+03, 7.86409375e+03, 7.99937255859375e+03, 8.12442529296875e+03, 8.2319501953125e+03, 8.3162978515625e+03, 8.373248046875e+03, 8.399818359375e+03, 8.3940859375e+03, 8.355072265625e+03, 8.284134765625e+03, 8.1884208984375e+03, 8.0743154296875e+03, 7.94830517578125e+03, 7.8166845703125e+03, 7.68511328125e+03, 7.5583720703125e+03, 7.44026904296875e+03, 7.333685546875e+03, 7.240697265625e+03, 7.16271142578125e+03, 7.1006337890625e+03, 7.0550341796875e+03, 7.02628466796875e+03, 7.014638671875e+03, 7.0203037109375e+03, 7.04345703125e+03, 7.0842216796875e+03, 7.142604492187501e+03, 7.218353515625e+03, 7.3108017578125e+03, 7.4186435546875e+03, 7.53971826171875e+03, 7.670787109375e+03, 7.80739697265625e+03, 7.9438876953125e+03, 8.07291455078125e+03, 8.18674755859375e+03, 8.2792333984375e+03, 8.3456806640625e+03, 8.3826806640625e+03, 8.3879599609375e+03, 8.3602275390625e+03, 8.29955078125e+03, 8.2118203125e+03, 8.1036630859375e+03, 7.9814921875e+03, 7.85168798828125e+03, 7.720125e+03, 7.59189208984375e+03, 7.471119140625e+03, 7.36096826171875e+03, 7.26374609375e+03, 7.181054199218749e+03, 7.11395361328125e+03, 7.06311572265625e+03, 7.02896044921875e+03, 7.01176953125e+03, 7.011767578125e+03, 7.0291435546875e+03, 7.0640517578125e+03, 7.1165458984375e+03, 7.186484375e+03, 7.27337353515625e+03, 7.37613818359375e+03, 7.4929267578125e+03, 7.6208837890625e+03, 7.7559892578125e+03, 7.89300244140625e+03, 8.02522705078125e+03, 8.1446884765625e+03, 8.24471484375e+03, 8.3201689453125e+03]
borFieFixGly.dp=[4.15804052734375e+03, 4.15804052734375e+03]
borFieGly.dp=[6.624490234375e+03, 7.8044345703125e+03, 8.5096240234375e+03, 8.6354921875e+03, 8.2914462890625e+03, 7.741732421875e+03, 7.10073291015625e+03, 6.430155761718749e+03, 5.77600927734375e+03, 5.169767578125e+03, 4.6305009765625e+03, 4.1987119140625e+03, 3.94667138671875e+03, 3.834466064453125e+03, 3.796694580078125e+03, 3.796961669921875e+03, 3.816505615234375e+03, 3.8405380859375e+03, 3.8532763671875e+03, 3.83383837890625e+03, 3.75090576171875e+03, 3.57051806640625e+03, 3.32647607421875e+03, 3.245125e+03, 3.47800537109375e+03, 3.82385205078125e+03, 4.2547841796875e+03, 4.7738134765625e+03, 5.378127929687504e+03, 6.05306591796875e+03, 6.76778564453125e+03, 7.47363720703125e+03, 8.107642578125e+03, 8.6022099609375e+03, 8.8993701171875e+03, 8.96473046875e+03, 8.7955546875e+03, 8.4199228515625e+03, 7.88789404296875e+03, 7.25896484375e+03, 6.5904130859375e+03, 5.929466796875e+03, 5.3100205078125e+03, 4.75301904296875e+03, 4.2817978515625e+03, 3.976634033203125e+03, 3.8345498046875e+03, 3.78623828125e+03, 3.784368896484375e+03, 3.806216552734375e+03, 3.836375244140625e+03, 3.859745849609375e+03, 3.857578857421875e+03, 3.802055419921875e+03, 3.655130126953125e+03, 3.413046875e+03, 3.22191259765625e+03, 3.364749755859375e+03, 3.67888525390625e+03, 4.07901318359375e+03, 4.56599755859375e+03, 5.13975244140625e+03, 5.79016259765625e+03, 6.49227001953125e+03, 7.20350732421875e+03, 7.86522265625e+03, 8.4103212890625e+03, 8.776337890625e+03, 8.920017578125e+03, 8.827851562500002e+03, 8.5182548828125e+03, 8.03504150390625e+03, 7.43564990234375e+03, 6.77879833984375e+03, 6.11529248046875e+03, 5.4833017578125e+03, 4.9076396484375e+03, 4.4053486328125e+03, 4.040677001953125e+03, 3.855333251953125e+03, 3.786733154296875e+03, 3.77639306640625e+03, 3.79553857421875e+03, 3.827471923828125e+03, 3.857422119140625e+03, 3.868304443359375e+03, 3.835845703125e+03, 3.723681396484375e+03, 3.505302490234375e+03, 3.259031494140625e+03, 3.277659912109375e+03, 3.554280029296875e+03, 3.925058837890625e+03, 4.38138037109375e+03, 4.9250517578125e+03, 5.5498994140625e+03, 6.236408203125e+03, 6.948072265625e+03, 7.63122119140625e+03, 8.2205458984375e+03, 8.650611328125e+03]
