last-generated=2015-06-05
statistics-initialization={'numerical Jacobians': '0', 'nonlinear': '12', 'linear': '19'}
statistics-simulation={'numerical Jacobians': '0', 'nonlinear': '1, 12, 1, 1, 1, 1, 1', 'number of continuous time states': '41', 'linear': '0, 0, 0, 0, 0, 0, 0, 0, 0, 0, 0'}
staRes.minT.Max=[257.54998779296875, 257.54998779296875]
staRes.maxT.Max=[342.649993896484375, 342.649993896484375]
staRes.maxT.Min=[338.04998779296875, 338.04998779296875]
TRooHou.y=[0., 303.24294433593752273737, 276.29230957031251136868, 294.67445068359376136868, 312.408905029296875, 280.039825439453125, 299.23048095703126136868, 278.11859130859375, 275.07718505859372726263, 309.79734497070313636868, 284.9129638671875, 283.257568359375, 313.31782226562501136868, 272.87073974609376136868, 284.71049194335938636868, 327.157012939453125, 283.13025512695310226263, 288.586883544921875, 316.17547607421875, 278.864227294921875, 290.06817626953125, 304.84391479492188636868, 278.420440673828125, 293.39011230468747726263, 317.22884521484377273737, 284.30413818359375, 299.304473876953125, 299.52869262695310226263, 282.48563232421872726263, 306.32503662109377273737, 295.846527099609375, 293.11695556640626136868, 313.296722412109375, 288.4732666015625, 294.811065673828125, 310.195098876953125, 287.60539550781248863132, 299.30416259765627273737, 312.78870849609376136868, 286.21452026367188636868, 300.37432861328125, 308.4825439453125, 291.42988281250001136868, 305.67630615234372726263, 287.17138061523439773737, 299.27191162109375, 297.64301147460935226263, 301.78627929687502273737, 297.306396484375, 312.71520385742189773737, 310.243896484375, 291.84381713867185226263, 317.46477050781248863132, 300.34975585937502273737, 300.06085815429685226263, 320.957489013671875, 299.51937255859377273737, 306.09035034179686363132, 323.818939208984375, 296.46311035156247726263, 302.445709228515625, 325.914154052734375, 292.53344116210939773737, 308.30502929687497726263, 318.02322998046872726263, 294.3572998046875, 314.87186889648438636868, 321.38877563476563636868, 296.485076904296875, 315.22092895507813636868, 308.689605712890625, 292.93527832031247726263, 318.83511962890622726263, 296.37144165039063636868, 293.13068237304685226263, 294.524566650390625, 290.04332885742189773737, 282.84431152343751136868, 311.34984741210939773737, 286.76926269531247726263, 300.27227783203125, 328.62421875000001136868, 287.91803588867185226263, 293.53246459960939773737, 311.09592285156247726263, 284.313201904296875, 300.24896850585935226263, 282.10238037109377273737, 281.90510253906251136868, 307.00253906249997726263, 308.86004638671875, 288.36673583984372726263, 290.39125976562502273737, 278.091827392578125, 281.98357543945314773737, 296.122589111328125, 274.12322387695314773737, 288.35173339843748863132, 322.37541503906248863132, 272.21387329101560226263, 290.919036865234375]
time=[0., 31536000.]
staRes.minT.Min=[254.350006103515625, 254.350006103515625]
staRes.minT.Mean=[255.5500030517578125, 255.5500030517578125]
staRes.maxT.Mean=[339.350006103515625, 339.350006103515625]
staRes.meanT.Min=[297.350006103515625, 297.350006103515625]
TRooAnn.y=[0., 0., 0., 0., 0., 0., 0., 0., 0., 0., 0., 0., 0., 0., 0., 0., 0., 0., 0., 0., 0., 0., 0., 0., 0., 0., 0., 0., 0., 0., 0., 0., 0., 0., 0., 0., 0., 0., 0., 0., 0., 0., 0., 0., 0., 0., 0., 0., 0., 0., 0., 0., 0., 0., 0., 0., 0., 0., 0., 0., 0., 0., 0., 0., 0., 0., 0., 0., 0., 0., 0., 0., 0., 0., 0., 0., 0., 0., 0., 0., 0., 0., 0., 0., 0., 0., 0., 0., 0., 0., 0., 0., 0., 0., 0., 0., 0., 0., 0., 0., 0.]
staRes.meanT.Mean=[298.25, 298.25]
staRes.meanT.Max=[299.04998779296875, 299.04998779296875]
