last-generated=2015-05-22
statistics-initialization={'numerical Jacobians': '0', 'nonlinear': '12', 'linear': '19'}
statistics-simulation={'numerical Jacobians': '0', 'nonlinear': '1, 12, 1, 1, 1, 1, 1', 'number of continuous time states': '49', 'linear': '0, 0, 0, 0, 0, 0, 0, 0, 0, 0, 0'}
staRes.minT.Max=[254.5500030517578125, 254.5500030517578125]
staRes.maxT.Max=[311.649993896484375, 311.649993896484375]
staRes.maxT.Min=[308.649993896484375, 308.649993896484375]
TRooHou.y=[0., 271.30866699218751136868, 273.65879516601563636868, 279.534454345703125, 285.69244995117185226263, 275.7073974609375, 276.374725341796875, 281.84425659179686363132, 269.42412719726564773737, 282.54879150390627273737, 268.95819091796875, 275.71691284179689773737, 292.489959716796875, 273.29075317382813636868, 275.86967163085938636868, 292.529937744140625, 282.79424438476564773737, 276.64998168945311363132, 283.73663940429685226263, 277.66212158203126136868, 279.5203857421875, 286.47649536132814773737, 274.385528564453125, 282.03615722656252273737, 293.66902465820311363132, 281.074371337890625, 281.423309326171875, 290.77446899414064773737, 277.88590087890622726263, 288.289031982421875, 290.349212646484375, 286.3052978515625, 298.75073852539060226263, 285.44257812500001136868, 287.10980834960935226263, 293.451202392578125, 285.65147705078123863132, 289.93431396484373863132, 300.09218139648436363132, 284.91115722656252273737, 291.455657958984375, 295.30883178710939773737, 287.01305541992189773737, 296.07730712890622726263, 286.25760498046872726263, 295.8538818359375, 289.48823242187501136868, 295.43732910156251136868, 292.0025634765625, 299.20345458984377273737, 303.839019775390625, 288.70240478515626136868, 303.46323852539063636868, 297.54338989257814773737, 294.046661376953125, 305.377960205078125, 299.078460693359375, 298.87879638671876136868, 307.27459716796875, 294.92279663085935226263, 293.611541748046875, 305.89188842773438636868, 290.376739501953125, 297.786773681640625, 300.219146728515625, 290.324615478515625, 301.48613281249998863132, 306.63916625976560226263, 291.274749755859375, 300.78031005859372726263, 297.92742919921875, 286.500274658203125, 296.61353149414060226263, 292.11224365234375, 284.52702636718748863132, 290.858673095703125, 289.12931518554688636868, 279.64546508789061363132, 294.62910766601561363132, 285.37437744140623863132, 285.973358154296875, 299.07816162109372726263, 283.611297607421875, 277.6959228515625, 287.16913452148435226263, 278.77197265625, 283.26865234374997726263, 278.93684082031251136868, 276.114410400390625, 286.34462280273436363132, 291.128021240234375, 284.68171386718751136868, 278.37211303710938636868, 278.36350708007813636868, 272.642974853515625, 282.073272705078125, 274.50690307617185226263, 277.51908569335938636868, 295.21326293945310226263, 271.5384521484375, 277.1671142578125]
time=[0., 31536000.]
staRes.minT.Min=[252.9499969482421875, 252.9499969482421875]
staRes.minT.Mean=[253.5500030517578125, 253.5500030517578125]
staRes.maxT.Mean=[309.649993896484375, 309.649993896484375]
staRes.meanT.Min=[287.149993896484375, 287.149993896484375]
TRooAnn.y=[0., 0., 0., 0., 0., 0., 0., 0., 0., 0., 0., 0., 0., 0., 0., 0., 0., 0., 0., 0., 0., 0., 0., 0., 0., 0., 0., 0., 0., 0., 0., 0., 0., 0., 0., 0., 0., 0., 0., 0., 0., 0., 0., 0., 0., 0., 0., 0., 0., 0., 0., 0., 0., 0., 0., 0., 0., 0., 0., 0., 0., 0., 0., 0., 0., 0., 0., 0., 0., 0., 0., 0., 0., 0., 0., 0., 0., 0., 0., 0., 0., 0., 0., 0., 0., 0., 0., 0., 0., 0., 0., 0., 0., 0., 0., 0., 0., 0., 0., 0., 0.]
staRes.meanT.Mean=[287.54998779296875, 287.54998779296875]
staRes.meanT.Max=[288.149993896484375, 288.149993896484375]
