last-generated=2026-09-30
statistics-initialization=
{
  "linear": "0, 0, 0, 0, 0, 0, 0",
  "nonlinear": "1, 0, 0, 0, 0, 0, 0, 0, 0, 0, 0, 0, 0, 0, 0, 0, 0, 0, 0, 0, 0, 0, 0, 0, 0, 3, 0,   0, 1, 1, 0, 0, 1, 1",
  "numerical Jacobians": "0"
}
statistics-simulation=
{
  "linear": "0, 0, 0, 0, 0, 0, 0, 0, 0, 0, 0, 4, 0",
  "nonlinear": "5, 0, 0, 0, 0, 0, 0, 0, 0, 0, 1, 1, 1, 0, 1",
  "number of continuous time states": "82",
  "numerical Jacobians": "0"
}
time=[1.6848e+07, 1.728e+07]
flo.sou.TAir=[2.931499938964844e+02, 2.973098754882812e+02, 2.972520446777344e+02, 2.973360900878906e+02, 2.973863525390625e+02, 2.973928527832031e+02, 2.963246459960938e+02, 2.965755615234375e+02, 2.968406066894531e+02, 2.970359191894531e+02, 2.971112365722656e+02, 2.97180419921875e+02, 2.971895751953125e+02, 2.970907897949219e+02, 2.971327514648438e+02, 2.9686083984375e+02, 2.981760864257812e+02, 2.981800842285156e+02, 2.983197937011719e+02, 2.984631958007812e+02, 2.985584716796875e+02, 2.984771728515625e+02, 2.984559936523438e+02, 2.984503784179688e+02, 2.984197387695312e+02, 2.973875732421875e+02, 2.967674560546875e+02, 2.96744384765625e+02, 2.9691845703125e+02, 2.970397338867188e+02, 2.971694946289062e+02, 2.971565856933594e+02, 2.971303405761719e+02, 2.971950988769531e+02, 2.971770935058594e+02, 2.971065368652344e+02, 2.98604736328125e+02, 2.988882141113281e+02, 2.990171203613281e+02, 2.990252075195312e+02, 2.991737670898438e+02, 2.991833190917969e+02, 2.991601867675781e+02, 2.991353454589844e+02, 2.971677551269531e+02, 2.971178283691406e+02, 2.9800390625e+02, 2.983557434082031e+02, 2.986719970703125e+02, 2.990005798339844e+02, 2.991334838867188e+02, 2.993469848632812e+02, 2.993815002441406e+02, 2.99506591796875e+02, 2.987188110351562e+02, 2.980459899902344e+02, 2.999902038574219e+02, 3.002743835449219e+02, 3.0031884765625e+02, 3.002289123535156e+02, 3.00176513671875e+02, 3.000801391601562e+02, 3.000129089355469e+02, 2.97785888671875e+02, 2.97294921875e+02, 2.971494140625e+02, 2.981152954101562e+02, 2.9827783203125e+02, 2.987013244628906e+02, 2.991138916015625e+02, 2.992401123046875e+02, 2.995266418457031e+02, 2.995948486328125e+02, 2.99548828125e+02, 2.989512634277344e+02, 2.983947143554688e+02, 3.002475280761719e+02, 3.004588928222656e+02, 3.004796447753906e+02, 3.004251098632812e+02, 3.003443603515625e+02, 3.002891845703125e+02, 3.001664733886719e+02, 2.977909240722656e+02, 2.973153686523438e+02, 2.971513977050781e+02, 2.980731201171875e+02, 2.983382263183594e+02, 2.987752075195312e+02, 2.992621459960938e+02, 2.993881530761719e+02, 2.995099487304688e+02, 2.996279602050781e+02, 2.998118286132812e+02, 2.993323364257812e+02, 2.986680603027344e+02, 3.003124389648438e+02, 3.003519287109375e+02, 3.003961181640625e+02, 3.003026428222656e+02, 3.002521667480469e+02]
flo.eas.TAir=[2.931499938964844e+02, 2.973685607910156e+02, 2.973435668945312e+02, 2.973264770507812e+02, 2.976215209960938e+02, 2.971692199707031e+02, 2.970293579101562e+02, 2.971568298339844e+02, 2.971621704101562e+02, 2.971277465820312e+02, 2.970889892578125e+02, 2.97166259765625e+02, 2.971505126953125e+02, 2.971410217285156e+02, 2.970307006835938e+02, 2.968206787109375e+02, 2.982519836425781e+02, 2.982756652832031e+02, 2.984884948730469e+02, 2.985956726074219e+02, 2.986836547851562e+02, 2.986161193847656e+02, 2.98596435546875e+02, 2.985726623535156e+02, 2.986372375488281e+02, 2.97246337890625e+02, 2.972111511230469e+02, 2.972592163085938e+02, 2.969549255371094e+02, 2.971446533203125e+02, 2.9715478515625e+02, 2.971592407226562e+02, 2.971416931152344e+02, 2.972005615234375e+02, 2.971679992675781e+02, 2.971237182617188e+02, 2.987304992675781e+02, 2.990044860839844e+02, 2.991425170898438e+02, 2.992277526855469e+02, 2.993529052734375e+02, 2.993676452636719e+02, 2.993549499511719e+02, 2.993197326660156e+02, 2.971479797363281e+02, 2.971505126953125e+02, 2.982019348144531e+02, 2.987870483398438e+02, 2.98931640625e+02, 2.988319396972656e+02, 2.988351745605469e+02, 2.989750061035156e+02, 2.990323791503906e+02, 2.99121337890625e+02, 2.983800659179688e+02, 2.977077331542969e+02, 3.002319641113281e+02, 3.003622131347656e+02, 3.004297485351562e+02, 3.003604736328125e+02, 3.003040161132812e+02, 3.002387084960938e+02, 3.001571960449219e+02, 2.973624572753906e+02, 2.972258605957031e+02, 2.971668090820312e+02, 2.981749267578125e+02, 2.987330627441406e+02, 2.989795837402344e+02, 2.989298400878906e+02, 2.989112854003906e+02, 2.991400451660156e+02, 2.992330932617188e+02, 2.9913623046875e+02, 2.9857763671875e+02, 2.980405883789062e+02, 3.003559265136719e+02, 3.005360412597656e+02, 3.005969848632812e+02, 3.005398254394531e+02, 3.004633483886719e+02, 3.003894653320312e+02, 3.002924194335938e+02, 2.973414001464844e+02, 2.972490539550781e+02, 2.971682434082031e+02, 2.983009948730469e+02, 2.985177612304688e+02, 2.987653198242188e+02, 2.990140380859375e+02, 2.990701293945312e+02, 2.990931396484375e+02, 2.992287292480469e+02, 2.9940869140625e+02, 2.990035400390625e+02, 2.983713684082031e+02, 3.004156494140625e+02, 3.004629821777344e+02, 3.005043029785156e+02, 3.004596252441406e+02, 3.003944396972656e+02]
flo.nor.TAir=[2.931499938964844e+02, 2.972754211425781e+02, 2.973731384277344e+02, 2.973114624023438e+02, 2.974569091796875e+02, 2.973209838867188e+02, 2.963197021484375e+02, 2.96492431640625e+02, 2.966753234863281e+02, 2.968106689453125e+02, 2.9670068359375e+02, 2.967992553710938e+02, 2.969541931152344e+02, 2.969613342285156e+02, 2.967460327148438e+02, 2.965059204101562e+02, 2.979323120117188e+02, 2.98081787109375e+02, 2.982476196289062e+02, 2.983749084472656e+02, 2.9847216796875e+02, 2.984039916992188e+02, 2.9838330078125e+02, 2.983916320800781e+02, 2.984472961425781e+02, 2.973840026855469e+02, 2.96731689453125e+02, 2.966769714355469e+02, 2.967979125976562e+02, 2.967851867675781e+02, 2.96852294921875e+02, 2.969513549804688e+02, 2.97065673828125e+02, 2.970679931640625e+02, 2.971293334960938e+02, 2.970922546386719e+02, 2.984696044921875e+02, 2.987312316894531e+02, 2.9887158203125e+02, 2.989663391113281e+02, 2.991159973144531e+02, 2.9914892578125e+02, 2.991483764648438e+02, 2.991266174316406e+02, 2.971760864257812e+02, 2.971190490722656e+02, 2.979764099121094e+02, 2.9829345703125e+02, 2.985701904296875e+02, 2.988155517578125e+02, 2.988908996582031e+02, 2.99111572265625e+02, 2.992060546875e+02, 2.993644104003906e+02, 2.985890502929688e+02, 2.9797509765625e+02, 2.999007568359375e+02, 3.001648864746094e+02, 3.002292785644531e+02, 3.001714172363281e+02, 3.001239013671875e+02, 3.000719909667969e+02, 3.00000244140625e+02, 2.977516479492188e+02, 2.972951354980469e+02, 2.971411743164062e+02, 2.980955810546875e+02, 2.982179870605469e+02, 2.986004943847656e+02, 2.98918701171875e+02, 2.989799194335938e+02, 2.992773742675781e+02, 2.994144897460938e+02, 2.994044189453125e+02, 2.988160400390625e+02, 2.9833642578125e+02, 3.000917358398438e+02, 3.003473205566406e+02, 3.003993835449219e+02, 3.003538208007812e+02, 3.002891235351562e+02, 3.002227172851562e+02, 3.001346130371094e+02, 2.977528686523438e+02, 2.97315185546875e+02, 2.971461181640625e+02, 2.98104248046875e+02, 2.982799377441406e+02, 2.986846923828125e+02, 2.991166076660156e+02, 2.992005615234375e+02, 2.993087768554688e+02, 2.994719543457031e+02, 2.996882629394531e+02, 2.992197265625e+02, 2.985862731933594e+02, 3.001292419433594e+02, 3.002442321777344e+02, 3.003462829589844e+02, 3.002477111816406e+02, 3.0016748046875e+02]
flo.wes.TAir=[2.931499938964844e+02, 2.974220886230469e+02, 2.975237731933594e+02, 2.974767761230469e+02, 2.9753125e+02, 2.970728454589844e+02, 2.963969421386719e+02, 2.966038208007812e+02, 2.967908020019531e+02, 2.969411315917969e+02, 2.968575439453125e+02, 2.970172119140625e+02, 2.972109985351562e+02, 2.971259765625e+02, 2.970897216796875e+02, 2.968177795410156e+02, 2.98199462890625e+02, 2.982962036132812e+02, 2.984507141113281e+02, 2.985719299316406e+02, 2.986614379882812e+02, 2.985910949707031e+02, 2.985760192871094e+02, 2.985382995605469e+02, 2.98489013671875e+02, 2.973655395507812e+02, 2.969063110351562e+02, 2.969604797363281e+02, 2.971687622070312e+02, 2.971107177734375e+02, 2.9716259765625e+02, 2.972008056640625e+02, 2.973671264648438e+02, 2.972501220703125e+02, 2.974071350097656e+02, 2.970407104492188e+02, 2.990643005371094e+02, 2.990458984375e+02, 2.992424926757812e+02, 2.993124389648438e+02, 2.994347534179688e+02, 2.9944970703125e+02, 2.994354858398438e+02, 2.993907165527344e+02, 2.971750793457031e+02, 2.971320495605469e+02, 2.979353942871094e+02, 2.979299926757812e+02, 2.98185546875e+02, 2.984445190429688e+02, 2.985677490234375e+02, 2.987949523925781e+02, 2.992936401367188e+02, 2.996743469238281e+02, 2.989263610839844e+02, 2.981144104003906e+02, 3.003967895507812e+02, 3.00465576171875e+02, 3.005176696777344e+02, 3.004350891113281e+02, 3.003721008300781e+02, 3.002891540527344e+02, 3.002057189941406e+02, 2.9746337890625e+02, 2.971889953613281e+02, 2.971531066894531e+02, 2.979458312988281e+02, 2.977622985839844e+02, 2.981407775878906e+02, 2.984836120605469e+02, 2.985892333984375e+02, 2.989226989746094e+02, 2.995415344238281e+02, 2.998136291503906e+02, 2.993226013183594e+02, 2.986177673339844e+02, 3.006393127441406e+02, 3.006875915527344e+02, 3.007210693359375e+02, 3.0065380859375e+02, 3.005650634765625e+02, 3.004913330078125e+02, 3.003849487304688e+02, 2.974834289550781e+02, 2.972078857421875e+02, 2.971568603515625e+02, 2.978539123535156e+02, 2.978683166503906e+02, 2.982749633789062e+02, 2.987409057617188e+02, 2.9887060546875e+02, 2.989566650390625e+02, 2.995274658203125e+02, 2.999464721679688e+02, 2.995599975585938e+02, 2.986104431152344e+02, 3.00556396484375e+02, 3.005570373535156e+02, 3.00567626953125e+02, 3.004598999023438e+02, 3.004075317382812e+02]
flo.cor.TAir=[2.931499938964844e+02, 2.971905822753906e+02, 2.972787475585938e+02, 2.973023071289062e+02, 2.973655700683594e+02, 2.972445068359375e+02, 2.962133178710938e+02, 2.963422241210938e+02, 2.964744567871094e+02, 2.965771789550781e+02, 2.9651123046875e+02, 2.965970764160156e+02, 2.966933898925781e+02, 2.966661071777344e+02, 2.965534057617188e+02, 2.963413696289062e+02, 2.977915954589844e+02, 2.979695739746094e+02, 2.98134765625e+02, 2.982569274902344e+02, 2.983524169921875e+02, 2.983281860351562e+02, 2.983246154785156e+02, 2.983220520019531e+02, 2.9832470703125e+02, 2.972874145507812e+02, 2.965370483398438e+02, 2.964891662597656e+02, 2.96548828125e+02, 2.965729064941406e+02, 2.966415100097656e+02, 2.966763916015625e+02, 2.967429504394531e+02, 2.967565002441406e+02, 2.968150024414062e+02, 2.967163696289062e+02, 2.983283081054688e+02, 2.985746154785156e+02, 2.98740478515625e+02, 2.988232727050781e+02, 2.989903259277344e+02, 2.990335693359375e+02, 2.990456848144531e+02, 2.99037841796875e+02, 2.969202880859375e+02, 2.97073486328125e+02, 2.978266906738281e+02, 2.980770874023438e+02, 2.983145141601562e+02, 2.985276184082031e+02, 2.985907287597656e+02, 2.988020935058594e+02, 2.988869934082031e+02, 2.990692443847656e+02, 2.982897644042969e+02, 2.976427612304688e+02, 2.997489318847656e+02, 3.000119323730469e+02, 3.000924682617188e+02, 3.000456237792969e+02, 3.00004150390625e+02, 2.999540100097656e+02, 2.998967590332031e+02, 2.974920654296875e+02, 2.9721728515625e+02, 2.971501770019531e+02, 2.979739990234375e+02, 2.979976806640625e+02, 2.9834765625e+02, 2.986396179199219e+02, 2.987002563476562e+02, 2.989921264648438e+02, 2.991256408691406e+02, 2.991344909667969e+02, 2.985599060058594e+02, 2.980212097167969e+02, 2.999734191894531e+02, 3.002057495117188e+02, 3.002689819335938e+02, 3.002330322265625e+02, 3.001747741699219e+02, 3.001272888183594e+02, 3.0004931640625e+02, 2.975204772949219e+02, 2.972218933105469e+02, 2.9715771484375e+02, 2.980061950683594e+02, 2.980256958007812e+02, 2.983826599121094e+02, 2.987942199707031e+02, 2.988795166015625e+02, 2.98982666015625e+02, 2.991423034667969e+02, 2.993862609863281e+02, 2.989288635253906e+02, 2.982699890136719e+02, 2.999961853027344e+02, 3.001544494628906e+02, 3.00206787109375e+02, 3.001481018066406e+02, 3.000960693359375e+02]
hvac.TZonSet[1].TCooSet=[3.031499938964844e+02, 3.031499938964844e+02, 3.031499938964844e+02, 3.031499938964844e+02, 3.031499938964844e+02, 2.971499938964844e+02, 2.971499938964844e+02, 2.971499938964844e+02, 2.971499938964844e+02, 2.971499938964844e+02, 2.971499938964844e+02, 2.971499938964844e+02, 2.971499938964844e+02, 2.971499938964844e+02, 2.971499938964844e+02, 2.971499938964844e+02, 3.031499938964844e+02, 3.031499938964844e+02, 3.031499938964844e+02, 3.031499938964844e+02, 3.031499938964844e+02, 3.031499938964844e+02, 3.031499938964844e+02, 3.031499938964844e+02, 2.971499938964844e+02, 2.971499938964844e+02, 2.971499938964844e+02, 2.971499938964844e+02, 2.971499938964844e+02, 2.971499938964844e+02, 2.971499938964844e+02, 2.971499938964844e+02, 2.971499938964844e+02, 2.971499938964844e+02, 2.971499938964844e+02, 2.971499938964844e+02, 3.031499938964844e+02, 3.031499938964844e+02, 3.031499938964844e+02, 3.031499938964844e+02, 3.031499938964844e+02, 3.031499938964844e+02, 3.031499938964844e+02, 3.031499938964844e+02, 2.971499938964844e+02, 2.971499938964844e+02, 2.971499938964844e+02, 2.971499938964844e+02, 2.971499938964844e+02, 2.971499938964844e+02, 2.971499938964844e+02, 2.971499938964844e+02, 2.971499938964844e+02, 2.971499938964844e+02, 2.971499938964844e+02, 2.971499938964844e+02, 3.031499938964844e+02, 3.031499938964844e+02, 3.031499938964844e+02, 3.031499938964844e+02, 3.031499938964844e+02, 3.031499938964844e+02, 3.031499938964844e+02, 2.971499938964844e+02, 2.971499938964844e+02, 2.971499938964844e+02, 2.971499938964844e+02, 2.971499938964844e+02, 2.971499938964844e+02, 2.971499938964844e+02, 2.971499938964844e+02, 2.971499938964844e+02, 2.971499938964844e+02, 2.971499938964844e+02, 2.971499938964844e+02, 2.971499938964844e+02, 3.031499938964844e+02, 3.031499938964844e+02, 3.031499938964844e+02, 3.031499938964844e+02, 3.031499938964844e+02, 3.031499938964844e+02, 3.031499938964844e+02, 2.971499938964844e+02, 2.971499938964844e+02, 2.971499938964844e+02, 2.971499938964844e+02, 2.971499938964844e+02, 2.971499938964844e+02, 2.971499938964844e+02, 2.971499938964844e+02, 2.971499938964844e+02, 2.971499938964844e+02, 2.971499938964844e+02, 2.971499938964844e+02, 2.971499938964844e+02, 3.031499938964844e+02, 3.031499938964844e+02, 3.031499938964844e+02, 3.031499938964844e+02, 3.031499938964844e+02]
hvac.TZonSet[1].THeaSet=[2.851499938964844e+02, 2.851499938964844e+02, 2.851499938964844e+02, 2.851499938964844e+02, 2.851499938964844e+02, 2.931499938964844e+02, 2.931499938964844e+02, 2.931499938964844e+02, 2.931499938964844e+02, 2.931499938964844e+02, 2.931499938964844e+02, 2.931499938964844e+02, 2.931499938964844e+02, 2.931499938964844e+02, 2.931499938964844e+02, 2.931499938964844e+02, 2.851499938964844e+02, 2.851499938964844e+02, 2.851499938964844e+02, 2.851499938964844e+02, 2.851499938964844e+02, 2.851499938964844e+02, 2.851499938964844e+02, 2.851499938964844e+02, 2.931499938964844e+02, 2.931499938964844e+02, 2.931499938964844e+02, 2.931499938964844e+02, 2.931499938964844e+02, 2.931499938964844e+02, 2.931499938964844e+02, 2.931499938964844e+02, 2.931499938964844e+02, 2.931499938964844e+02, 2.931499938964844e+02, 2.931499938964844e+02, 2.851499938964844e+02, 2.851499938964844e+02, 2.851499938964844e+02, 2.851499938964844e+02, 2.851499938964844e+02, 2.851499938964844e+02, 2.851499938964844e+02, 2.851499938964844e+02, 2.931499938964844e+02, 2.931499938964844e+02, 2.931499938964844e+02, 2.931499938964844e+02, 2.931499938964844e+02, 2.931499938964844e+02, 2.931499938964844e+02, 2.931499938964844e+02, 2.931499938964844e+02, 2.931499938964844e+02, 2.931499938964844e+02, 2.931499938964844e+02, 2.851499938964844e+02, 2.851499938964844e+02, 2.851499938964844e+02, 2.851499938964844e+02, 2.851499938964844e+02, 2.851499938964844e+02, 2.851499938964844e+02, 2.931499938964844e+02, 2.931499938964844e+02, 2.931499938964844e+02, 2.931499938964844e+02, 2.931499938964844e+02, 2.931499938964844e+02, 2.931499938964844e+02, 2.931499938964844e+02, 2.931499938964844e+02, 2.931499938964844e+02, 2.931499938964844e+02, 2.931499938964844e+02, 2.931499938964844e+02, 2.851499938964844e+02, 2.851499938964844e+02, 2.851499938964844e+02, 2.851499938964844e+02, 2.851499938964844e+02, 2.851499938964844e+02, 2.851499938964844e+02, 2.931499938964844e+02, 2.931499938964844e+02, 2.931499938964844e+02, 2.931499938964844e+02, 2.931499938964844e+02, 2.931499938964844e+02, 2.931499938964844e+02, 2.931499938964844e+02, 2.931499938964844e+02, 2.931499938964844e+02, 2.931499938964844e+02, 2.931499938964844e+02, 2.931499938964844e+02, 2.851499938964844e+02, 2.851499938964844e+02, 2.851499938964844e+02, 2.851499938964844e+02, 2.851499938964844e+02]
hvac.fanSup.y=[0e+00, 0e+00, 0e+00, 0e+00, 0e+00, 2.819846272468567e-01, 3.424854278564453e-01, 2.898862957954407e-01, 3.100093603134155e-01, 3.165965974330902e-01, 3.036587834358215e-01, 3.034870028495789e-01, 3.298745155334473e-01, 4.103426337242126e-01, 3.54981541633606e-01, 2.985840737819672e-01, 0e+00, 0e+00, 0e+00, 0e+00, 0e+00, 0e+00, 0e+00, 0e+00, 1.724348813295364e-01, 4.596645832061768e-01, 3.076509237289429e-01, 3.583678901195526e-01, 3.533795177936554e-01, 3.201903700828552e-01, 3.096459805965424e-01, 3.312738537788391e-01, 3.629779815673828e-01, 4.226824045181274e-01, 4.015403985977173e-01, 3.873242735862732e-01, 0e+00, 0e+00, 0e+00, 0e+00, 0e+00, 0e+00, 0e+00, 0e+00, 6.97847306728363e-01, 2.945596575737e-01, 4.540742039680481e-01, 1e+00, 1e+00, 1e+00, 1e+00, 1e+00, 1e+00, 1e+00, 1e+00, 1e+00, 0e+00, 0e+00, 0e+00, 0e+00, 0e+00, 0e+00, 0e+00, 5.898879170417786e-01, 4.750593304634094e-01, 3.262686729431152e-01, 5.391955971717834e-01, 1e+00, 1e+00, 1e+00, 1e+00, 1e+00, 1e+00, 1e+00, 1e+00, 1e+00, 0e+00, 0e+00, 0e+00, 0e+00, 0e+00, 0e+00, 0e+00, 6.045094132423401e-01, 4.984084963798523e-01, 3.415858149528503e-01, 6.051437854766846e-01, 1e+00, 1e+00, 1e+00, 1e+00, 1e+00, 1e+00, 1e+00, 1e+00, 1e+00, 0e+00, 0e+00, 0e+00, 0e+00, 0e+00]
hvac.VAVBox[5].vav.y_actual=[1e+00, -0e+00, 0e+00, 0e+00, 0e+00, 6.88849925994873e-01, 5.037158727645874e-01, 6.471127867698669e-01, 6.746101975440979e-01, 6.477386355400085e-01, 6.400946974754333e-01, 6.539278030395508e-01, 7.047572135925293e-01, 6.671234965324402e-01, 5.879119038581848e-01, 6.276401877403259e-01, 0e+00, 0e+00, 0e+00, 0e+00, 0e+00, 0e+00, 0e+00, 0e+00, 2.907862365245819e-01, 1.749507486820221e-01, 6.454893946647644e-01, 6.719357967376709e-01, 6.206678152084351e-01, 6.171305775642395e-01, 6.531272530555725e-01, 6.797736883163452e-01, 7.037295699119568e-01, 5.648816227912903e-01, 5.740312933921814e-01, 5.822721123695374e-01, 0e+00, 0e+00, 0e+00, 0e+00, 0e+00, 0e+00, 0e+00, 0e+00, 2.359998524188995e-01, 4.658272564411163e-01, 6.343926787376404e-01, 1e+00, 1e+00, 1e+00, 1e+00, 1e+00, 1e+00, 1e+00, 1e+00, 1e+00, 0e+00, 0e+00, 0e+00, 0e+00, 0e+00, 0e+00, 0e+00, 1e+00, 3.572026193141937e-01, 5.665454268455505e-01, 6.147364377975464e-01, 1e+00, 1e+00, 1e+00, 1e+00, 1e+00, 1e+00, 1e+00, 1e+00, 1e+00, -0e+00, 0e+00, 0e+00, 0e+00, 0e+00, 0e+00, 0e+00, 1e+00, 3.589051067829132e-01, 5.822731852531433e-01, 5.871178507804871e-01, 1e+00, 1e+00, 1e+00, 1e+00, 1e+00, 1e+00, 1e+00, 1e+00, 1e+00, -0e+00, 0e+00, 0e+00, 0e+00, 0e+00]
hvac.VAVBox[1].vav.y_actual=[1e+00, -0e+00, 0e+00, 0e+00, 0e+00, 6.821830272674561e-01, 5.044463872909546e-01, 6.471245288848877e-01, 6.746109127998352e-01, 6.47739052772522e-01, 6.400951147079468e-01, 6.771932244300842e-01, 1e+00, 1e+00, 6.366091966629028e-01, 6.294549107551575e-01, 0e+00, 0e+00, 0e+00, 0e+00, 0e+00, 0e+00, 0e+00, 0e+00, 3.140063583850861e-01, 2.481445968151093e-01, 6.469025611877441e-01, 6.71978235244751e-01, 6.206687092781067e-01, 6.171309351921082e-01, 6.588261127471924e-01, 7.556646466255188e-01, 8.519113063812256e-01, 5.770525336265564e-01, 6.182956099510193e-01, 5.849325060844421e-01, 0e+00, 0e+00, 0e+00, 0e+00, 0e+00, 0e+00, 0e+00, 0e+00, 2.504552006721497e-01, 5.546002388000488e-01, 6.965761780738831e-01, 1e+00, 1e+00, 1e+00, 1e+00, 1e+00, 1e+00, 1e+00, 1e+00, 1e+00, 0e+00, 0e+00, 0e+00, 0e+00, 0e+00, 0e+00, 0e+00, 1e+00, 4.281888902187347e-01, 6.768149733543396e-01, 6.825320720672607e-01, 1e+00, 1e+00, 1e+00, 1e+00, 1e+00, 1e+00, 1e+00, 1e+00, 1e+00, -0e+00, 0e+00, 0e+00, 0e+00, 0e+00, 0e+00, 0e+00, 1e+00, 4.290090799331665e-01, 6.995168328285217e-01, 6.561596393585205e-01, 1e+00, 1e+00, 1e+00, 1e+00, 1e+00, 1e+00, 1e+00, 1e+00, 1e+00, -0e+00, 0e+00, 0e+00, 0e+00, 0e+00]
hvac.VAVBox[2].vav.y_actual=[1e+00, -0e+00, 0e+00, 0e+00, 0e+00, 1e+00, 4.278980195522308e-01, 5.454732775688171e-01, 6.540834307670593e-01, 5.868880152702332e-01, 5.417175889015198e-01, 5.573211312294006e-01, 6.504129767417908e-01, 6.070780754089355e-01, 5.022059082984924e-01, 5.302430987358093e-01, 0e+00, 0e+00, 0e+00, 0e+00, 0e+00, 0e+00, 0e+00, 0e+00, 3.658044040203094e-01, 3.824985325336456e-01, 8.887295126914978e-01, 1e+00, 1e+00, 5.837417840957642e-01, 6.092179417610168e-01, 6.61093533039093e-01, 7.394324541091919e-01, 5.547035932540894e-01, 5.789689421653748e-01, 5.428710579872131e-01, -0e+00, 0e+00, 0e+00, 0e+00, 0e+00, 0e+00, 0e+00, 0e+00, 2.275526374578476e-01, 5.787573456764221e-01, 7.737738490104675e-01, 1e+00, 1e+00, 1e+00, 1e+00, 1e+00, 1e+00, 1e+00, 1e+00, 1e+00, 0e+00, 0e+00, 0e+00, 0e+00, 0e+00, 0e+00, 0e+00, 1e+00, 3.91884058713913e-01, 6.886542439460754e-01, 7.655971646308899e-01, 1e+00, 1e+00, 1e+00, 1e+00, 1e+00, 1e+00, 1e+00, 1e+00, 1e+00, -0e+00, 0e+00, 0e+00, 0e+00, 0e+00, 0e+00, 0e+00, 1e+00, 3.910336494445801e-01, 7.252058982849121e-01, 7.135489583015442e-01, 1e+00, 1e+00, 1e+00, 1e+00, 1e+00, 1e+00, 1e+00, 1e+00, 1e+00, -0e+00, 0e+00, 0e+00, 0e+00, 0e+00]
hvac.VAVBox[3].vav.y_actual=[1e+00, -0e+00, 0e+00, 0e+00, 0e+00, 8.107535839080811e-01, 5.052384734153748e-01, 6.471368074417114e-01, 6.746112704277039e-01, 6.47739052772522e-01, 6.400951147079468e-01, 6.539282202720642e-01, 7.047576904296875e-01, 6.671239733695984e-01, 5.879122018814087e-01, 6.276405453681946e-01, 0e+00, 0e+00, 0e+00, 0e+00, 0e+00, 0e+00, 0e+00, 0e+00, 3.194862008094788e-01, 2.818201780319214e-01, 6.474750638008118e-01, 6.71995222568512e-01, 6.206689476966858e-01, 6.171309351921082e-01, 6.531276702880859e-01, 6.797741651535034e-01, 7.03730046749115e-01, 5.648819804191589e-01, 5.740315914154053e-01, 5.82272469997406e-01, 0e+00, 0e+00, 0e+00, 0e+00, 0e+00, 0e+00, 0e+00, 0e+00, 2.495085448026657e-01, 5.657506585121155e-01, 6.888251304626465e-01, 1e+00, 1e+00, 1e+00, 1e+00, 1e+00, 1e+00, 1e+00, 1e+00, 1e+00, 0e+00, 0e+00, 0e+00, 0e+00, 0e+00, 0e+00, 0e+00, 1e+00, 4.282309412956238e-01, 6.953955292701721e-01, 6.745572090148926e-01, 1e+00, 1e+00, 1e+00, 1e+00, 1e+00, 1e+00, 1e+00, 1e+00, 1e+00, -0e+00, 0e+00, 0e+00, 0e+00, 0e+00, 0e+00, 0e+00, 1e+00, 4.288282692432404e-01, 7.245065569877625e-01, 6.448159217834473e-01, 1e+00, 1e+00, 1e+00, 1e+00, 1e+00, 1e+00, 1e+00, 1e+00, 1e+00, -0e+00, 0e+00, 0e+00, 0e+00, 0e+00]
hvac.VAVBox[4].vav.y_actual=[1e+00, -0e+00, 0e+00, 0e+00, 0e+00, 7.284907102584839e-01, 4.204736649990082e-01, 5.453254580497742e-01, 5.668838024139404e-01, 5.466599464416504e-01, 5.407822132110596e-01, 5.515678524971008e-01, 7.294020652770996e-01, 1e+00, 5.314212441444397e-01, 5.307509899139404e-01, 0e+00, 0e+00, 0e+00, 0e+00, 0e+00, 0e+00, 0e+00, 0e+00, 3.331579566001892e-01, 2.283161878585815e-01, 5.433431267738342e-01, 5.642713308334351e-01, 5.305097699165344e-01, 5.23032546043396e-01, 5.958484411239624e-01, 6.72050416469574e-01, 1e+00, 1e+00, 1e+00, 1e+00, -0e+00, 0e+00, 0e+00, 0e+00, 0e+00, 0e+00, 0e+00, 0e+00, 2.334159016609192e-01, 5.217241644859314e-01, 6.386585831642151e-01, 1e+00, 1e+00, 1e+00, 1e+00, 1e+00, 1e+00, 1e+00, 1e+00, 1e+00, 0e+00, 0e+00, 0e+00, 0e+00, 0e+00, 0e+00, 0e+00, 1e+00, 3.932293653488159e-01, 6.02358877658844e-01, 6.29906177520752e-01, 1e+00, 1e+00, 1e+00, 1e+00, 1e+00, 1e+00, 1e+00, 1e+00, 1e+00, -0e+00, 0e+00, 0e+00, 0e+00, 0e+00, 0e+00, 0e+00, 1e+00, 3.978392481803894e-01, 6.214139461517334e-01, 6.020415425300598e-01, 1e+00, 1e+00, 1e+00, 1e+00, 1e+00, 1e+00, 1e+00, 1e+00, 1e+00, -0e+00, 0e+00, 0e+00, 0e+00, 0e+00]
hvac.damOut.y=[0e+00, 0e+00, 0e+00, 0e+00, 0e+00, 0e+00, 1e+00, 1e+00, 1e+00, 1e+00, 1e+00, 1e+00, 1e+00, 1e+00, 1e+00, 1e+00, 0e+00, 0e+00, 0e+00, 0e+00, 0e+00, 0e+00, 0e+00, 0e+00, 0e+00, 0e+00, 1e+00, 1e+00, 1e+00, 1e+00, 1e+00, 1e+00, 1e+00, 1e+00, 1e+00, 1e+00, 0e+00, 0e+00, 0e+00, 0e+00, 0e+00, 0e+00, 0e+00, 0e+00, 0e+00, 0e+00, 1e+00, 1e+00, 1e+00, 1e+00, 1e+00, 1e+00, 1e+00, 1e+00, 1e+00, 1e+00, 0e+00, 0e+00, 0e+00, 0e+00, 0e+00, 0e+00, 0e+00, 0e+00, 0e+00, 0e+00, 1e+00, 1e+00, 1e+00, 1e+00, 1e+00, 1e+00, 1e+00, 1e+00, 1e+00, 1e+00, 0e+00, 0e+00, 0e+00, 0e+00, 0e+00, 0e+00, 0e+00, 0e+00, 0e+00, 0e+00, 1e+00, 1e+00, 1e+00, 1e+00, 1e+00, 1e+00, 1e+00, 1e+00, 1e+00, 1e+00, 0e+00, 0e+00, 0e+00, 0e+00, 0e+00]
hvac.VAVBox[1].TSup=[2.931499938964844e+02, 2.931500549316406e+02, 2.931500549316406e+02, 2.931500549316406e+02, 2.931500549316406e+02, 2.89729248046875e+02, 2.850692138671875e+02, 2.853870239257812e+02, 2.860223693847656e+02, 2.862280578613281e+02, 2.864525756835938e+02, 2.868153686523438e+02, 2.87471435546875e+02, 2.885951538085938e+02, 2.875331420898438e+02, 2.862615356445312e+02, 2.86444091796875e+02, 2.86444091796875e+02, 2.86444091796875e+02, 2.86444091796875e+02, 2.86444091796875e+02, 2.86444091796875e+02, 2.86444091796875e+02, 2.86444091796875e+02, 2.874922790527344e+02, 2.845546569824219e+02, 2.860741577148438e+02, 2.87052001953125e+02, 2.872960815429688e+02, 2.870087890625e+02, 2.870512390136719e+02, 2.877096557617188e+02, 2.88261962890625e+02, 2.885416870117188e+02, 2.884754638671875e+02, 2.878187561035156e+02, 2.872854614257812e+02, 2.872854614257812e+02, 2.872854614257812e+02, 2.872854614257812e+02, 2.872854614257812e+02, 2.872854614257812e+02, 2.872854614257812e+02, 2.872854614257812e+02, 2.850811767578125e+02, 2.85092529296875e+02, 2.87878662109375e+02, 2.937384033203125e+02, 2.937927551269531e+02, 2.940797119140625e+02, 2.944173889160156e+02, 2.941339111328125e+02, 2.941396789550781e+02, 2.941976623535156e+02, 2.938414001464844e+02, 2.932702941894531e+02, 2.924988403320312e+02, 2.924988403320312e+02, 2.924988403320312e+02, 2.924988403320312e+02, 2.924988403320312e+02, 2.924988403320312e+02, 2.924988403320312e+02, 2.8950537109375e+02, 2.847744140625e+02, 2.851139526367188e+02, 2.882854614257812e+02, 2.929265747070312e+02, 2.934717102050781e+02, 2.940345764160156e+02, 2.944160766601562e+02, 2.944441528320312e+02, 2.944433898925781e+02, 2.941808166503906e+02, 2.942019653320312e+02, 2.938905944824219e+02, 2.9278564453125e+02, 2.9278564453125e+02, 2.9278564453125e+02, 2.9278564453125e+02, 2.9278564453125e+02, 2.9278564453125e+02, 2.9278564453125e+02, 2.892672424316406e+02, 2.847908325195312e+02, 2.851009216308594e+02, 2.887872314453125e+02, 2.93139404296875e+02, 2.935314331054688e+02, 2.943312377929688e+02, 2.947601013183594e+02, 2.941665344238281e+02, 2.943858032226562e+02, 2.948462829589844e+02, 2.95221923828125e+02, 2.946428833007812e+02, 2.936839294433594e+02, 2.936839294433594e+02, 2.936839294433594e+02, 2.936839294433594e+02, 2.936839294433594e+02]
hvac.VAVBox[2].TSup=[2.931499938964844e+02, 2.931500549316406e+02, 2.931500549316406e+02, 2.931500549316406e+02, 2.931500549316406e+02, 2.897271423339844e+02, 2.850691833496094e+02, 2.853869934082031e+02, 2.860223083496094e+02, 2.862281494140625e+02, 2.864523620605469e+02, 2.868152160644531e+02, 2.874710998535156e+02, 2.885950622558594e+02, 2.87534423828125e+02, 2.862618408203125e+02, 2.864222412109375e+02, 2.864222412109375e+02, 2.864222412109375e+02, 2.864222412109375e+02, 2.864222412109375e+02, 2.864222412109375e+02, 2.864222412109375e+02, 2.864222412109375e+02, 2.877107543945312e+02, 2.845562133789062e+02, 2.860745544433594e+02, 2.870526733398438e+02, 2.872961120605469e+02, 2.870088195800781e+02, 2.870511474609375e+02, 2.877095642089844e+02, 2.882619323730469e+02, 2.885418395996094e+02, 2.884755554199219e+02, 2.878186950683594e+02, 2.872605590820312e+02, 2.872605590820312e+02, 2.872605590820312e+02, 2.872605590820312e+02, 2.872605590820312e+02, 2.872605590820312e+02, 2.872605590820312e+02, 2.872605590820312e+02, 2.850823974609375e+02, 2.850925598144531e+02, 2.878791809082031e+02, 2.937384033203125e+02, 2.937927551269531e+02, 2.940797119140625e+02, 2.944173889160156e+02, 2.941339111328125e+02, 2.941396789550781e+02, 2.941976623535156e+02, 2.938414001464844e+02, 2.932702941894531e+02, 2.924988403320312e+02, 2.924988403320312e+02, 2.924988403320312e+02, 2.924988403320312e+02, 2.924988403320312e+02, 2.924988403320312e+02, 2.924988403320312e+02, 2.8950537109375e+02, 2.847743225097656e+02, 2.851139526367188e+02, 2.882860717773438e+02, 2.929265747070312e+02, 2.934717102050781e+02, 2.940345764160156e+02, 2.944160766601562e+02, 2.944441528320312e+02, 2.944433898925781e+02, 2.941808166503906e+02, 2.942019653320312e+02, 2.938905944824219e+02, 2.927856140136719e+02, 2.927856140136719e+02, 2.927856140136719e+02, 2.927856140136719e+02, 2.927856140136719e+02, 2.927856140136719e+02, 2.927856140136719e+02, 2.892672424316406e+02, 2.847907409667969e+02, 2.851009216308594e+02, 2.887878112792969e+02, 2.93139404296875e+02, 2.935314331054688e+02, 2.943312377929688e+02, 2.947601013183594e+02, 2.941665344238281e+02, 2.943858032226562e+02, 2.948462829589844e+02, 2.95221923828125e+02, 2.946428833007812e+02, 2.936839294433594e+02, 2.936839294433594e+02, 2.936839294433594e+02, 2.936839294433594e+02, 2.936839294433594e+02]
hvac.VAVBox[3].TSup=[2.931499938964844e+02, 2.931500549316406e+02, 2.931500549316406e+02, 2.931500549316406e+02, 2.931500549316406e+02, 2.89727783203125e+02, 2.850692138671875e+02, 2.853870239257812e+02, 2.860223693847656e+02, 2.862280578613281e+02, 2.864525756835938e+02, 2.868153686523438e+02, 2.874712219238281e+02, 2.885950927734375e+02, 2.875334777832031e+02, 2.862615356445312e+02, 2.864440307617188e+02, 2.864440307617188e+02, 2.864440307617188e+02, 2.864440307617188e+02, 2.864440307617188e+02, 2.864440307617188e+02, 2.864440307617188e+02, 2.864440307617188e+02, 2.875163879394531e+02, 2.845552368164062e+02, 2.860741577148438e+02, 2.87052001953125e+02, 2.872960815429688e+02, 2.870087890625e+02, 2.870512390136719e+02, 2.877095947265625e+02, 2.882619323730469e+02, 2.885417785644531e+02, 2.884755554199219e+02, 2.878187561035156e+02, 2.872854309082031e+02, 2.872854309082031e+02, 2.872854309082031e+02, 2.872854309082031e+02, 2.872854309082031e+02, 2.872854309082031e+02, 2.872854309082031e+02, 2.872854309082031e+02, 2.850812377929688e+02, 2.85092529296875e+02, 2.878786010742188e+02, 2.937384033203125e+02, 2.937927551269531e+02, 2.940797119140625e+02, 2.944173889160156e+02, 2.941339111328125e+02, 2.941396789550781e+02, 2.941976623535156e+02, 2.938414001464844e+02, 2.932702941894531e+02, 2.924988403320312e+02, 2.924988403320312e+02, 2.924988403320312e+02, 2.924988403320312e+02, 2.924988403320312e+02, 2.924988403320312e+02, 2.924988403320312e+02, 2.8950537109375e+02, 2.847744140625e+02, 2.851139831542969e+02, 2.882853698730469e+02, 2.929265747070312e+02, 2.934717102050781e+02, 2.940345764160156e+02, 2.944160766601562e+02, 2.944441528320312e+02, 2.944433898925781e+02, 2.941808166503906e+02, 2.942019653320312e+02, 2.938905944824219e+02, 2.9278564453125e+02, 2.9278564453125e+02, 2.9278564453125e+02, 2.9278564453125e+02, 2.9278564453125e+02, 2.9278564453125e+02, 2.9278564453125e+02, 2.892672424316406e+02, 2.847908325195312e+02, 2.851009216308594e+02, 2.887870788574219e+02, 2.93139404296875e+02, 2.935314331054688e+02, 2.943312377929688e+02, 2.947601013183594e+02, 2.941665344238281e+02, 2.943858032226562e+02, 2.948462829589844e+02, 2.95221923828125e+02, 2.946428833007812e+02, 2.936839294433594e+02, 2.936839294433594e+02, 2.936839294433594e+02, 2.936839294433594e+02, 2.936839294433594e+02]
hvac.VAVBox[4].TSup=[2.931499938964844e+02, 2.931500549316406e+02, 2.931500549316406e+02, 2.931500549316406e+02, 2.931500549316406e+02, 2.897285461425781e+02, 2.850691528320312e+02, 2.853869934082031e+02, 2.860218505859375e+02, 2.862282104492188e+02, 2.864523620605469e+02, 2.86815185546875e+02, 2.874712524414062e+02, 2.885951538085938e+02, 2.875340270996094e+02, 2.862618103027344e+02, 2.864222412109375e+02, 2.864222412109375e+02, 2.864222412109375e+02, 2.864222412109375e+02, 2.864222412109375e+02, 2.864222412109375e+02, 2.864222412109375e+02, 2.864222412109375e+02, 2.875763854980469e+02, 2.845542297363281e+02, 2.860735168457031e+02, 2.870510559082031e+02, 2.872960815429688e+02, 2.870088806152344e+02, 2.870511169433594e+02, 2.877095642089844e+02, 2.882619934082031e+02, 2.885408020019531e+02, 2.884752807617188e+02, 2.8781884765625e+02, 2.873077087402344e+02, 2.873077087402344e+02, 2.873077087402344e+02, 2.873077087402344e+02, 2.873077087402344e+02, 2.873077087402344e+02, 2.873077087402344e+02, 2.873077087402344e+02, 2.850820617675781e+02, 2.85092529296875e+02, 2.878780517578125e+02, 2.937384033203125e+02, 2.937927551269531e+02, 2.940797119140625e+02, 2.944173889160156e+02, 2.941339111328125e+02, 2.941396789550781e+02, 2.941976623535156e+02, 2.938414001464844e+02, 2.932702941894531e+02, 2.924988403320312e+02, 2.924988403320312e+02, 2.924988403320312e+02, 2.924988403320312e+02, 2.924988403320312e+02, 2.924988403320312e+02, 2.924988403320312e+02, 2.8950537109375e+02, 2.847743225097656e+02, 2.851139221191406e+02, 2.882847900390625e+02, 2.929265747070312e+02, 2.934717102050781e+02, 2.940345764160156e+02, 2.944160766601562e+02, 2.944441528320312e+02, 2.944433898925781e+02, 2.941808166503906e+02, 2.942019653320312e+02, 2.938905944824219e+02, 2.9278564453125e+02, 2.9278564453125e+02, 2.9278564453125e+02, 2.9278564453125e+02, 2.9278564453125e+02, 2.9278564453125e+02, 2.9278564453125e+02, 2.892672424316406e+02, 2.847907409667969e+02, 2.851008605957031e+02, 2.887864074707031e+02, 2.93139404296875e+02, 2.935314331054688e+02, 2.943312377929688e+02, 2.947601013183594e+02, 2.941665344238281e+02, 2.943858032226562e+02, 2.948462829589844e+02, 2.95221923828125e+02, 2.946428833007812e+02, 2.936839294433594e+02, 2.936839294433594e+02, 2.936839294433594e+02, 2.936839294433594e+02, 2.936839294433594e+02]
hvac.VAVBox[5].TSup=[2.931499938964844e+02, 2.931500244140625e+02, 2.931500244140625e+02, 2.931500244140625e+02, 2.931500244140625e+02, 2.897291259765625e+02, 2.850692138671875e+02, 2.853870239257812e+02, 2.860223693847656e+02, 2.862280578613281e+02, 2.864525756835938e+02, 2.868153686523438e+02, 2.874712219238281e+02, 2.885950927734375e+02, 2.875334777832031e+02, 2.862615356445312e+02, 2.864440307617188e+02, 2.864440307617188e+02, 2.864440307617188e+02, 2.864440307617188e+02, 2.864440307617188e+02, 2.864440307617188e+02, 2.864440307617188e+02, 2.864440307617188e+02, 2.87387451171875e+02, 2.845526733398438e+02, 2.860741577148438e+02, 2.87052001953125e+02, 2.872960815429688e+02, 2.870087890625e+02, 2.870512390136719e+02, 2.877095947265625e+02, 2.882619323730469e+02, 2.885417785644531e+02, 2.884755554199219e+02, 2.878187561035156e+02, 2.87285400390625e+02, 2.87285400390625e+02, 2.87285400390625e+02, 2.87285400390625e+02, 2.87285400390625e+02, 2.87285400390625e+02, 2.87285400390625e+02, 2.87285400390625e+02, 2.850819396972656e+02, 2.850924987792969e+02, 2.878779907226562e+02, 2.937384033203125e+02, 2.937927551269531e+02, 2.940797119140625e+02, 2.944173889160156e+02, 2.941339111328125e+02, 2.941396789550781e+02, 2.941976623535156e+02, 2.938414001464844e+02, 2.932702941894531e+02, 2.924988403320312e+02, 2.924988403320312e+02, 2.924988403320312e+02, 2.924988403320312e+02, 2.924988403320312e+02, 2.924988403320312e+02, 2.924988403320312e+02, 2.8950537109375e+02, 2.847742004394531e+02, 2.851138916015625e+02, 2.882845764160156e+02, 2.929265747070312e+02, 2.934717102050781e+02, 2.940345764160156e+02, 2.944160766601562e+02, 2.944441528320312e+02, 2.944433898925781e+02, 2.941808166503906e+02, 2.942019653320312e+02, 2.938905944824219e+02, 2.927856140136719e+02, 2.927856140136719e+02, 2.927856140136719e+02, 2.927856140136719e+02, 2.927856140136719e+02, 2.927856140136719e+02, 2.927856140136719e+02, 2.892672424316406e+02, 2.847906188964844e+02, 2.85100830078125e+02, 2.887861328125e+02, 2.93139404296875e+02, 2.935314331054688e+02, 2.943312377929688e+02, 2.947601013183594e+02, 2.941665344238281e+02, 2.943858032226562e+02, 2.948462829589844e+02, 2.95221923828125e+02, 2.946428833007812e+02, 2.936838989257812e+02, 2.936838989257812e+02, 2.936838989257812e+02, 2.936838989257812e+02, 2.936838989257812e+02]
hvac.res.EFan=[0e+00, -6.99305360285507e-08, -6.99305360285507e-08, -6.99305360285507e-08, -6.99305360285507e-08, 6.267617797851562e+02, 4.9673544921875e+03, 8.827724609375e+03, 1.26855380859375e+04, 1.6538919921875e+04, 2.039373046875e+04, 2.425046484375e+04, 2.8104748046875e+04, 3.1988080078125e+04, 3.5921171875e+04, 3.977703125e+04, 4.299663671875e+04, 4.299663671875e+04, 4.299663671875e+04, 4.299663671875e+04, 4.299663671875e+04, 4.299663671875e+04, 4.299663671875e+04, 4.299663671875e+04, 4.3018921875e+04, 4.8079765625e+04, 5.1949453125e+04, 5.580430078125e+04, 5.9699265625e+04, 6.355653515625e+04, 6.7411015625e+04, 7.12644375e+04, 7.51263671875e+04, 7.91424140625e+04, 8.31524296875e+04, 8.71333203125e+04, 9.0375546875e+04, 9.0375546875e+04, 9.0375546875e+04, 9.0375546875e+04, 9.0375546875e+04, 9.0375546875e+04, 9.0375546875e+04, 9.0375546875e+04, 9.54652578125e+04, 9.95681171875e+04, 1.03750296875e+05, 1.1581009375e+05, 1.35329046875e+05, 1.54847390625e+05, 1.74365796875e+05, 1.93884234375e+05, 2.1340275e+05, 2.3292196875e+05, 2.52441046875e+05, 2.71959875e+05, 2.8826971875e+05, 2.8826971875e+05, 2.8826971875e+05, 2.8826971875e+05, 2.8826971875e+05, 2.8826971875e+05, 2.8826971875e+05, 2.896716875e+05, 2.9840415625e+05, 3.022896875e+05, 3.07672125e+05, 3.207055625e+05, 3.402243125e+05, 3.59743e+05, 3.7926159375e+05, 3.987801875e+05, 4.1829884375e+05, 4.3781753125e+05, 4.5733603125e+05, 4.768545e+05, 4.93163875e+05, 4.93163875e+05, 4.93163875e+05, 4.93163875e+05, 4.93163875e+05, 4.93163875e+05, 4.93163875e+05, 4.9466759375e+05, 5.0385225e+05, 5.0776665625e+05, 5.13871625e+05, 5.27154e+05, 5.4667225e+05, 5.661903125e+05, 5.85708375e+05, 6.052269375e+05, 6.247455e+05, 6.442634375e+05, 6.637821875e+05, 6.833008125e+05, 6.99610375e+05, 6.99610375e+05, 6.99610375e+05, 6.99610375e+05, 6.99610375e+05]
hvac.res.EHea=[0e+00, 0e+00, 0e+00, 0e+00, 0e+00, 0e+00, 0e+00, 0e+00, 0e+00, 0e+00, 0e+00, 0e+00, 0e+00, 0e+00, 0e+00, 0e+00, 0e+00, 0e+00, 0e+00, 0e+00, 0e+00, 0e+00, 0e+00, 0e+00, 0e+00, 0e+00, 0e+00, 0e+00, 0e+00, 0e+00, 0e+00, 0e+00, 0e+00, 0e+00, 0e+00, 0e+00, 0e+00, 0e+00, 0e+00, 0e+00, 0e+00, 0e+00, 0e+00, 0e+00, 0e+00, 0e+00, 0e+00, 0e+00, 0e+00, 0e+00, 0e+00, 0e+00, 0e+00, 0e+00, 0e+00, 0e+00, 0e+00, 0e+00, 0e+00, 0e+00, 0e+00, 0e+00, 0e+00, 0e+00, 0e+00, 0e+00, 0e+00, 0e+00, 0e+00, 0e+00, 0e+00, 0e+00, 0e+00, 0e+00, 0e+00, 0e+00, 0e+00, 0e+00, 0e+00, 0e+00, 0e+00, 0e+00, 0e+00, 0e+00, 0e+00, 0e+00, 0e+00, 0e+00, 0e+00, 0e+00, 0e+00, 0e+00, 0e+00, 0e+00, 0e+00, 0e+00, 0e+00, 0e+00, 0e+00, 0e+00, 0e+00]
hvac.res.ECoo=[0e+00, 0e+00, 0e+00, 0e+00, 0e+00, -4.22397021484375e+03, -1.082162578125e+05, -2.13904109375e+05, -3.5419340625e+05, -5.150564375e+05, -6.70657375e+05, -8.3488525e+05, -1.014196e+06, -1.2185345e+06, -1.43484975e+06, -1.603079125e+06, -1.735514875e+06, -1.735514875e+06, -1.735514875e+06, -1.735514875e+06, -1.735514875e+06, -1.735514875e+06, -1.735514875e+06, -1.735514875e+06, -1.735514875e+06, -1.830115e+06, -1.972527375e+06, -2.14358625e+06, -2.335357e+06, -2.517349e+06, -2.69103175e+06, -2.87717575e+06, -3.08154275e+06, -3.30249975e+06, -3.52186275e+06, -3.73664275e+06, -3.8988495e+06, -3.8988495e+06, -3.8988495e+06, -3.8988495e+06, -3.8988495e+06, -3.8988495e+06, -3.8988495e+06, -3.8988495e+06, -3.99065425e+06, -4.06233275e+06, -4.2549115e+06, -4.5629145e+06, -4.916329e+06, -5.273071e+06, -5.637145e+06, -5.996909e+06, -6.346129e+06, -6.7087935e+06, -7.0548735e+06, -7.3962165e+06, -7.675616e+06, -7.675616e+06, -7.675616e+06, -7.675616e+06, -7.675616e+06, -7.675616e+06, -7.675616e+06, -7.704634e+06, -7.8457585e+06, -7.9309045e+06, -8.142485e+06, -8.43703e+06, -8.773944e+06, -9.123515e+06, -9.487526e+06, -9.85272e+06, -1.0224812e+07, -1.0576029e+07, -1.0938765e+07, -1.129785e+07, -1.1592812e+07, -1.1592812e+07, -1.1592812e+07, -1.1592812e+07, -1.1592812e+07, -1.1592812e+07, -1.1592812e+07, -1.1624598e+07, -1.1768747e+07, -1.1857034e+07, -1.2077143e+07, -1.2380962e+07, -1.2727803e+07, -1.3080145e+07, -1.3459886e+07, -1.3828472e+07, -1.4181444e+07, -1.4542928e+07, -1.4934735e+07, -1.5331138e+07, -1.56552e+07, -1.56552e+07, -1.56552e+07, -1.56552e+07, -1.56552e+07]
