last-generated=2026-10-10
statistics-initialization=
{
  "nonlinear": "1",
  "numerical Jacobians": "0"
}
statistics-simulation=
{
  "linear": "0",
  "nonlinear": "0, 1",
  "number of continuous time states": "21",
  "numerical Jacobians": "0"
}
time=[0e+00, 3.6e+03]
hex.m1_flow=[1.000000014901161e-01, 4.742641746997833e-02, 1.545312535017729e-02, 2.559484541416168e-02, 1.996967755258083e-02, 1.525580417364836e-02, 1.886342093348503e-02, 2.463388256728647e-02, 2.822266332805157e-02, 2.165934629738331e-02, 1.667571626603603e-02, 1.770613715052605e-02, 2.343996614217758e-02, 3.096404485404491e-02, 2.382445335388188e-02, 1.819467730820179e-02, 1.746002957224846e-02, 2.035855129361153e-02, 6.353774107992649e-03, 2.689475024908461e-07, 2.666666034656373e-07, 3.0274314340204e-03, 3.267235355451703e-03, 2.737460818025284e-07, 3.359156660735607e-03, 3.514634212478995e-03, 2.777937916107476e-04, 3.220638725906578e-03, 3.62430559471249e-03, 7.532109884778038e-05, 3.368646604940295e-03, 3.407438052818179e-03, 1.108615542761981e-03, 3.905596444383264e-03, 6.141453515738249e-03, 1.488894782960415e-02, 1.747722551226616e-02, 1.724724099040031e-02, 1.668573170900345e-02, 3.161162883043289e-02, 4.798900708556175e-02, 4.549155384302139e-02, 7.667545974254608e-02, 7.372433692216873e-02, 5.139259994029999e-02, 4.580925777554512e-02, 1.695827953517437e-02, 3.314266353845596e-02, 3.637762740254402e-02, 2.582450397312641e-02, 2.260343916714191e-02, 3.299584612250328e-02, 3.927291929721832e-02, 2.76353731751442e-02, 2.30441261082888e-02, 3.40897962450979e-02, 4.092432186007498e-02, 2.84966453909874e-02, 2.452779188752174e-02, 3.970474749803543e-02, 3.691521286964417e-02, 2.19407957047224e-02, 5.375074222683907e-02, 2.506203949451447e-02, 3.62650565803051e-02, 3.983043134212494e-02, 3.521080315113068e-02, 3.522465750575066e-02, 3.522330150008202e-02, 3.522332385182381e-02, 3.522332012653351e-02, 3.522332385182381e-02, 3.522332385182381e-02, 3.522332385182381e-02, 3.522332385182381e-02, 3.522332385182381e-02, 3.522332385182381e-02, 3.522332385182381e-02, 3.522332385182381e-02, 3.522332385182381e-02, 3.522332385182381e-02, 3.522332385182381e-02, 3.522332385182381e-02, 3.522332385182381e-02, 1.649640500545502e-02, 5.134463310241699e-03, 2.666666034656373e-07, 2.666666034656373e-07, 3.01129394210875e-03, 3.217749064788222e-03, 3.326741978526115e-03, 3.321748925372958e-03, 3.298894269391894e-03, 3.291507950052619e-03, 3.292861627414823e-03, 3.294415539130569e-03, 3.29444115050137e-03, 3.294049063697457e-03, 3.293816465884447e-03, 3.293758258223534e-03, 3.293793881312013e-03]
hex.m2_flow=[3.429285809397697e-02, 2.800000086426735e-02, 2.800000086426735e-02, 2.800000086426735e-02, 2.800000086426735e-02, 2.800000086426735e-02, 2.800000086426735e-02, 2.800000086426735e-02, 2.800000086426735e-02, 2.800000086426735e-02, 2.800000086426735e-02, 2.800000086426735e-02, 2.800000086426735e-02, 2.800000086426735e-02, 2.800000086426735e-02, 2.800000086426735e-02, 2.800000086426735e-02, 2.800000086426735e-02, 2.800000086426735e-02, 2.800000086426735e-02, 2.800000086426735e-02, 2.800000086426735e-02, 2.800000086426735e-02, 2.800000086426735e-02, 2.800000086426735e-02, 2.800000086426735e-02, 2.800000086426735e-02, 2.800000086426735e-02, 2.800000086426735e-02, 2.800000086426735e-02, 2.800000086426735e-02, 2.800000086426735e-02, 2.800000086426735e-02, 2.800000086426735e-02, 2.800000086426735e-02, 2.800000086426735e-02, 2.800000086426735e-02, 2.800000086426735e-02, 2.800000086426735e-02, 2.800000086426735e-02, 2.800000086426735e-02, 2.800000086426735e-02, 2.800000086426735e-02, 2.800000086426735e-02, 2.800000086426735e-02, 2.800000086426735e-02, 2.800000086426735e-02, 2.800000086426735e-02, 2.800000086426735e-02, 2.800000086426735e-02, 2.800000086426735e-02, 2.800000086426735e-02, 2.800000086426735e-02, 2.800000086426735e-02, 2.800000086426735e-02, 2.800000086426735e-02, 2.800000086426735e-02, 2.800000086426735e-02, 2.800000086426735e-02, 2.800000086426735e-02, 2.800000086426735e-02, 2.800000086426735e-02, 2.800000086426735e-02, 2.800000086426735e-02, 2.800000086426735e-02, 2.800000086426735e-02, 2.800000086426735e-02, 2.800000086426735e-02, 2.800000086426735e-02, 2.800000086426735e-02, 2.800000086426735e-02, 2.800000086426735e-02, 2.800000086426735e-02, 2.800000086426735e-02, 2.800000086426735e-02, 2.800000086426735e-02, 2.800000086426735e-02, 2.800000086426735e-02, 2.800000086426735e-02, 2.800000086426735e-02, 2.800000086426735e-02, 2.800000086426735e-02, 2.800000086426735e-02, 2.800000086426735e-02, 2.800000086426735e-02, 2.800000086426735e-02, 2.800000086426735e-02, 2.800000086426735e-02, 2.800000086426735e-02, 2.800000086426735e-02, 2.800000086426735e-02, 2.800000086426735e-02, 2.800000086426735e-02, 2.800000086426735e-02, 2.800000086426735e-02, 2.800000086426735e-02, 2.800000086426735e-02, 2.800000086426735e-02, 2.800000086426735e-02, 2.800000086426735e-02, 2.800000086426735e-02]
con.u_s=[2.881499938964844e+02, 2.881499938964844e+02, 2.881499938964844e+02, 2.881499938964844e+02, 2.881499938964844e+02, 2.881499938964844e+02, 2.881499938964844e+02, 2.881499938964844e+02, 2.881499938964844e+02, 2.881499938964844e+02, 2.881499938964844e+02, 2.881499938964844e+02, 2.881499938964844e+02, 2.881499938964844e+02, 2.881499938964844e+02, 2.881499938964844e+02, 2.881499938964844e+02, 2.981499938964844e+02, 2.981499938964844e+02, 2.981499938964844e+02, 2.981499938964844e+02, 2.981499938964844e+02, 2.981499938964844e+02, 2.981499938964844e+02, 2.981499938964844e+02, 2.981499938964844e+02, 2.981499938964844e+02, 2.981499938964844e+02, 2.981499938964844e+02, 2.981499938964844e+02, 2.981499938964844e+02, 2.981499938964844e+02, 2.981499938964844e+02, 2.981499938964844e+02, 2.969500122070312e+02, 2.951499938964844e+02, 2.933500061035156e+02, 2.915499877929688e+02, 2.8975e+02, 2.879500122070312e+02, 2.861499938964844e+02, 2.843500061035156e+02, 2.831499938964844e+02, 2.831499938964844e+02, 2.831499938964844e+02, 2.881499938964844e+02, 2.881499938964844e+02, 2.881499938964844e+02, 2.881499938964844e+02, 2.881499938964844e+02, 2.881499938964844e+02, 2.881499938964844e+02, 2.881499938964844e+02, 2.881499938964844e+02, 2.881499938964844e+02, 2.881499938964844e+02, 2.881499938964844e+02, 2.881499938964844e+02, 2.881499938964844e+02, 2.881499938964844e+02, 2.881499938964844e+02, 2.881499938964844e+02, 2.881499938964844e+02, 2.881499938964844e+02, 2.881499938964844e+02, 2.881499938964844e+02, 2.881499938964844e+02, 2.881499938964844e+02, 2.881499938964844e+02, 2.881499938964844e+02, 2.881499938964844e+02, 2.881499938964844e+02, 2.881499938964844e+02, 2.881499938964844e+02, 2.881499938964844e+02, 2.881499938964844e+02, 2.881499938964844e+02, 2.881499938964844e+02, 2.881499938964844e+02, 2.881499938964844e+02, 2.881499938964844e+02, 2.881499938964844e+02, 2.881499938964844e+02, 2.881499938964844e+02, 2.981499938964844e+02, 2.981499938964844e+02, 2.981499938964844e+02, 2.981499938964844e+02, 2.981499938964844e+02, 2.981499938964844e+02, 2.981499938964844e+02, 2.981499938964844e+02, 2.981499938964844e+02, 2.981499938964844e+02, 2.981499938964844e+02, 2.981499938964844e+02, 2.981499938964844e+02, 2.981499938964844e+02, 2.981499938964844e+02, 2.981499938964844e+02, 2.981499938964844e+02]
con.u_m=[2.931499938964844e+02, 2.809230041503906e+02, 2.863868713378906e+02, 2.883924255371094e+02, 2.891841125488281e+02, 2.887828674316406e+02, 2.876265869140625e+02, 2.871032409667969e+02, 2.879884033203125e+02, 2.890203857421875e+02, 2.890971984863281e+02, 2.8792724609375e+02, 2.871651306152344e+02, 2.876798706054688e+02, 2.888342590332031e+02, 2.892043151855469e+02, 2.881279602050781e+02, 2.87814208984375e+02, 2.933973693847656e+02, 2.965896301269531e+02, 2.975758056640625e+02, 2.981772155761719e+02, 2.981824645996094e+02, 2.981092224121094e+02, 2.980912170410156e+02, 2.981632385253906e+02, 2.98157958984375e+02, 2.980818176269531e+02, 2.981544189453125e+02, 2.981548461914062e+02, 2.980838317871094e+02, 2.98176513671875e+02, 2.980870666503906e+02, 2.981253967285156e+02, 2.977789916992188e+02, 2.943819580078125e+02, 2.93607666015625e+02, 2.925884399414062e+02, 2.903068542480469e+02, 2.87277099609375e+02, 2.864499816894531e+02, 2.856408386230469e+02, 2.827713623046875e+02, 2.836126708984375e+02, 2.837406921386719e+02, 2.839925842285156e+02, 2.890657043457031e+02, 2.872676086425781e+02, 2.883148803710938e+02, 2.891776733398438e+02, 2.882218627929688e+02, 2.873367614746094e+02, 2.881796264648438e+02, 2.8914697265625e+02, 2.882984313964844e+02, 2.8736767578125e+02, 2.881884765625e+02, 2.891453247070312e+02, 2.882293090820312e+02, 2.871927490234375e+02, 2.886905822753906e+02, 2.886913757324219e+02, 2.874675598144531e+02, 2.892704467773438e+02, 2.873089599609375e+02, 2.878225708007812e+02, 2.881547241210938e+02, 2.881499938964844e+02, 2.881499938964844e+02, 2.881499938964844e+02, 2.881499938964844e+02, 2.881499938964844e+02, 2.881499938964844e+02, 2.881499938964844e+02, 2.881499938964844e+02, 2.881499938964844e+02, 2.881499938964844e+02, 2.881499938964844e+02, 2.881499938964844e+02, 2.881499938964844e+02, 2.881499938964844e+02, 2.881499938964844e+02, 2.881499938964844e+02, 2.881499938964844e+02, 2.90318603515625e+02, 2.953473815917969e+02, 2.973963928222656e+02, 2.980838317871094e+02, 2.981625671386719e+02, 2.981705322265625e+02, 2.981561584472656e+02, 2.981481628417969e+02, 2.981481628417969e+02, 2.98149658203125e+02, 2.981502075195312e+02, 2.981501159667969e+02, 2.981499633789062e+02, 2.981499633789062e+02, 2.981499938964844e+02, 2.981499938964844e+02, 2.981499938964844e+02]
hex.Q1_flow=[0e+00, 1.518813110351562e+03, 1.043986206054688e+03, 1.30576708984375e+03, 1.186178466796875e+03, 9.929715576171875e+02, 1.073874145507812e+03, 1.208018676757812e+03, 1.363894775390625e+03, 1.226508056640625e+03, 1.066875122070312e+03, 1.03729443359375e+03, 1.16754638671875e+03, 1.3968759765625e+03, 1.255549682617188e+03, 1.107840209960938e+03, 1.016170959472656e+03, 1.077071899414062e+03, 5.825740966796875e+02, 3.553476867675781e+02, 2.645655517578125e+02, 2.272959442138672e+02, 2.254035797119141e+02, 1.999340209960938e+02, 2.343326110839844e+02, 2.356102294921875e+02, 2.002058715820312e+02, 2.341703338623042e+02, 2.387842559814453e+02, 2.003505096435547e+02, 2.361802368164062e+02, 2.334727783203125e+02, 2.077382659912109e+02, 2.445903472900391e+02, 3.141636657714844e+02, 6.907595825195312e+02, 8.594223022460938e+02, 9.14151123046875e+02, 8.926123046875e+02, 1.211223022460938e+03, 1.508704956054688e+03, 1.471128173828125e+03, 1.511748046875e+03, 1.611030517578125e+03, 1.41344873046875e+03, 1.320226806640625e+03, 9.703512573242188e+02, 1.196363159179688e+03, 1.314029052734375e+03, 1.157322509765625e+03, 1.016201965332031e+03, 1.175078369140625e+03, 1.330412475585938e+03, 1.17041015625e+03, 1.008819335937503e+03, 1.170561035156247e+03, 1.328298583984372e+03, 1.165721801757812e+03, 1.018478637695312e+03, 1.22165087890625e+03, 1.258627807617188e+03, 9.626547241210938e+02, 1.427137573242188e+03, 1.0778779296875e+03, 1.152260009765625e+03, 1.2035966796875e+03, 1.177668090820312e+03, 1.17776611328125e+03, 1.177754028320312e+03, 1.177754516601562e+03, 1.177754516601562e+03, 1.177754516601562e+03, 1.177754516601562e+03, 1.177754516601562e+03, 1.177754516601562e+03, 1.177754516601562e+03, 1.177754516601562e+03, 1.177754516601562e+03, 1.177754516601562e+03, 1.177754516601562e+03, 1.177754516601562e+03, 1.177754516601562e+03, 1.177754516601562e+03, 1.177754516601562e+03, 8.276365356445312e+02, 4.331079406738281e+02, 2.796536560058594e+02, 2.092848052978516e+02, 2.160032196044922e+02, 2.186623229980469e+02, 2.224840087890625e+02, 2.243147888183594e+02, 2.248017578125e+02, 2.249300842285156e+02, 2.250322570800781e+02, 2.251135101318359e+02, 2.251524047851562e+02, 2.251635589599609e+02, 2.251656951904297e+02, 2.251657257080078e+02, 2.251664581298828e+02]
hex.Q2_flow=[0e+00, -1.596110595703125e+03, -1.175265625e+03, -1.232288696289062e+03, -1.140934814453125e+03, -1.052213623046875e+03, -1.144223388671875e+03, -1.233065673828125e+03, -1.27646484375e+03, -1.1683701171875e+03, -1.079879150390625e+03, -1.114075561523438e+03, -1.209785888671875e+03, -1.30460791015625e+03, -1.190452758789063e+03, -1.098166625976562e+03, -1.095625732421875e+03, -1.139157592773438e+03, -6.47301513671875e+02, -3.764871215820312e+02, -2.758777160644531e+02, -2.225184020996094e+02, -2.231260833740234e+02, -2.155433654785156e+02, -2.340090484619141e+02, -2.299796447753906e+02, -2.122907104492188e+02, -2.342651977539059e+02, -2.320298461914063e+02, -2.12552734375e+02, -2.351577453613281e+02, -2.280792083740234e+02, -2.229247894287109e+02, -2.367913818359375e+02, -2.909102478027344e+02, -6.652891845703125e+02, -7.924180297851562e+02, -8.638209838867188e+02, -9.4209814453125e+02, -1.228590087890625e+03, -1.40326025390625e+03, -1.412518798828125e+03, -1.532779907226562e+03, -1.548173706054688e+03, -1.447821533203125e+03, -1.400079223632812e+03, -1.03090087890625e+03, -1.22150732421875e+03, -1.239746337890625e+03, -1.12659033203125e+03, -1.09291015625e+03, -1.208109741210938e+03, -1.253006103515625e+03, -1.134815185546875e+03, -1.086259521484375e+03, -1.20473156738281e+03, -1.251651733398437e+03, -1.13247119140625e+03, -1.094039916992188e+03, -1.237443237304688e+03, -1.197817993164062e+03, -1.047245971679688e+03, -1.327506591796875e+03, -1.081009155273438e+03, -1.19769873046875e+03, -1.206021850585938e+03, -1.177533569335938e+03, -1.177760864257812e+03, -1.17775439453125e+03, -1.177754516601562e+03, -1.177754516601562e+03, -1.177754516601562e+03, -1.177754516601562e+03, -1.177754516601562e+03, -1.177754516601562e+03, -1.177754516601562e+03, -1.177754516601562e+03, -1.177754516601562e+03, -1.177754516601562e+03, -1.177754516601562e+03, -1.177754516601562e+03, -1.177754516601562e+03, -1.177754516601562e+03, -1.177754516601562e+03, -9.113616333007812e+02, -4.791107482910156e+02, -2.935879516601562e+02, -2.205043487548828e+02, -2.197106781005859e+02, -2.208074340820312e+02, -2.235973815917969e+02, -2.24939208984375e+02, -2.251410522460938e+02, -2.250926666259766e+02, -2.251000518798828e+02, -2.251401062011719e+02, -2.251637420654297e+02, -2.251686401367188e+02, -2.251677856445312e+02, -2.251667022705078e+02, -2.251667327880859e+02]
hex.QLat2_flow=[0e+00, -9.807425537109375e+02, -7.359111328125e+02, -7.804027099609375e+02, -7.226982421875e+02, -6.609986572265625e+02, -7.187979736328125e+02, -7.75444641113281e+02, -8.084202880859375e+02, -7.404611206054688e+02, -6.812775268554688e+02, -6.997034301757812e+02, -7.6051416015625e+02, -8.2581689453125e+02, -7.545507812500005e+02, -6.9410009765625e+02, -6.88021240234375e+02, -7.160070190429688e+02, -3.878968200683594e+02, -1.9434423828125e+02, -1.189476928710938e+02, -7.814571380615234e+01, -7.931814575195312e+01, -7.567063903808594e+01, -8.781499481201172e+01, -8.444786834716797e+01, -7.28719482421875e+01, -8.80377044677732e+01, -8.586769104003909e+01, -7.303413391113281e+01, -8.856200408935547e+01, -8.303953552246094e+01, -8.039595794677734e+01, -8.921989440917969e+01, -1.281573486328125e+02, -4.004175109863281e+02, -4.927022094726562e+02, -5.410637817382812e+02, -5.896220703125e+02, -7.738360595703125e+02, -8.85522705078125e+02, -8.880918579101562e+02, -9.509721069335938e+02, -9.6432275390625e+02, -9.030004272460938e+02, -8.73341552734375e+02, -6.480685424804688e+02, -7.691591796875e+02, -7.857506103515625e+02, -7.132888793945312e+02, -6.868356323242188e+02, -7.60671630859375e+02, -7.941082763671875e+02, -7.18700927734375e+02, -6.826362915039065e+02, -7.586329345703111e+02, -7.93293029785156e+02, -7.171493530273438e+02, -6.877155151367188e+02, -7.796586303710938e+02, -7.592593994140625e+02, -6.575082397460938e+02, -8.407597045898438e+02, -6.82931640625e+02, -7.540582275390625e+02, -7.609801635742188e+02, -7.437127075195312e+02, -7.438533935546875e+02, -7.438489990234375e+02, -7.4384912109375e+02, -7.4384912109375e+02, -7.4384912109375e+02, -7.4384912109375e+02, -7.4384912109375e+02, -7.4384912109375e+02, -7.4384912109375e+02, -7.4384912109375e+02, -7.4384912109375e+02, -7.4384912109375e+02, -7.4384912109375e+02, -7.4384912109375e+02, -7.4384912109375e+02, -7.4384912109375e+02, -7.4384912109375e+02, -5.685633544921875e+02, -2.69533203125e+02, -1.323757934570312e+02, -7.833696746826172e+01, -7.722296142578125e+01, -7.804412078857422e+01, -8.007331848144531e+01, -8.102701568603516e+01, -8.113944244384766e+01, -8.107821655273438e+01, -8.107022094726562e+01, -8.109402465820312e+01, -8.110911560058594e+01, -8.111165618896484e+01, -8.111048889160156e+01, -8.110942840576172e+01, -8.110933685302734e+01]
hex.QSen2_flow=[0e+00, -6.153681030273438e+02, -4.393544616699219e+02, -4.518860168457031e+02, -4.182366027832031e+02, -3.912149658203125e+02, -4.254253845214844e+02, -4.576210632324218e+02, -4.680446166992188e+02, -4.279090576171875e+02, -3.986015930175781e+02, -4.143721008300781e+02, -4.49271728515625e+02, -4.787909851074219e+02, -4.359019470214847e+02, -4.040665588378906e+02, -4.076045227050781e+02, -4.231505126953125e+02, -2.594046936035156e+02, -1.821428833007812e+02, -1.569300231933594e+02, -1.443726806640625e+02, -1.438079376220703e+02, -1.398727264404297e+02, -1.461940460205078e+02, -1.455317687988281e+02, -1.394187622070312e+02, -1.462274932861327e+02, -1.461621551513672e+02, -1.395186004638672e+02, -1.465957489013672e+02, -1.450396728515625e+02, -1.425288238525391e+02, -1.475714874267578e+02, -1.627529144287109e+02, -2.648716735839844e+02, -2.997158203125e+02, -3.227572326660156e+02, -3.5247607421875e+02, -4.547539978027344e+02, -5.17737548828125e+02, -5.244268798828125e+02, -5.818077392578125e+02, -5.838509521484375e+02, -5.448211669921875e+02, -5.267376708984375e+02, -3.828323669433594e+02, -4.523481140136719e+02, -4.539957885742188e+02, -4.133013916015625e+02, -4.060744934082031e+02, -4.474381408691406e+02, -4.588978271484375e+02, -4.161142883300781e+02, -4.036232604980469e+02, -4.46098571777343e+02, -4.583587341308594e+02, -4.153219299316406e+02, -4.063244018554688e+02, -4.577845458984375e+02, -4.3855859375e+02, -3.897376708984375e+02, -4.867468872070312e+02, -3.980774841308594e+02, -4.436404418945312e+02, -4.450416259765625e+02, -4.338208312988281e+02, -4.339075012207031e+02, -4.339053649902344e+02, -4.339054260253906e+02, -4.339053955078125e+02, -4.339053955078125e+02, -4.339054260253906e+02, -4.339054260253906e+02, -4.339054260253906e+02, -4.339054260253906e+02, -4.339054260253906e+02, -4.339054260253906e+02, -4.339054260253906e+02, -4.339054260253906e+02, -4.339054260253906e+02, -4.339054260253906e+02, -4.339054260253906e+02, -4.339054260253906e+02, -3.427982788085938e+02, -2.095775451660156e+02, -1.612121429443359e+02, -1.421673736572266e+02, -1.424877166748047e+02, -1.427633056640625e+02, -1.435240631103516e+02, -1.439121856689453e+02, -1.440016021728516e+02, -1.440144500732422e+02, -1.440298309326172e+02, -1.440460815429688e+02, -1.440546112060547e+02, -1.440569915771484e+02, -1.440572967529297e+02, -1.440572662353516e+02, -1.440573883056641e+02]
autTunSig.y=[0e+00, 0e+00, 0e+00, 0e+00, 0e+00, 0e+00, 0e+00, 0e+00, 0e+00, 0e+00, 0e+00, 0e+00, 0e+00, 0e+00, 0e+00, 0e+00, 0e+00, 0e+00, 0e+00, 0e+00, 0e+00, 0e+00, 0e+00, 0e+00, 0e+00, 0e+00, 0e+00, 0e+00, 0e+00, 0e+00, 0e+00, 0e+00, 0e+00, 0e+00, 0e+00, 0e+00, 0e+00, 0e+00, 0e+00, 0e+00, 0e+00, 0e+00, 0e+00, 0e+00, 0e+00, 0e+00, 0e+00, 0e+00, 0e+00, 0e+00, 0e+00, 0e+00, 0e+00, 0e+00, 0e+00, 0e+00, 0e+00, 0e+00, 0e+00, 1e+00, 1e+00, 1e+00, 1e+00, 1e+00, 1e+00, 1e+00, 1e+00, 1e+00, 1e+00, 1e+00, 1e+00, 1e+00, 1e+00, 1e+00, 1e+00, 1e+00, 1e+00, 1e+00, 1e+00, 0e+00, 0e+00, 0e+00, 0e+00, 0e+00, 0e+00, 0e+00, 0e+00, 0e+00, 0e+00, 0e+00, 0e+00, 0e+00, 0e+00, 0e+00, 0e+00, 0e+00, 0e+00, 0e+00, 0e+00, 0e+00, 0e+00]
con.inTunPro.y=[0e+00, 0e+00, 0e+00, 0e+00, 0e+00, 0e+00, 0e+00, 0e+00, 0e+00, 0e+00, 0e+00, 0e+00, 0e+00, 0e+00, 0e+00, 0e+00, 0e+00, 0e+00, 0e+00, 0e+00, 0e+00, 0e+00, 0e+00, 0e+00, 0e+00, 0e+00, 0e+00, 0e+00, 0e+00, 0e+00, 0e+00, 0e+00, 0e+00, 0e+00, 0e+00, 0e+00, 0e+00, 0e+00, 0e+00, 0e+00, 0e+00, 0e+00, 0e+00, 0e+00, 0e+00, 0e+00, 0e+00, 0e+00, 0e+00, 0e+00, 0e+00, 0e+00, 0e+00, 0e+00, 0e+00, 0e+00, 0e+00, 0e+00, 0e+00, 1e+00, 1e+00, 0e+00, 0e+00, 0e+00, 0e+00, 0e+00, 0e+00, 0e+00, 0e+00, 0e+00, 0e+00, 0e+00, 0e+00, 0e+00, 0e+00, 0e+00, 0e+00, 0e+00, 0e+00, 0e+00, 0e+00, 0e+00, 0e+00, 0e+00, 0e+00, 0e+00, 0e+00, 0e+00, 0e+00, 0e+00, 0e+00, 0e+00, 0e+00, 0e+00, 0e+00, 0e+00, 0e+00, 0e+00, 0e+00, 0e+00, 0e+00]
con.con.k=[1e+00, 1e+00, 1e+00, 1e+00, 1e+00, 1e+00, 1e+00, 1e+00, 1e+00, 1e+00, 1e+00, 1e+00, 1e+00, 1e+00, 1e+00, 1e+00, 1e+00, 1e+00, 1e+00, 1e+00, 1e+00, 1e+00, 1e+00, 1e+00, 1e+00, 1e+00, 1e+00, 1e+00, 1e+00, 1e+00, 1e+00, 1e+00, 1e+00, 1e+00, 1e+00, 1e+00, 1e+00, 1e+00, 1e+00, 1e+00, 1e+00, 1e+00, 1e+00, 1e+00, 1e+00, 1e+00, 1e+00, 1e+00, 1e+00, 1e+00, 1e+00, 1e+00, 1e+00, 1e+00, 1e+00, 1e+00, 1e+00, 1e+00, 1e+00, 1e+00, 1e+00, 8.682416677474976e-01, 8.682416677474976e-01, 8.682416677474976e-01, 8.682416677474976e-01, 8.682416677474976e-01, 8.682416677474976e-01, 8.682416677474976e-01, 8.682416677474976e-01, 8.682416677474976e-01, 8.682416677474976e-01, 8.682416677474976e-01, 8.682416677474976e-01, 8.682416677474976e-01, 8.682416677474976e-01, 8.682416677474976e-01, 8.682416677474976e-01, 8.682416677474976e-01, 8.682416677474976e-01, 8.682416677474976e-01, 8.682416677474976e-01, 8.682416677474976e-01, 8.682416677474976e-01, 8.682416677474976e-01, 8.682416677474976e-01, 8.682416677474976e-01, 8.682416677474976e-01, 8.682416677474976e-01, 8.682416677474976e-01, 8.682416677474976e-01, 8.682416677474976e-01, 8.682416677474976e-01, 8.682416677474976e-01, 8.682416677474976e-01, 8.682416677474976e-01, 8.682416677474976e-01, 8.682416677474976e-01, 8.682416677474976e-01, 8.682416677474976e-01, 8.682416677474976e-01, 8.682416677474976e-01]
con.con.Ti=[5e-01, 5e-01, 5e-01, 5e-01, 5e-01, 5e-01, 5e-01, 5e-01, 5e-01, 5e-01, 5e-01, 5e-01, 5e-01, 5e-01, 5e-01, 5e-01, 5e-01, 5e-01, 5e-01, 5e-01, 5e-01, 5e-01, 5e-01, 5e-01, 5e-01, 5e-01, 5e-01, 5e-01, 5e-01, 5e-01, 5e-01, 5e-01, 5e-01, 5e-01, 5e-01, 5e-01, 5e-01, 5e-01, 5e-01, 5e-01, 5e-01, 5e-01, 5e-01, 5e-01, 5e-01, 5e-01, 5e-01, 5e-01, 5e-01, 5e-01, 5e-01, 5e-01, 5e-01, 5e-01, 5e-01, 5e-01, 5e-01, 5e-01, 5e-01, 5e-01, 5e-01, 7.763355731964111e+00, 7.763355731964111e+00, 7.763355731964111e+00, 7.763355731964111e+00, 7.763355731964111e+00, 7.763355731964111e+00, 7.763355731964111e+00, 7.763355731964111e+00, 7.763355731964111e+00, 7.763355731964111e+00, 7.763355731964111e+00, 7.763355731964111e+00, 7.763355731964111e+00, 7.763355731964111e+00, 7.763355731964111e+00, 7.763355731964111e+00, 7.763355731964111e+00, 7.763355731964111e+00, 7.763355731964111e+00, 7.763355731964111e+00, 7.763355731964111e+00, 7.763355731964111e+00, 7.763355731964111e+00, 7.763355731964111e+00, 7.763355731964111e+00, 7.763355731964111e+00, 7.763355731964111e+00, 7.763355731964111e+00, 7.763355731964111e+00, 7.763355731964111e+00, 7.763355731964111e+00, 7.763355731964111e+00, 7.763355731964111e+00, 7.763355731964111e+00, 7.763355731964111e+00, 7.763355731964111e+00, 7.763355731964111e+00, 7.763355731964111e+00, 7.763355731964111e+00, 7.763355731964111e+00]
