last-generated=2015-05-08
statistics-simulation={'numerical Jacobians': '0', 'nonlinear': ' ', 'linear': ' '}
pSat.pSat=[0.03226286172866821289, 0.03713640209892941219, 0.0426947141889049836, 0.04902665362916580616, 0.0562316335239928522, 0.06442075158569471327, 0.07371803507499841146, 0.08426179703837222146, 0.09620612344595502741, 0.10972249000448337786, 0.12500154733161347731, 0.14225503912802436868, 0.16171791220026071612, 0.18365057935180431614, 0.20834143305609448271, 0.23610956723623169329, 0.26730771068000147572, 0.30232527196789238388, 0.34159195465330594033, 0.38558153439714576427, 0.43481548086836158129, 0.48986793440424664103, 0.55136979409107855776, 0.620014279976345839, 0.69656227438740003777, 0.78184771537780761719, 0.87678483835239617861, 0.98237389434001953781, 1.09971009226872395992, 1.22998952511168346824, 1.37451833419535174308, 1.53472324208311294846, 1.7121588147920587808, 1.90851864242864954768, 2.12564841774447987888, 2.36555448443585181195, 2.63041790666364017071, 2.92261085332604375608, 3.24470536291268008, 3.59949308735706630102, 3.98999905254775244501, 4.41950337449521768463, 4.89155453343912771658, 5.40998944905150658258, 5.97896208792581607128, 6.60295469653851796465, 7.28680694542476459219, 8.03574666862815512047, 8.8554029205351358911, 9.75184352045923574792, 10.731609344482421875, 11.80173123130406231951, 12.96977659282704387067, 14.24387552689547042917, 15.63275791814853121764, 17.14581875196994076305, 18.79311330233782584287, 20.58543340038559676941, 22.5343471378013120443, 24.6522427737685418947, 26.95236783903732913359, 29.44894231032472120546, 32.15712223215889054018, 35.09312967308202502181, 38.27428150590019839683, 41.71907523032291464915, 45.44722120511666219045, 49.47980568003752210871, 53.83923781224518734234, 58.54941676419786489305, 63.6357904955847075712, 69.12544720077001159098, 75.04714745990067115144, 81.43159756264637394452, 88.31132594502356880639, 95.72089385986328125, 103.69702180182875395076, 112.27867310094174513324, 121.50715342175584510187, 131.42621711370125581197, 142.08241491029846770289, 153.52485376133731165282, 165.80559692917580605354, 178.97975925133258101596, 193.10559891642446928017, 208.24468336205100627012, 224.46230221035119711814, 241.82718570677963043636, 260.4119965313914235594, 280.29342559964521797156, 301.55245142525598112115, 324.27420029488234831661, 348.54900016174190113816, 374.47153858797020120619, 402.14166945573464317931, 431.66458735741531427266, 463.15104065721726556148, 496.71727821324850538076, 532.4862581634862408464, 570.58651059725286813773, 611.153564453125]
time=[0., 1.]
