last-generated=2022-08-05
statistics-initialization=
{
  "nonlinear": "8",
  "numerical Jacobians": "0"
}
statistics-simulation=
{
  "linear": " ",
  "nonlinear": " ",
  "numerical Jacobians": "0"
}
time=[0e+00, 1e+00]
err_V2[1]=[-3.265230059623718e-01, -3.265230059623718e-01]
err_V2[2]=[-5.866020321846008e-01, -5.866020321846008e-01]
err_V2[3]=[-8.308690190315247e-01, -8.308690190315247e-01]
err_V3[1]=[1.332930624485016e-01, 1.332930624485016e-01]
err_V3[2]=[-1.465751975774765e-02, -1.465751975774765e-02]
err_V3[3]=[1.33415549993515e-01, 1.33415549993515e-01]
err_V4[1]=[2.875674664974213e-01, 2.875674664974213e-01]
err_V4[2]=[1.054808869957924e-02, 1.054808869957924e-02]
err_V4[3]=[-5.498391389846802e-01, -5.498391389846802e-01]
err_Theta2[1]=[2.314654120709747e-04, 2.314654120709747e-04]
err_Theta2[2]=[7.110466249287128e-04, 7.110466249287128e-04]
err_Theta2[3]=[7.122518727555871e-04, 7.122518727555871e-04]
err_Theta3[1]=[3.787593741435558e-04, 3.787593741435558e-04]
err_Theta3[2]=[-7.20113484931062e-06, -7.20113484931062e-06]
err_Theta3[3]=[-2.180294723075349e-05, -2.180294723075349e-05]
err_Theta4[1]=[7.338505238294601e-04, 7.338505238294601e-04]
err_Theta4[2]=[8.281824411824346e-04, 8.281824411824346e-04]
err_Theta4[3]=[6.261589005589485e-04, 6.261589005589485e-04]
