last-generated=2014-09-22
sen.I=[0.26041665673255920410, 0.26041665673255920410]
time=[0.00000000000000000000, 1.00000000000000000000]
sen.V=[480.00000000000000000000, 480.00000000000000000000]
loa.S[2]=[-75.00000000000000000000, -75.00000000000000000000]
loa.S[1]=[100.00000000000000000000, 100.00000000000000000000]
