last-generated=2015-05-08
statistics-simulation={'numerical Jacobians': '0', 'nonlinear': ' ', 'linear': ' '}
speShi.y=[5.18518495559692382812, 5.45915269851684570312, 5.7484798431396484375, 6.05430507659912109375, 6.37776613235473632812, 6.71999979019165039062, 7.08214521408081054688, 7.46533918380737304688, 7.87071990966796875, 8.2994251251220703125, 8.75259304046630859375, 9.23136043548583984375, 9.73686504364013671875, 10.2809600830078125, 10.92191982269287287011, 11.6533336639404296875, 12.45728015899658203125, 13.3158397674560546875, 14.21109294891357421875, 15.1251201629638671875, 16.04000091552734375, 16.93781280517578125, 17.800640106201171875, 18.6105594635009765625, 19.3496532440185546875, 20., 20., 20., 20., 20., 20., 20., 20., 20., 20., 20., 20., 20., 20., 20., 20., 20., 20., 20., 20., 20., 20., 20., 20., 20., 20., 20.584320068359375, 21.1385593414306640625, 21.6646404266357421875, 22.16448020935058949021, 22.63999938964844105271, 23.09312057495117542771, 23.525760650634765625, 23.9398403167724609375, 24.3372802734375, 24.7199993133544921875, 25.0899200439453125, 25.4489593505859375, 25.7990398406982421875, 26.1420803070068359375, 26.479999542236328125, 26.81472015380859375, 27.1481609344482421875, 27.4822406768798828125, 27.8188800811767578125, 28.159999847412109375, 28.5075206756591796875, 28.8633594512939453125, 29.2294406890869140625, 29.6076793670654296875, 30., 30., 30., 30., 30., 30., 30., 30., 30., 30., 30., 30., 30., 30., 30., 30., 30., 30., 30., 30., 30., 30., 30., 30., 30., 30.]
time=[0., 3600.]
speShi.speRat=[0.25, 0.25999999046325683594, 0.27000001072883605957, 0.28000000119209289551, 0.28999999165534973145, 0.30000001192092895508, 0.31000000238418579102, 0.31999999284744262695, 0.33000001311302185059, 0.34000000357627868652, 0.34999999403953552246, 0.36000001430511474609, 0.37000000476837158203, 0.37999999523162841797, 0.38999998569488525391, 0.40000000596046447754, 0.40999999642372131348, 0.41999998688697814941, 0.43000000715255737305, 0.43999999761581420898, 0.44999998807907104492, 0.46000000834465026855, 0.46999999880790710449, 0.47999998927116394043, 0.49000000953674316406, 0.5, 0.5, 0.5, 0.5, 0.5, 0.5, 0.5, 0.5, 0.5, 0.5, 0.5, 0.5, 0.5, 0.5, 0.5, 0.5, 0.5, 0.5, 0.5, 0.5, 0.5, 0.5, 0.5, 0.5, 0.5, 0.5, 0.50999999046325683594, 0.51999998092651367188, 0.52999997138977050781, 0.54000002145767223016, 0.5500000119209290661, 0.56000000238418590204, 0.56999999284744262695, 0.57999998331069946289, 0.58999997377395629883, 0.60000002384185791016, 0.61000001430511474609, 0.62000000476837158203, 0.62999999523162841797, 0.63999998569488525391, 0.64999997615814208984, 0.66000002622604370117, 0.67000001668930053711, 0.68000000715255737305, 0.68999999761581420898, 0.69999998807907104492, 0.70999997854232788086, 0.72000002861022949219, 0.73000001907348632812, 0.74000000953674316406, 0.75, 0.75, 0.75, 0.75, 0.75, 0.75, 0.75, 0.75, 0.75, 0.75, 0.75, 0.75, 0.75, 0.75, 0.75, 0.75, 0.75, 0.75, 0.75, 0.75, 0.75, 0.75, 0.75, 0.75, 0.75, 0.75]
