last-generated=2015-05-08
statistics-initialization={'numerical Jacobians': '0', 'nonlinear': '12', 'linear': '19'}
statistics-simulation={'numerical Jacobians': '0', 'nonlinear': '1, 12, 1, 1, 1, 1, 1', 'number of continuous time states': '41', 'linear': '0, 0, 0, 0, 0, 0, 0, 0, 0, 0, 0'}
staRes.minT.Max=[257.54998779296875, 257.54998779296875]
staRes.maxT.Max=[342.649993896484375, 342.649993896484375]
staRes.maxT.Min=[338.04998779296875, 338.04998779296875]
TRooHou.y=[0., 303.233001708984375, 276.29213867187502273737, 294.67713012695310226263, 312.3995361328125, 280.04022216796875, 299.22968750000001136868, 278.11918334960938636868, 275.07518310546873863132, 309.79790039062498863132, 284.9239501953125, 283.25639648437498863132, 313.321319580078125, 272.87086791992186363132, 284.71132812500002273737, 327.155517578125, 283.1295166015625, 288.58439941406248863132, 316.18387451171872726263, 278.86440429687502273737, 290.06646728515625, 304.83424072265626136868, 278.42108764648435226263, 293.38922729492185226263, 317.2216796875, 284.303802490234375, 299.30148925781247726263, 299.54039306640623863132, 282.48449096679689773737, 306.32880859375001136868, 295.83880615234375, 293.11474609375, 313.28719482421877273737, 288.472564697265625, 294.81143798828122726263, 310.19329833984375, 287.60605468749997726263, 299.30245361328127273737, 312.79005126953126136868, 286.21770629882814773737, 300.375701904296875, 308.48277587890623863132, 291.4295654296875, 305.67675170898439773737, 287.17034301757814773737, 299.2720947265625, 297.64322509765622726263, 301.78566894531252273737, 297.30706787109375, 312.71537475585938636868, 310.242034912109375, 291.84317626953122726263, 317.46513061523438636868, 300.34583129882810226263, 300.06157226562498863132, 320.96234130859375, 299.51986083984377273737, 306.08942260742185226263, 323.82767944335938636868, 296.46412963867186363132, 302.448211669921875, 325.92028198242189773737, 292.534210205078125, 308.303436279296875, 318.02520751953125, 294.3568115234375, 314.87037353515626136868, 321.38099975585936363132, 296.48496093749997726263, 315.22698364257814773737, 308.68890380859375, 292.93511352539064773737, 318.83208007812498863132, 296.37248535156248863132, 293.13240356445311363132, 294.5321044921875, 290.04303588867185226263, 282.84425659179686363132, 311.35500488281252273737, 286.76942749023436363132, 300.275390625, 328.62177124023435226263, 287.91705932617185226263, 293.5360107421875, 311.10471191406247726263, 284.313262939453125, 300.24456176757814773737, 282.10595703125, 281.90538330078123863132, 307.01297607421872726263, 308.855010986328125, 288.36766357421873863132, 290.40891113281247726263, 278.09266967773436363132, 281.98662719726564773737, 296.120635986328125, 274.12684326171876136868, 288.34969482421877273737, 322.35911254882813636868, 272.21395263671877273737, 290.92022705078125]
time=[0., 31536000.]
staRes.minT.Min=[254.350006103515625, 254.350006103515625]
staRes.minT.Mean=[255.5500030517578125, 255.5500030517578125]
staRes.maxT.Mean=[339.350006103515625, 339.350006103515625]
staRes.meanT.Min=[297.350006103515625, 297.350006103515625]
TRooAnn.y=[0., 0., 0., 0., 0., 0., 0., 0., 0., 0., 0., 0., 0., 0., 0., 0., 0., 0., 0., 0., 0., 0., 0., 0., 0., 0., 0., 0., 0., 0., 0., 0., 0., 0., 0., 0., 0., 0., 0., 0., 0., 0., 0., 0., 0., 0., 0., 0., 0., 0., 0., 0., 0., 0., 0., 0., 0., 0., 0., 0., 0., 0., 0., 0., 0., 0., 0., 0., 0., 0., 0., 0., 0., 0., 0., 0., 0., 0., 0., 0., 0., 0., 0., 0., 0., 0., 0., 0., 0., 0., 0., 0., 0., 0., 0., 0., 0., 0., 0., 0., 0.]
staRes.meanT.Mean=[298.25, 298.25]
staRes.meanT.Max=[299.04998779296875, 299.04998779296875]
