last-generated=2019-08-19
statistics-initialization=
{
  "nonlinear": "18",
  "numerical Jacobians": "0"
}
statistics-simulation=
{
  "linear": " ",
  "nonlinear": " ",
  "numerical Jacobians": "0"
}
err_V3[3]=[2.597730979323387e-02, 2.597730979323387e-02]
err_V4[1]=[-4.178710281848907e-01, -4.178710281848907e-01]
err_V4[3]=[-4.66948002576828e-01, -4.66948002576828e-01]
err_V4[2]=[-4.090897738933563e-01, -4.090897738933563e-01]
err_V2[3]=[-3.27988475561142e-01, -3.27988475561142e-01]
err_V2[1]=[4.157164134085178e-03, 4.157164134085178e-03]
time=[0e+00, 1e+00]
err_V3[2]=[3.350959345698357e-02, 3.350959345698357e-02]
err_V2[2]=[-3.352388441562653e-01, -3.352388441562653e-01]
err_V3[1]=[-4.866242706775665e-01, -4.866242706775665e-01]
err_Theta4[1]=[-1.19930919026956e-04, -1.19930919026956e-04]
err_Theta4[3]=[-6.718684453517199e-04, -6.718684453517199e-04]
err_Theta3[2]=[-7.155983621487394e-05, -7.155983621487394e-05]
err_Theta4[2]=[1.051147934049368e-03, 1.051147934049368e-03]
err_Theta3[3]=[-4.979172081220895e-05, -4.979172081220895e-05]
err_Theta3[1]=[-5.342924487194978e-05, -5.342924487194978e-05]
err_Theta2[3]=[3.233008610550314e-04, 3.233008610550314e-04]
err_Theta2[2]=[2.001358807319775e-04, 2.001358807319775e-04]
err_Theta2[1]=[1.972882892005146e-04, 1.972882892005146e-04]
