last-generated=2015-06-03
statistics-initialization={'numerical Jacobians': '0', 'nonlinear': '12', 'linear': '19'}
statistics-simulation={'numerical Jacobians': '0', 'nonlinear': '1, 12, 1, 1, 1, 1, 1', 'number of continuous time states': '41', 'linear': '0, 0, 0, 0, 0, 0, 0, 0, 0, 0, 0'}
staRes.minT.Max=[251.5500030517578125, 251.5500030517578125]
staRes.maxT.Max=[341.350006103515625, 341.350006103515625]
staRes.maxT.Min=[336.350006103515625, 336.350006103515625]
TRooHou.y=[0., 301.98530273437501136868, 270.69034423828122726263, 277.75341186523439773737, 310.829986572265625, 272.346893310546875, 278.23840942382810226263, 275.79121704101561363132, 264.42061157226561363132, 288.69284667968747726263, 283.894500732421875, 274.99024047851560226263, 309.61989746093752273737, 269.91327514648435226263, 272.35426025390626136868, 326.683380126953125, 279.30665283203126136868, 274.50352172851563636868, 314.87589721679688636868, 274.71049194335938636868, 275.815032958984375, 303.69270019531251136868, 270.52650756835936363132, 281.63264160156251136868, 315.75194702148439773737, 278.60125732421875, 282.76311035156248863132, 297.65015869140626136868, 275.41078491210936363132, 293.31925048828122726263, 293.352386474609375, 284.27619628906251136868, 310.45858154296877273737, 284.74003906249998863132, 285.39945068359372726263, 309.313690185546875, 284.89434204101564773737, 288.675140380859375, 312.00386352539061363132, 282.45721435546875, 290.256805419921875, 307.47194213867186363132, 285.13221435546876136868, 296.49129028320311363132, 286.21439819335938636868, 295.386322021484375, 289.51891479492189773737, 300.15366210937497726263, 290.24295654296872726263, 302.16107788085935226263, 308.24395751953125, 287.41042480468752273737, 315.46779785156252273737, 297.95264892578126136868, 291.87680664062497726263, 320.264373779296875, 296.7742919921875, 297.22170410156252273737, 323.11663818359375, 293.19638671874997726263, 291.528045654296875, 325.10350952148439773737, 287.56361083984376136868, 296.898468017578125, 316.75342407226560226263, 287.651275634765625, 302.69576416015627273737, 319.695037841796875, 288.06055297851560226263, 304.39153442382814773737, 306.2413330078125, 283.18666992187502273737, 315.69349365234376136868, 292.60825805664063636868, 281.75133666992189773737, 293.142608642578125, 285.63800048828125, 277.24408569335935226263, 310.09672241210938636868, 281.56646118164064773737, 283.38763427734375, 326.87042236328125, 281.7001953125, 276.48252563476563636868, 309.29304199218751136868, 275.092864990234375, 283.33133544921872726263, 281.017486572265625, 272.01750488281248863132, 290.75225830078125, 307.6058349609375, 283.73303833007810226263, 288.03010253906251136868, 275.15781249999997726263, 271.64586791992189773737, 295.164031982421875, 270.62760620117188636868, 273.84602050781251136868, 321.21176757812497726263, 265.42597656250001136868, 274.957855224609375]
time=[0., 31536000.]
staRes.minT.Min=[250.149993896484375, 250.149993896484375]
staRes.minT.Mean=[250.4499969482421875, 250.4499969482421875]
staRes.maxT.Mean=[337.850006103515625, 337.850006103515625]
staRes.meanT.Min=[291.149993896484375, 291.149993896484375]
TRooAnn.y=[0., 0., 0., 0., 0., 0., 0., 0., 0., 0., 0., 0., 0., 0., 0., 0., 0., 0., 0., 0., 0., 0., 0., 0., 0., 0., 0., 0., 0., 0., 0., 0., 0., 0., 0., 0., 0., 0., 0., 0., 0., 0., 0., 0., 0., 0., 0., 0., 0., 0., 0., 0., 0., 0., 0., 0., 0., 0., 0., 0., 0., 0., 0., 0., 0., 0., 0., 0., 0., 0., 0., 0., 0., 0., 0., 0., 0., 0., 0., 0., 0., 0., 0., 0., 0., 0., 0., 0., 0., 0., 0., 0., 0., 0., 0., 0., 0., 0., 0., 0., 0.]
staRes.meanT.Mean=[291.850006103515625, 291.850006103515625]
staRes.meanT.Max=[292.75, 292.75]
