last-generated=2026-08-01
statistics-initialization=
{
  "nonlinear": "2",
  "numerical Jacobians": "0"
}
statistics-simulation=
{
  "linear": "10, 10, 10, 10, 10, 10, 10, 10, 10, 10, 10, 10, 10, 10, 10, 10, 10, 10, 10, 10,   3, 3, 3, 3, 3, 3, 3, 3, 3, 3",
  "nonlinear": " ",
  "number of continuous time states": "106",
  "numerical Jacobians": "0"
}
time=[0e+00, 3.6e+04]
borFieUTub.borHol.intHex[1].preDro1.m_flow=[3.00000011920929e-01, 3.00000011920929e-01]
borFie2UTubPar.borHol.intHex[1].preDro1.m_flow=[1.500000059604645e-01, 1.500000059604645e-01]
borFie2UTubPar.borHol.intHex[1].preDro3.m_flow=[1.500000059604645e-01, 1.500000059604645e-01]
borFie2UTubSer.borHol.intHex[1].preDro1.m_flow=[3.00000011920929e-01, 3.00000011920929e-01]
borFie2UTubSer.borHol.intHex[1].preDro3.m_flow=[3.00000011920929e-01, 3.00000011920929e-01]
borFieUTub.borHol.intHex[1].preDro1.dp=[3.7025146484375e+02, 3.7025146484375e+02]
borFie2UTubPar.borHol.intHex[1].preDro1.dp=[1.128510513305664e+02, 1.128510513305664e+02]
borFie2UTubPar.borHol.intHex[1].preDro3.dp=[1.128510513305664e+02, 1.128510513305664e+02]
borFie2UTubSer.borHol.intHex[1].preDro1.dp=[3.7025146484375e+02, 3.7025146484375e+02]
borFie2UTubSer.borHol.intHex[1].preDro3.dp=[3.7025146484375e+02, 3.7025146484375e+02]
borFieUTub.dp=[7.49228125e+03, 7.49228125e+03]
borFie2UTubPar.dp=[2.278833984375e+03, 2.278833984375e+03]
borFie2UTubSer.dp=[1.49845625e+04, 1.49845625e+04]
TUTubOut.T=[2.831499938964844e+02, 2.8350537109375e+02, 2.896078186035156e+02, 2.926046752929688e+02, 2.930635986328125e+02, 2.9335546875e+02, 2.935745544433594e+02, 2.93749755859375e+02, 2.938996276855469e+02, 2.940313415527344e+02, 2.941474914550781e+02, 2.942478942871094e+02, 2.943369140625e+02, 2.944185180664062e+02, 2.944930419921875e+02, 2.94563720703125e+02, 2.946328430175781e+02, 2.946969604492188e+02, 2.947567138671875e+02, 2.948151550292969e+02, 2.948711547851562e+02, 2.949228820800781e+02, 2.949730834960938e+02, 2.950223693847656e+02, 2.950679626464844e+02, 2.951115417480469e+02, 2.951547241210938e+02, 2.951945190429688e+02, 2.952313232421875e+02, 2.952675170898438e+02, 2.953014526367188e+02, 2.953311157226562e+02, 2.953594665527344e+02, 2.953879089355469e+02, 2.954164123535156e+02, 2.954449157714844e+02, 2.954733276367188e+02, 2.954989929199219e+02, 2.95522216796875e+02, 2.955450439453125e+02, 2.955679931640625e+02, 2.955910339355469e+02, 2.956141662597656e+02, 2.956370239257812e+02, 2.956582946777344e+02, 2.956787719726562e+02, 2.956992797851562e+02, 2.957198791503906e+02, 2.957405395507812e+02, 2.9576123046875e+02, 2.957807922363281e+02, 2.957982482910156e+02, 2.958150939941406e+02, 2.958320617675781e+02, 2.958490905761719e+02, 2.958662109375e+02, 2.9588330078125e+02, 2.958990783691406e+02, 2.959136657714844e+02, 2.959281005859375e+02, 2.959425964355469e+02, 2.959572143554688e+02, 2.959718933105469e+02, 2.95986328125e+02, 2.959994201660156e+02, 2.960118103027344e+02, 2.960242309570312e+02, 2.960367736816406e+02, 2.960493774414062e+02, 2.9606201171875e+02, 2.9607470703125e+02, 2.960874633789062e+02, 2.961002502441406e+02, 2.961130981445312e+02, 2.961259460449219e+02, 2.961387939453125e+02, 2.961516418457031e+02, 2.961629943847656e+02, 2.961731262207031e+02, 2.961830749511719e+02, 2.961930847167969e+02, 2.962031860351562e+02, 2.962133483886719e+02, 2.962236022949219e+02, 2.962338562011719e+02, 2.962441711425781e+02, 2.962545166015625e+02, 2.96264892578125e+02, 2.962752990722656e+02, 2.962857360839844e+02, 2.962955017089844e+02, 2.963040771484375e+02, 2.963122863769531e+02, 2.96320556640625e+02, 2.963289184570312e+02, 2.963373107910156e+02, 2.963457641601562e+02, 2.96354248046875e+02, 2.9636279296875e+02, 2.963713684082031e+02, 2.963799438476562e+02]
T2UTubParOut.T=[2.831499938964844e+02, 2.827357788085938e+02, 2.827156982421875e+02, 2.84324951171875e+02, 2.875437927246094e+02, 2.893926696777344e+02, 2.901347045898438e+02, 2.905544738769531e+02, 2.908754577636719e+02, 2.911452026367188e+02, 2.91377685546875e+02, 2.915782470703125e+02, 2.917534484863281e+02, 2.919091796875e+02, 2.920486145019531e+02, 2.921769104003906e+02, 2.922977905273438e+02, 2.924098815917969e+02, 2.925147705078125e+02, 2.926146850585938e+02, 2.927093811035156e+02, 2.927981262207031e+02, 2.928831176757812e+02, 2.929648742675781e+02, 2.930415954589844e+02, 2.931148986816406e+02, 2.931858215332031e+02, 2.932520751953125e+02, 2.933142700195312e+02, 2.933738708496094e+02, 2.934295959472656e+02, 2.934801330566406e+02, 2.93527587890625e+02, 2.935732727050781e+02, 2.936182556152344e+02, 2.936630554199219e+02, 2.937076721191406e+02, 2.937491149902344e+02, 2.937875671386719e+02, 2.938240966796875e+02, 2.938597412109375e+02, 2.938952026367188e+02, 2.939307250976562e+02, 2.939659423828125e+02, 2.939994201660156e+02, 2.940317077636719e+02, 2.940632629394531e+02, 2.940946350097656e+02, 2.941260375976562e+02, 2.94157470703125e+02, 2.941877136230469e+02, 2.942155456542969e+02, 2.942420043945312e+02, 2.942677307128906e+02, 2.942933044433594e+02, 2.943189697265625e+02, 2.943446655273438e+02, 2.943689270019531e+02, 2.943917846679688e+02, 2.944137878417969e+02, 2.944354553222656e+02, 2.944571533203125e+02, 2.944789428710938e+02, 2.945005493164062e+02, 2.945206604003906e+02, 2.945397644042969e+02, 2.945583190917969e+02, 2.945767517089844e+02, 2.945952758789062e+02, 2.946138916015625e+02, 2.946325988769531e+02, 2.946513977050781e+02, 2.946702880859375e+02, 2.94689208984375e+02, 2.947081909179688e+02, 2.947272033691406e+02, 2.947462158203125e+02, 2.947636108398438e+02, 2.947794494628906e+02, 2.9479443359375e+02, 2.948089904785156e+02, 2.948235778808594e+02, 2.948382873535156e+02, 2.948531188964844e+02, 2.948680114746094e+02, 2.948829956054688e+02, 2.948980407714844e+02, 2.949131774902344e+02, 2.949283447265625e+02, 2.949435729980469e+02, 2.949580688476562e+02, 2.949712219238281e+02, 2.949835815429688e+02, 2.949955444335938e+02, 2.950074462890625e+02, 2.950194091796875e+02, 2.950315246582031e+02, 2.95043701171875e+02, 2.950559387207031e+02, 2.950682678222656e+02, 2.950806274414062e+02]
T2UTubSerOut.T=[2.831499938964844e+02, 2.835786743164062e+02, 2.831084899902344e+02, 2.837702941894531e+02, 2.876758422851562e+02, 2.895498657226562e+02, 2.900398559570312e+02, 2.904478759765625e+02, 2.907978515625e+02, 2.910787353515625e+02, 2.913152465820312e+02, 2.91518798828125e+02, 2.91696533203125e+02, 2.918543090820312e+02, 2.919954833984375e+02, 2.921254272460938e+02, 2.922477722167969e+02, 2.923611145019531e+02, 2.9246728515625e+02, 2.925684204101562e+02, 2.926639709472656e+02, 2.927536926269531e+02, 2.928396911621094e+02, 2.929222106933594e+02, 2.929996643066406e+02, 2.930737915039062e+02, 2.931454467773438e+02, 2.932122192382812e+02, 2.932751159667969e+02, 2.933353576660156e+02, 2.933915100097656e+02, 2.934425659179688e+02, 2.934906311035156e+02, 2.935366821289062e+02, 2.935820922851562e+02, 2.936273498535156e+02, 2.936723937988281e+02, 2.937142028808594e+02, 2.937530212402344e+02, 2.937899475097656e+02, 2.938258361816406e+02, 2.938616333007812e+02, 2.938975219726562e+02, 2.939330444335938e+02, 2.93966796875e+02, 2.939993896484375e+02, 2.9403125e+02, 2.940628662109375e+02, 2.940945129394531e+02, 2.941262512207031e+02, 2.941566772460938e+02, 2.941847839355469e+02, 2.942115173339844e+02, 2.942374267578125e+02, 2.9426318359375e+02, 2.942890625e+02, 2.943150024414062e+02, 2.943394470214844e+02, 2.943625183105469e+02, 2.943847045898438e+02, 2.944065246582031e+02, 2.944283752441406e+02, 2.944503784179688e+02, 2.944721374511719e+02, 2.944924011230469e+02, 2.945116882324219e+02, 2.945303955078125e+02, 2.945489501953125e+02, 2.94567626953125e+02, 2.945863952636719e+02, 2.946052551269531e+02, 2.946242065429688e+02, 2.946432189941406e+02, 2.946622924804688e+02, 2.946814270019531e+02, 2.947005920410156e+02, 2.947197265625e+02, 2.947372131347656e+02, 2.947532348632812e+02, 2.94768310546875e+02, 2.94782958984375e+02, 2.947976684570312e+02, 2.948125e+02, 2.948274230957031e+02, 2.948424682617188e+02, 2.948575439453125e+02, 2.948727111816406e+02, 2.94887939453125e+02, 2.949032287597656e+02, 2.949185485839844e+02, 2.949331359863281e+02, 2.949463806152344e+02, 2.949588623046875e+02, 2.949708862304688e+02, 2.949828796386719e+02, 2.949949340820312e+02, 2.950071411132812e+02, 2.950194091796875e+02, 2.9503173828125e+02, 2.950441589355469e+02, 2.950566101074219e+02]
