last-generated=2015-05-08
statistics-simulation={'numerical Jacobians': '0', 'nonlinear': ' ', 'linear': ' '}
tabLinExt.y=[-1.25, -1.21249997531995945543, -1.17499995063991868882, -1.13750004516912994745, -1.10000002048910028307, -1.06250000279398681968, -1.02499997112904583929, -0.98750001303851686618, -0.9499999813735560128, -0.91250003725286299439, -0.87500000558792923044, -0.83749997392297459431, -0.80000000186267516966, -0.76249999813736235588, -0.72500002607703373236, -0.68750002235167517739, -0.64999996274713700561, -0.61250001862643144168, -0.5750000149010813244, -0.53750001490111676272, -0.5000000111758375887, -0.46249998137362180461, -0.42500000745057614493, -0.38749999068674062519, -0.34999997392302789612, -0.3125, -0.27499997019771310613, -0.23750004470340357887, -0.20000000745057161522, -0.16249996274719033518, -0.12500004470335041029, -0.08750000745056284168, -0.04999997392302117649, -0.01249999301504441107, 0.02499998696151069233, 0.06250002235169729858, 0.09999994784604235298, 0.13749998509885655307, 0.17500001490114344693, 0.21249999627469753904, 0.24999997764830270142, 0.28750000745054055118, 0.32500003725295179002, 0.3624999850988121497, 0.4000000149011345707, 0.43749998882407920009, 0.47499996274719036293, 0.5, 0.5, 0.5, 0.5, 0.5, 0.5, 0.5, 0.5, 0.5, 0.5, 0.5, 0.5, 0.5, 0.5, 0.5, 0.5, 0.5, 0.5, 0.5, 0.5, 0.52500010430803101258, 0.59999997019773121387, 0.67500002980253515084, 0.75000008940670037649, 0.82500014900873397394, 0.89999976158525751835, 0.97499988079269983565, 1.04999988079198924851, 1.125, 1.20000011920801075149, 1.27499989569211158447, 1.35000023841793992396, 1.42500007450586840818, 1.49999991059329973453, 1.57499997019739379489, 1.65000002980216220472, 1.72499992549448677437, 1.80000014900965776832, 1.87499982118926289409, 1.9499999403964209943, 2.02500005960499995794, 2.09999994039500004206, 2.17500005960357922774, 2.25000017881340141912, 2.32499995529643666003, 2.39999997019705624268, 2.47500019371458979123, 2.54999997019762414396, 2.62499986588888267747, 2.70000020861209977241, 2.77499988079284198861, 2.84999976158511536539, 2.9249998807925576827, 3.]
tabConExt.y=[0., 0., 0., 0., 0., 0., 0., 0., 0., 0., 0., 0., 0., 0., 0., 0., 0., 0., 0., 0., 0., 0., 0., 0., 0., 0., 0., 0., 0., 0., 0., 0., 0., 0., 0.02499998696151069233, 0.06250002235169729858, 0.09999994784604235298, 0.13749998509885655307, 0.17500001490114344693, 0.21249999627469753904, 0.24999997764830270142, 0.28750000745054055118, 0.32500003725295179002, 0.3624999850988121497, 0.4000000149011345707, 0.43749998882407920009, 0.47499996274719036293, 0.5, 0.5, 0.5, 0.5, 0.5, 0.5, 0.5, 0.5, 0.5, 0.5, 0.5, 0.5, 0.5, 0.5, 0.5, 0.5, 0.5, 0.5, 0.5, 0.5, 0.52500010430803101258, 0.59999997019773121387, 0.67500002980253515084, 0.75000008940670037649, 0.82500014900873397394, 0.89999976158525751835, 0.97499988079269983565, 1., 1., 1., 1., 1., 1., 1., 1., 1., 1., 1., 1., 1., 1., 1., 1., 1., 1., 1., 1., 1., 1., 1., 1., 1., 1., 1.]
time=[0., 1.]
