last-generated=2014-10-09
err_V3[3]=[0.02597772516310214996, 0.02597772516310214996]
err_V4[1]=[-0.41787305474281311035, -0.41787305474281311035]
err_V4[3]=[-0.46693426370620727539, -0.46693426370620727539]
err_V4[2]=[-0.40907505154609680176, -0.40907505154609680176]
err_V2[3]=[-0.32798844575881958008, -0.32798844575881958008]
err_V2[1]=[0.00415718974545598030, 0.00415718974545598030]
time=[0.00000000000000000000, 1.00000000000000000000]
err_V3[2]=[0.03351041302084922791, 0.03351041302084922791]
err_V2[2]=[-0.33523881435394287109, -0.33523881435394287109]
err_V3[1]=[-0.48662391304969787598, -0.48662391304969787598]
err_Theta4[1]=[-0.00011993118096143007, -0.00011993118096143007]
err_Theta4[3]=[-0.00067186914384365082, -0.00067186914384365082]
err_Theta3[2]=[-0.00007155980711104348, -0.00007155980711104348]
err_Theta4[2]=[0.00105114805046468973, 0.00105114805046468973]
err_Theta3[3]=[-0.00004979170262231492, -0.00004979170262231492]
err_Theta3[1]=[-0.00005342920485418290, -0.00005342920485418290]
err_Theta2[3]=[0.00032330086105503142, 0.00032330086105503142]
err_Theta2[2]=[0.00020013588073197752, 0.00020013588073197752]
err_Theta2[1]=[0.00019728828920051455, 0.00019728828920051455]
