last-generated=2026-10-09
statistics-initialization=
{
  "linear": "0, 0, 0",
  "nonlinear": "1, 1, 1, 1, 1, 15, 1, 1, 1, 15, 1, 1, 15",
  "numerical Jacobians": "0"
}
statistics-simulation=
{
  "linear": "0, 12, 0, 0, 0, 0, 12, 0, 0, 0, 0, 12, 0, 0, 0",
  "nonlinear": "0, 1, 0, 1, 1, 0, 1, 0, 0, 1, 1, 0, 1, 0, 1, 1",
  "number of continuous time states": "112",
  "numerical Jacobians": "0"
}
time=[0e+00, 8.64e+04]
conFCU1.u1Occ=[0e+00, 0e+00, 0e+00, 0e+00, 0e+00, 0e+00, 0e+00, 0e+00, 0e+00, 0e+00, 0e+00, 0e+00, 0e+00, 0e+00, 0e+00, 0e+00, 0e+00, 0e+00, 0e+00, 0e+00, 0e+00, 0e+00, 0e+00, 0e+00, 0e+00, 0e+00, 1e+00, 1e+00, 1e+00, 1e+00, 1e+00, 1e+00, 1e+00, 1e+00, 1e+00, 1e+00, 1e+00, 1e+00, 1e+00, 1e+00, 1e+00, 1e+00, 1e+00, 1e+00, 1e+00, 1e+00, 1e+00, 1e+00, 1e+00, 1e+00, 1e+00, 1e+00, 1e+00, 1e+00, 1e+00, 1e+00, 1e+00, 1e+00, 1e+00, 1e+00, 1e+00, 1e+00, 1e+00, 1e+00, 1e+00, 1e+00, 1e+00, 1e+00, 1e+00, 1e+00, 1e+00, 1e+00, 1e+00, 1e+00, 1e+00, 1e+00, 1e+00, 1e+00, 1e+00, 1e+00, 0e+00, 0e+00, 0e+00, 0e+00, 0e+00, 0e+00, 0e+00, 0e+00, 0e+00, 0e+00, 0e+00, 0e+00, 0e+00, 0e+00, 0e+00, 0e+00, 0e+00, 0e+00, 0e+00, 0e+00, 0e+00]
conFCU1.TZonHeaSet=[2.851499938964844e+02, 2.851499938964844e+02, 2.851499938964844e+02, 2.851499938964844e+02, 2.851499938964844e+02, 2.851499938964844e+02, 2.851499938964844e+02, 2.851499938964844e+02, 2.851499938964844e+02, 2.851499938964844e+02, 2.851499938964844e+02, 2.851499938964844e+02, 2.851499938964844e+02, 2.851499938964844e+02, 2.851499938964844e+02, 2.851499938964844e+02, 2.851499938964844e+02, 2.851499938964844e+02, 2.851499938964844e+02, 2.851499938964844e+02, 2.851499938964844e+02, 2.931499938964844e+02, 2.931499938964844e+02, 2.931499938964844e+02, 2.931499938964844e+02, 2.931499938964844e+02, 2.931499938964844e+02, 2.931499938964844e+02, 2.931499938964844e+02, 2.931499938964844e+02, 2.931499938964844e+02, 2.931499938964844e+02, 2.931499938964844e+02, 2.931499938964844e+02, 2.931499938964844e+02, 2.931499938964844e+02, 2.931499938964844e+02, 2.931499938964844e+02, 2.931499938964844e+02, 2.931499938964844e+02, 2.931499938964844e+02, 2.931499938964844e+02, 2.931499938964844e+02, 2.931499938964844e+02, 2.931499938964844e+02, 2.931499938964844e+02, 2.931499938964844e+02, 2.931499938964844e+02, 2.931499938964844e+02, 2.931499938964844e+02, 2.931499938964844e+02, 2.931499938964844e+02, 2.931499938964844e+02, 2.931499938964844e+02, 2.931499938964844e+02, 2.931499938964844e+02, 2.931499938964844e+02, 2.931499938964844e+02, 2.931499938964844e+02, 2.931499938964844e+02, 2.931499938964844e+02, 2.931499938964844e+02, 2.931499938964844e+02, 2.931499938964844e+02, 2.931499938964844e+02, 2.931499938964844e+02, 2.931499938964844e+02, 2.931499938964844e+02, 2.931499938964844e+02, 2.931499938964844e+02, 2.931499938964844e+02, 2.931499938964844e+02, 2.931499938964844e+02, 2.931499938964844e+02, 2.931499938964844e+02, 2.931499938964844e+02, 2.931499938964844e+02, 2.931499938964844e+02, 2.931499938964844e+02, 2.931499938964844e+02, 2.851499938964844e+02, 2.851499938964844e+02, 2.851499938964844e+02, 2.851499938964844e+02, 2.851499938964844e+02, 2.851499938964844e+02, 2.851499938964844e+02, 2.851499938964844e+02, 2.851499938964844e+02, 2.851499938964844e+02, 2.851499938964844e+02, 2.851499938964844e+02, 2.851499938964844e+02, 2.851499938964844e+02, 2.851499938964844e+02, 2.851499938964844e+02, 2.851499938964844e+02, 2.851499938964844e+02, 2.851499938964844e+02, 2.851499938964844e+02, 2.851499938964844e+02]
conFCU1.TZonCooSet=[3.031499938964844e+02, 3.031499938964844e+02, 3.031499938964844e+02, 3.031499938964844e+02, 3.031499938964844e+02, 3.031499938964844e+02, 3.031499938964844e+02, 3.031499938964844e+02, 3.031499938964844e+02, 3.031499938964844e+02, 3.031499938964844e+02, 3.031499938964844e+02, 3.031499938964844e+02, 3.031499938964844e+02, 3.031499938964844e+02, 3.031499938964844e+02, 3.031499938964844e+02, 3.031499938964844e+02, 3.031499938964844e+02, 3.031499938964844e+02, 3.031499938964844e+02, 2.971499938964844e+02, 2.971499938964844e+02, 2.971499938964844e+02, 2.971499938964844e+02, 2.971499938964844e+02, 2.971499938964844e+02, 2.971499938964844e+02, 2.971499938964844e+02, 2.971499938964844e+02, 2.971499938964844e+02, 2.971499938964844e+02, 2.971499938964844e+02, 2.971499938964844e+02, 2.971499938964844e+02, 2.971499938964844e+02, 2.971499938964844e+02, 2.971499938964844e+02, 2.971499938964844e+02, 2.971499938964844e+02, 2.971499938964844e+02, 2.971499938964844e+02, 2.971499938964844e+02, 2.971499938964844e+02, 2.971499938964844e+02, 2.971499938964844e+02, 2.971499938964844e+02, 2.971499938964844e+02, 2.971499938964844e+02, 2.971499938964844e+02, 2.971499938964844e+02, 2.971499938964844e+02, 2.971499938964844e+02, 2.971499938964844e+02, 2.971499938964844e+02, 2.971499938964844e+02, 2.971499938964844e+02, 2.971499938964844e+02, 2.971499938964844e+02, 2.971499938964844e+02, 2.971499938964844e+02, 2.971499938964844e+02, 2.971499938964844e+02, 2.971499938964844e+02, 2.971499938964844e+02, 2.971499938964844e+02, 2.971499938964844e+02, 2.971499938964844e+02, 2.971499938964844e+02, 2.971499938964844e+02, 2.971499938964844e+02, 2.971499938964844e+02, 2.971499938964844e+02, 2.971499938964844e+02, 2.971499938964844e+02, 2.971499938964844e+02, 2.971499938964844e+02, 2.971499938964844e+02, 2.971499938964844e+02, 2.971499938964844e+02, 3.031499938964844e+02, 3.031499938964844e+02, 3.031499938964844e+02, 3.031499938964844e+02, 3.031499938964844e+02, 3.031499938964844e+02, 3.031499938964844e+02, 3.031499938964844e+02, 3.031499938964844e+02, 3.031499938964844e+02, 3.031499938964844e+02, 3.031499938964844e+02, 3.031499938964844e+02, 3.031499938964844e+02, 3.031499938964844e+02, 3.031499938964844e+02, 3.031499938964844e+02, 3.031499938964844e+02, 3.031499938964844e+02, 3.031499938964844e+02, 3.031499938964844e+02]
conFCU1.TZon=[2.931499938964844e+02, 2.925032043457031e+02, 2.923773498535156e+02, 2.923059692382812e+02, 2.922463073730469e+02, 2.921920471191406e+02, 2.921418151855469e+02, 2.920953369140625e+02, 2.920473327636719e+02, 2.91997802734375e+02, 2.9194921875e+02, 2.919034423828125e+02, 2.918594665527344e+02, 2.918147583007812e+02, 2.917665100097656e+02, 2.917142028808594e+02, 2.916605224609375e+02, 2.916088562011719e+02, 2.915615539550781e+02, 2.91517822265625e+02, 2.914756774902344e+02, 2.914512023925781e+02, 2.914103698730469e+02, 2.913573913574219e+02, 2.913114013671875e+02, 2.912680358886719e+02, 2.912253723144531e+02, 2.911816101074219e+02, 2.911367492675781e+02, 2.910923461914062e+02, 2.910504760742188e+02, 2.910134887695312e+02, 2.909822692871094e+02, 2.909576721191406e+02, 2.912065124511719e+02, 2.920783081054688e+02, 2.929806518554688e+02, 2.93775390625e+02, 2.944144592285156e+02, 2.946865539550781e+02, 2.949013366699219e+02, 2.9509130859375e+02, 2.952660217285156e+02, 2.954306335449219e+02, 2.955887145996094e+02, 2.957443237304688e+02, 2.9590087890625e+02, 2.960580749511719e+02, 2.962109069824219e+02, 2.963617553710938e+02, 2.965081787109375e+02, 2.963839721679688e+02, 2.964774169921875e+02, 2.965822143554688e+02, 2.966911926269531e+02, 2.973052978515625e+02, 2.975157775878906e+02, 2.976392211914062e+02, 2.977166137695312e+02, 2.976269836425781e+02, 2.972380676269531e+02, 2.969775390625e+02, 2.971366882324219e+02, 2.971840209960938e+02, 2.97189453125e+02, 2.971817626953125e+02, 2.971751098632812e+02, 2.971744995117188e+02, 2.971755065917969e+02, 2.971758117675781e+02, 2.971761169433594e+02, 2.971646118164062e+02, 2.970217895507812e+02, 2.970382385253906e+02, 2.970788879394531e+02, 2.970697631835938e+02, 2.97048828125e+02, 2.968480224609375e+02, 2.964953308105469e+02, 2.960870971679688e+02, 2.957049865722656e+02, 2.955600280761719e+02, 2.954726867675781e+02, 2.954064025878906e+02, 2.953485717773438e+02, 2.952981262207031e+02, 2.952613220214844e+02, 2.95239501953125e+02, 2.952186279296875e+02, 2.951724243164062e+02, 2.951068725585938e+02, 2.950420532226562e+02, 2.9498583984375e+02, 2.949355773925781e+02, 2.948842468261719e+02, 2.948318786621094e+02, 2.947803649902344e+02, 2.947311096191406e+02, 2.946841735839844e+02, 2.946384887695312e+02, 2.945927124023438e+02]
conFCU1.yCooCoi=[0e+00, 0e+00, 0e+00, 0e+00, 0e+00, 0e+00, 0e+00, 0e+00, 0e+00, 0e+00, 0e+00, 0e+00, 0e+00, 0e+00, 0e+00, 0e+00, 0e+00, 0e+00, 0e+00, 0e+00, 0e+00, 0e+00, 0e+00, 0e+00, 0e+00, 0e+00, 0e+00, 0e+00, 0e+00, 0e+00, 0e+00, 0e+00, 0e+00, 0e+00, 0e+00, 0e+00, 0e+00, 0e+00, 0e+00, 0e+00, 0e+00, 0e+00, 0e+00, 0e+00, 0e+00, 0e+00, 0e+00, 0e+00, 0e+00, 0e+00, 0e+00, 0e+00, 0e+00, 0e+00, 0e+00, 0e+00, 0e+00, 7.19411373138432e-02, 8.580566942691803e-02, 1.756772398948669e-01, 5.003842115402222e-01, 5.855225920677185e-01, 4.872565567493439e-01, 3.731011152267456e-01, 3.104037642478943e-01, 2.835893929004669e-01, 2.685409784317017e-01, 2.572649717330933e-01, 2.496712803840637e-01, 2.459801733493805e-01, 2.45570495724678e-01, 2.476212233304977e-01, 2.354629635810852e-01, 1.85918465256691e-01, 1.242519915103912e-01, 7.697468996047974e-02, 3.17230187356472e-02, 9.784717112779617e-03, 4.638360347598791e-03, 0e+00, 0e+00, 0e+00, 0e+00, 0e+00, 0e+00, 0e+00, 0e+00, 0e+00, 0e+00, 0e+00, 0e+00, 0e+00, 0e+00, 0e+00, 0e+00, 0e+00, 0e+00, 0e+00, 0e+00, 0e+00, 0e+00]
conFCU1.TSup=[2.931499938964844e+02, 2.931499938964844e+02, 2.931499938964844e+02, 2.931499938964844e+02, 2.931499938964844e+02, 2.931499938964844e+02, 2.931499938964844e+02, 2.931499938964844e+02, 2.931499938964844e+02, 2.931499938964844e+02, 2.931499938964844e+02, 2.931499938964844e+02, 2.931499938964844e+02, 2.931499938964844e+02, 2.931499938964844e+02, 2.931499938964844e+02, 2.931499938964844e+02, 2.931499938964844e+02, 2.931499938964844e+02, 2.931499938964844e+02, 2.931499938964844e+02, 2.930081481933594e+02, 2.91868896484375e+02, 2.915619812011719e+02, 2.914537963867188e+02, 2.913947448730469e+02, 2.913481750488281e+02, 2.913042297363281e+02, 2.912598571777344e+02, 2.912151794433594e+02, 2.91171630859375e+02, 2.911313171386719e+02, 2.91095947265625e+02, 2.910665588378906e+02, 2.911028137207031e+02, 2.915921020507812e+02, 2.924298706054688e+02, 2.9326123046875e+02, 2.940329895019531e+02, 2.945167541503906e+02, 2.948090209960938e+02, 2.950301513671875e+02, 2.952203369140625e+02, 2.953939819335938e+02, 2.955575866699219e+02, 2.957155151367188e+02, 2.958718566894531e+02, 2.9602880859375e+02, 2.961838684082031e+02, 2.963364562988281e+02, 2.964859619140625e+02, 2.964742126464844e+02, 2.96510498046875e+02, 2.965963134765625e+02, 2.966987609863281e+02, 2.970637512207031e+02, 2.97409912109375e+02, 2.930881652832032e+02, 2.9021875e+02, 2.880871887207031e+02, 2.893594055175781e+02, 2.858165588378906e+02, 2.840966796875e+02, 2.844996032714844e+02, 2.852204284667969e+02, 2.85571533203125e+02, 2.856642456054688e+02, 2.857103271484375e+02, 2.857646789550781e+02, 2.858167724609375e+02, 2.858584289550781e+02, 2.858858947753906e+02, 2.854908447265625e+02, 2.850119323730469e+02, 2.850584411621094e+02, 2.852147827148438e+02, 2.852335510253906e+02, 2.872067260742188e+02, 2.91243896484375e+02, 2.951058349609375e+02, 2.953817138671875e+02, 2.953817138671875e+02, 2.953817138671875e+02, 2.953817138671875e+02, 2.953817138671875e+02, 2.953817138671875e+02, 2.953817138671875e+02, 2.953817138671875e+02, 2.953817138671875e+02, 2.953817138671875e+02, 2.953817138671875e+02, 2.953817138671875e+02, 2.953817138671875e+02, 2.953817138671875e+02, 2.953817138671875e+02, 2.953817138671875e+02, 2.953817138671875e+02, 2.953817138671875e+02, 2.953817138671875e+02, 2.953817138671875e+02, 2.953817138671875e+02]
conFCU1.TSupSet=[2.931499938964844e+02, 2.931499938964844e+02, 2.931499938964844e+02, 2.931499938964844e+02, 2.931499938964844e+02, 2.931499938964844e+02, 2.931499938964844e+02, 2.931499938964844e+02, 2.931499938964844e+02, 2.931499938964844e+02, 2.931499938964844e+02, 2.931499938964844e+02, 2.931499938964844e+02, 2.931499938964844e+02, 2.931499938964844e+02, 2.931499938964844e+02, 2.931499938964844e+02, 2.931499938964844e+02, 2.931499938964844e+02, 2.931499938964844e+02, 2.931499938964844e+02, 2.930081481933594e+02, 2.91868896484375e+02, 2.915619812011719e+02, 2.914537963867188e+02, 2.913947448730469e+02, 2.913481750488281e+02, 2.913042297363281e+02, 2.912598571777344e+02, 2.912151794433594e+02, 2.91171630859375e+02, 2.911313171386719e+02, 2.91095947265625e+02, 2.910665588378906e+02, 2.911028137207031e+02, 2.915921020507812e+02, 2.924298706054688e+02, 2.9326123046875e+02, 2.940329895019531e+02, 2.945167541503906e+02, 2.948090209960938e+02, 2.950301513671875e+02, 2.952203369140625e+02, 2.953939819335938e+02, 2.955575866699219e+02, 2.957155151367188e+02, 2.958718566894531e+02, 2.9602880859375e+02, 2.961838684082031e+02, 2.963364562988281e+02, 2.964859619140625e+02, 2.964742126464844e+02, 2.96510498046875e+02, 2.965963134765625e+02, 2.966987609863281e+02, 2.970637512207031e+02, 2.97409912109375e+02, 2.935762634277344e+02, 2.892934265136719e+02, 2.858500061035156e+02, 2.858500061035156e+02, 2.858500061035156e+02, 2.858500061035156e+02, 2.858500061035156e+02, 2.858500061035156e+02, 2.858500061035156e+02, 2.858500061035156e+02, 2.858500061035156e+02, 2.858500061035156e+02, 2.858500061035156e+02, 2.858500061035156e+02, 2.858500061035156e+02, 2.858500061035156e+02, 2.858500061035156e+02, 2.858500061035156e+02, 2.858500061035156e+02, 2.858500061035156e+02, 2.872322387695312e+02, 2.913139343261719e+02, 2.971499938964844e+02, 2.953817138671875e+02, 2.953817138671875e+02, 2.953817138671875e+02, 2.953817138671875e+02, 2.953817138671875e+02, 2.953817138671875e+02, 2.953817138671875e+02, 2.953817138671875e+02, 2.953817138671875e+02, 2.953817138671875e+02, 2.953817138671875e+02, 2.953817138671875e+02, 2.953817138671875e+02, 2.953817138671875e+02, 2.953817138671875e+02, 2.953817138671875e+02, 2.953817138671875e+02, 2.953817138671875e+02, 2.953817138671875e+02, 2.953817138671875e+02, 2.953817138671875e+02]
conFCU1.yFan=[0e+00, 0e+00, 0e+00, 0e+00, 0e+00, 0e+00, 0e+00, 0e+00, 0e+00, 0e+00, 0e+00, 0e+00, 0e+00, 0e+00, 0e+00, 0e+00, 0e+00, 0e+00, 0e+00, 0e+00, 0e+00, 1.000000014901161e-01, 1.000000014901161e-01, 1.000000014901161e-01, 1.000000014901161e-01, 1.000000014901161e-01, 1.000000014901161e-01, 1.000000014901161e-01, 1.000000014901161e-01, 1.000000014901161e-01, 1.000000014901161e-01, 1.000000014901161e-01, 1.000000014901161e-01, 1.000000014901161e-01, 1.000000014901161e-01, 1.000000014901161e-01, 1.000000014901161e-01, 1.000000014901161e-01, 1.000000014901161e-01, 1.000000014901161e-01, 1.000000014901161e-01, 1.000000014901161e-01, 1.000000014901161e-01, 1.000000014901161e-01, 1.000000014901161e-01, 1.000000014901161e-01, 1.000000014901161e-01, 1.000000014901161e-01, 1.000000014901161e-01, 1.000000014901161e-01, 1.000000014901161e-01, 1.000000014901161e-01, 1.000000014901161e-01, 1.000000014901161e-01, 1.000000014901161e-01, 1.000000014901161e-01, 1.000000014901161e-01, 1.000000014901161e-01, 1.000000014901161e-01, 1.783611178398132e-01, 3.15251499414444e-01, 2.594340145587921e-01, 2.155172228813171e-01, 2.26688876748085e-01, 2.466775178909302e-01, 2.651329338550568e-01, 2.793532013893127e-01, 2.920172214508057e-01, 3.050374984741212e-01, 3.183602094650267e-01, 3.318389654159545e-01, 3.446688950061798e-01, 3.058388829231262e-01, 2.381284385919571e-01, 1.950860470533371e-01, 1.566895693540573e-01, 1.093422323465347e-01, 1.000000014901161e-01, 1.000000014901161e-01, 1.000000014901161e-01, 0e+00, 0e+00, 0e+00, 0e+00, 0e+00, 0e+00, 0e+00, 0e+00, 0e+00, 0e+00, 0e+00, 0e+00, 0e+00, 0e+00, 0e+00, 0e+00, 0e+00, 0e+00, 0e+00, 0e+00, 0e+00]
conFCU2.u1Occ=[0e+00, 0e+00, 0e+00, 0e+00, 0e+00, 0e+00, 0e+00, 0e+00, 0e+00, 0e+00, 0e+00, 0e+00, 0e+00, 0e+00, 0e+00, 0e+00, 0e+00, 0e+00, 0e+00, 0e+00, 0e+00, 0e+00, 0e+00, 0e+00, 0e+00, 0e+00, 1e+00, 1e+00, 1e+00, 1e+00, 1e+00, 1e+00, 1e+00, 1e+00, 1e+00, 1e+00, 1e+00, 1e+00, 1e+00, 1e+00, 1e+00, 1e+00, 1e+00, 1e+00, 1e+00, 1e+00, 1e+00, 1e+00, 1e+00, 1e+00, 1e+00, 1e+00, 1e+00, 1e+00, 1e+00, 1e+00, 1e+00, 1e+00, 1e+00, 1e+00, 1e+00, 1e+00, 1e+00, 1e+00, 1e+00, 1e+00, 1e+00, 1e+00, 1e+00, 1e+00, 1e+00, 1e+00, 1e+00, 1e+00, 1e+00, 1e+00, 1e+00, 1e+00, 1e+00, 1e+00, 0e+00, 0e+00, 0e+00, 0e+00, 0e+00, 0e+00, 0e+00, 0e+00, 0e+00, 0e+00, 0e+00, 0e+00, 0e+00, 0e+00, 0e+00, 0e+00, 0e+00, 0e+00, 0e+00, 0e+00, 0e+00]
conFCU2.TZonHeaSet=[2.851499938964844e+02, 2.851499938964844e+02, 2.851499938964844e+02, 2.851499938964844e+02, 2.851499938964844e+02, 2.851499938964844e+02, 2.851499938964844e+02, 2.851499938964844e+02, 2.851499938964844e+02, 2.851499938964844e+02, 2.851499938964844e+02, 2.851499938964844e+02, 2.851499938964844e+02, 2.851499938964844e+02, 2.851499938964844e+02, 2.851499938964844e+02, 2.851499938964844e+02, 2.851499938964844e+02, 2.851499938964844e+02, 2.851499938964844e+02, 2.851499938964844e+02, 2.931499938964844e+02, 2.931499938964844e+02, 2.931499938964844e+02, 2.931499938964844e+02, 2.931499938964844e+02, 2.931499938964844e+02, 2.931499938964844e+02, 2.931499938964844e+02, 2.931499938964844e+02, 2.931499938964844e+02, 2.931499938964844e+02, 2.931499938964844e+02, 2.931499938964844e+02, 2.931499938964844e+02, 2.931499938964844e+02, 2.931499938964844e+02, 2.931499938964844e+02, 2.931499938964844e+02, 2.931499938964844e+02, 2.931499938964844e+02, 2.931499938964844e+02, 2.931499938964844e+02, 2.931499938964844e+02, 2.931499938964844e+02, 2.931499938964844e+02, 2.931499938964844e+02, 2.931499938964844e+02, 2.931499938964844e+02, 2.931499938964844e+02, 2.931499938964844e+02, 2.931499938964844e+02, 2.931499938964844e+02, 2.931499938964844e+02, 2.931499938964844e+02, 2.931499938964844e+02, 2.931499938964844e+02, 2.931499938964844e+02, 2.931499938964844e+02, 2.931499938964844e+02, 2.931499938964844e+02, 2.931499938964844e+02, 2.931499938964844e+02, 2.931499938964844e+02, 2.931499938964844e+02, 2.931499938964844e+02, 2.931499938964844e+02, 2.931499938964844e+02, 2.931499938964844e+02, 2.931499938964844e+02, 2.931499938964844e+02, 2.931499938964844e+02, 2.931499938964844e+02, 2.931499938964844e+02, 2.931499938964844e+02, 2.931499938964844e+02, 2.931499938964844e+02, 2.931499938964844e+02, 2.931499938964844e+02, 2.931499938964844e+02, 2.851499938964844e+02, 2.851499938964844e+02, 2.851499938964844e+02, 2.851499938964844e+02, 2.851499938964844e+02, 2.851499938964844e+02, 2.851499938964844e+02, 2.851499938964844e+02, 2.851499938964844e+02, 2.851499938964844e+02, 2.851499938964844e+02, 2.851499938964844e+02, 2.851499938964844e+02, 2.851499938964844e+02, 2.851499938964844e+02, 2.851499938964844e+02, 2.851499938964844e+02, 2.851499938964844e+02, 2.851499938964844e+02, 2.851499938964844e+02, 2.851499938964844e+02]
conFCU2.TZonCooSet=[3.031499938964844e+02, 3.031499938964844e+02, 3.031499938964844e+02, 3.031499938964844e+02, 3.031499938964844e+02, 3.031499938964844e+02, 3.031499938964844e+02, 3.031499938964844e+02, 3.031499938964844e+02, 3.031499938964844e+02, 3.031499938964844e+02, 3.031499938964844e+02, 3.031499938964844e+02, 3.031499938964844e+02, 3.031499938964844e+02, 3.031499938964844e+02, 3.031499938964844e+02, 3.031499938964844e+02, 3.031499938964844e+02, 3.031499938964844e+02, 3.031499938964844e+02, 2.971499938964844e+02, 2.971499938964844e+02, 2.971499938964844e+02, 2.971499938964844e+02, 2.971499938964844e+02, 2.971499938964844e+02, 2.971499938964844e+02, 2.971499938964844e+02, 2.971499938964844e+02, 2.971499938964844e+02, 2.971499938964844e+02, 2.971499938964844e+02, 2.971499938964844e+02, 2.971499938964844e+02, 2.971499938964844e+02, 2.971499938964844e+02, 2.971499938964844e+02, 2.971499938964844e+02, 2.971499938964844e+02, 2.971499938964844e+02, 2.971499938964844e+02, 2.971499938964844e+02, 2.971499938964844e+02, 2.971499938964844e+02, 2.971499938964844e+02, 2.971499938964844e+02, 2.971499938964844e+02, 2.971499938964844e+02, 2.971499938964844e+02, 2.971499938964844e+02, 2.971499938964844e+02, 2.971499938964844e+02, 2.971499938964844e+02, 2.971499938964844e+02, 2.971499938964844e+02, 2.971499938964844e+02, 2.971499938964844e+02, 2.971499938964844e+02, 2.971499938964844e+02, 2.971499938964844e+02, 2.971499938964844e+02, 2.971499938964844e+02, 2.971499938964844e+02, 2.971499938964844e+02, 2.971499938964844e+02, 2.971499938964844e+02, 2.971499938964844e+02, 2.971499938964844e+02, 2.971499938964844e+02, 2.971499938964844e+02, 2.971499938964844e+02, 2.971499938964844e+02, 2.971499938964844e+02, 2.971499938964844e+02, 2.971499938964844e+02, 2.971499938964844e+02, 2.971499938964844e+02, 2.971499938964844e+02, 2.971499938964844e+02, 3.031499938964844e+02, 3.031499938964844e+02, 3.031499938964844e+02, 3.031499938964844e+02, 3.031499938964844e+02, 3.031499938964844e+02, 3.031499938964844e+02, 3.031499938964844e+02, 3.031499938964844e+02, 3.031499938964844e+02, 3.031499938964844e+02, 3.031499938964844e+02, 3.031499938964844e+02, 3.031499938964844e+02, 3.031499938964844e+02, 3.031499938964844e+02, 3.031499938964844e+02, 3.031499938964844e+02, 3.031499938964844e+02, 3.031499938964844e+02, 3.031499938964844e+02]
conFCU2.TZon=[2.931499938964844e+02, 2.923567504882812e+02, 2.92213134765625e+02, 2.9212939453125e+02, 2.920590209960938e+02, 2.919950866699219e+02, 2.919354553222656e+02, 2.918801574707031e+02, 2.918264770507812e+02, 2.9177099609375e+02, 2.917163696289062e+02, 2.916644592285156e+02, 2.916142883300781e+02, 2.915634460449219e+02, 2.9150927734375e+02, 2.914513244628906e+02, 2.9139208984375e+02, 2.913348388671875e+02, 2.912817687988281e+02, 2.912321166992188e+02, 2.911840209960938e+02, 2.911514282226562e+02, 2.935653381347656e+02, 2.931398010253906e+02, 2.931466369628906e+02, 2.931485900878906e+02, 2.931495361328125e+02, 2.931493530273438e+02, 2.93149169921875e+02, 2.931493225097656e+02, 2.931497802734375e+02, 2.931504516601562e+02, 2.931510925292969e+02, 2.931517944335938e+02, 2.93173828125e+02, 2.931681823730469e+02, 2.931654357910156e+02, 2.931656494140625e+02, 2.931507873535156e+02, 2.931541442871094e+02, 2.931534729003906e+02, 2.931535339355469e+02, 2.931535339355469e+02, 2.93153564453125e+02, 2.931537780761719e+02, 2.931543273925781e+02, 2.931548767089844e+02, 2.931548156738281e+02, 2.931548461914062e+02, 2.93154541015625e+02, 2.931539306640625e+02, 2.931591796875e+02, 2.931499328613281e+02, 2.931546325683594e+02, 2.931549987792969e+02, 2.932864990234375e+02, 2.932655639648438e+02, 2.93236572265625e+02, 2.932124938964844e+02, 2.931925048828125e+02, 2.931761169433594e+02, 2.931650085449219e+02, 2.931580505371094e+02, 2.9315380859375e+02, 2.931514587402344e+02, 2.931501770019531e+02, 2.931502990722656e+02, 2.931504516601562e+02, 2.931505737304688e+02, 2.931521911621094e+02, 2.931564025878906e+02, 2.931595458984375e+02, 2.93101806640625e+02, 2.930450439453125e+02, 2.930104370117188e+02, 2.929907836914062e+02, 2.929894409179688e+02, 2.931506958007812e+02, 2.931359558105469e+02, 2.931405029296875e+02, 2.921643371582031e+02, 2.919240112304688e+02, 2.918477172851562e+02, 2.917968444824219e+02, 2.917525939941406e+02, 2.917130432128906e+02, 2.916829223632812e+02, 2.916637268066406e+02, 2.916452026367188e+02, 2.916081848144531e+02, 2.915572814941406e+02, 2.915069885253906e+02, 2.914626770019531e+02, 2.91422119140625e+02, 2.913799438476562e+02, 2.913365478515625e+02, 2.912939453125e+02, 2.9125341796875e+02, 2.912151489257812e+02, 2.911781616210938e+02, 2.911412353515625e+02]
conFCU2.yCooCoi=[0e+00, 0e+00, 0e+00, 0e+00, 0e+00, 0e+00, 0e+00, 0e+00, 0e+00, 0e+00, 0e+00, 0e+00, 0e+00, 0e+00, 0e+00, 0e+00, 0e+00, 0e+00, 0e+00, 0e+00, 0e+00, 0e+00, 0e+00, 0e+00, 0e+00, 0e+00, 0e+00, 0e+00, 0e+00, 0e+00, 0e+00, 0e+00, 0e+00, 0e+00, 0e+00, 0e+00, 0e+00, 0e+00, 0e+00, 0e+00, 0e+00, 0e+00, 0e+00, 0e+00, 0e+00, 0e+00, 0e+00, 0e+00, 0e+00, 0e+00, 0e+00, 0e+00, 0e+00, 0e+00, 0e+00, 0e+00, 0e+00, 0e+00, 0e+00, 0e+00, 0e+00, 0e+00, 0e+00, 0e+00, 0e+00, 0e+00, 0e+00, 0e+00, 0e+00, 0e+00, 0e+00, 0e+00, 0e+00, 0e+00, 0e+00, 0e+00, 0e+00, 0e+00, 0e+00, 0e+00, 0e+00, 0e+00, 0e+00, 0e+00, 0e+00, 0e+00, 0e+00, 0e+00, 0e+00, 0e+00, 0e+00, 0e+00, 0e+00, 0e+00, 0e+00, 0e+00, 0e+00, 0e+00, 0e+00, 0e+00, 0e+00]
conFCU2.yHeaCoi=[0e+00, 0e+00, 0e+00, 0e+00, 0e+00, 0e+00, 0e+00, 0e+00, 0e+00, 0e+00, 0e+00, 0e+00, 0e+00, 0e+00, 0e+00, 0e+00, 0e+00, 0e+00, 0e+00, 0e+00, 0e+00, 7.26894736289978e-02, 4.36221718788147e-01, 3.827551901340485e-01, 3.239651620388031e-01, 3.017986416816711e-01, 2.937300503253937e-01, 2.910686433315277e-01, 2.910412847995758e-01, 2.923523485660553e-01, 2.939420640468597e-01, 2.948307693004608e-01, 2.943736016750336e-01, 2.922043204307556e-01, 2.83515840768814e-01, 2.404485791921618e-01, 1.849683970212936e-01, 1.357520073652267e-01, 9.884479641914368e-02, 9.550872445106506e-02, 8.844038099050522e-02, 8.244743943214417e-02, 7.648586481809616e-02, 7.076067477464676e-02, 6.513562798500061e-02, 5.922654271125793e-02, 5.26115857064724e-02, 4.547027871012688e-02, 3.9094228297472e-02, 3.210932388901711e-02, 2.587402611970901e-02, 4.106629267334938e-02, 2.60342676192522e-02, 2.601933665573597e-02, 2.070003934204578e-02, 6.911835633218283e-03, 5.243919324129791e-03, 4.11525322124363e-03, 3.348797559738159e-03, 1.575332367792726e-03, 2.326549496501684e-03, 2.058747224509716e-03, 1.937906607054174e-03, 1.906503457576036e-03, 1.90132181160152e-03, 1.900322851724923e-03, 1.902295160107315e-03, 1.885364530608058e-03, 1.908977050334214e-03, 1.85514707118273e-03, 1.749827060848476e-03, 1.647512661293149e-03, 2.858675783500075e-03, 4.732082132250071e-03, 7.272586226463318e-03, 1.614648662507534e-02, 4.114513099193573e-02, 6.825816631317139e-02, 7.763757556676865e-02, 9.713105857372284e-02, 0e+00, 0e+00, 0e+00, 0e+00, 0e+00, 0e+00, 0e+00, 0e+00, 0e+00, 0e+00, 0e+00, 0e+00, 0e+00, 0e+00, 0e+00, 0e+00, 0e+00, 0e+00, 0e+00, 0e+00, 0e+00]
conFCU2.TSup=[2.931499938964844e+02, 2.931499938964844e+02, 2.931499938964844e+02, 2.931499938964844e+02, 2.931499938964844e+02, 2.931499938964844e+02, 2.931499938964844e+02, 2.931499938964844e+02, 2.931499938964844e+02, 2.931499938964844e+02, 2.931499938964844e+02, 2.931499938964844e+02, 2.931499938964844e+02, 2.931499938964844e+02, 2.931499938964844e+02, 2.931499938964844e+02, 2.931499938964844e+02, 2.931499938964844e+02, 2.931499938964844e+02, 2.931499938964844e+02, 2.931499938964844e+02, 2.930153198242188e+02, 3.058036804199219e+02, 3.095802307128906e+02, 3.086981811523438e+02, 3.083587646484375e+02, 3.082249755859375e+02, 3.081704406738281e+02, 3.08141357421875e+02, 3.081283264160156e+02, 3.081294555664062e+02, 3.081436767578125e+02, 3.081641540527344e+02, 3.081897277832031e+02, 3.0840625e+02, 3.0887890625e+02, 3.089072265625e+02, 3.087874450683594e+02, 3.085161743164062e+02, 3.081644287109375e+02, 3.082601013183594e+02, 3.082272338867188e+02, 3.082334289550781e+02, 3.082280883789062e+02, 3.082283325195312e+02, 3.082353210449219e+02, 3.082449340820312e+02, 3.082508544921875e+02, 3.082380065917969e+02, 3.082442932128906e+02, 3.082339477539062e+02, 3.080747680664062e+02, 3.081868591308594e+02, 3.082593688964844e+02, 3.081237487792969e+02, 3.056712951660156e+02, 3.021446228027344e+02, 2.994739685058594e+02, 2.9751123046875e+02, 2.96199951171875e+02, 2.9525e+02, 2.947188415527344e+02, 2.94426513671875e+02, 2.942788696289062e+02, 2.942138061523438e+02, 2.941989135742188e+02, 2.941932373046875e+02, 2.941832580566406e+02, 2.941681823730469e+02, 2.941351928710938e+02, 2.940198059082031e+02, 2.937637939453125e+02, 2.942879943847656e+02, 2.965083923339844e+02, 2.999019470214844e+02, 3.038178405761719e+02, 3.080389099121094e+02, 3.083623962402344e+02, 3.077386779785156e+02, 3.079484252929688e+02, 3.078975524902344e+02, 3.078975524902344e+02, 3.078975524902344e+02, 3.078975524902344e+02, 3.078975524902344e+02, 3.078975524902344e+02, 3.078975524902344e+02, 3.078975524902344e+02, 3.078975524902344e+02, 3.078975524902344e+02, 3.078975524902344e+02, 3.078975524902344e+02, 3.078975524902344e+02, 3.078975524902344e+02, 3.078975524902344e+02, 3.078975524902344e+02, 3.078975524902344e+02, 3.078975524902344e+02, 3.078975524902344e+02, 3.078975524902344e+02, 3.078975524902344e+02]
conFCU2.TSupSet=[2.931499938964844e+02, 2.931499938964844e+02, 2.931499938964844e+02, 2.931499938964844e+02, 2.931499938964844e+02, 2.931499938964844e+02, 2.931499938964844e+02, 2.931499938964844e+02, 2.931499938964844e+02, 2.931499938964844e+02, 2.931499938964844e+02, 2.931499938964844e+02, 2.931499938964844e+02, 2.931499938964844e+02, 2.931499938964844e+02, 2.931499938964844e+02, 2.931499938964844e+02, 2.931499938964844e+02, 2.931499938964844e+02, 2.931499938964844e+02, 2.931499938964844e+02, 2.983931579589844e+02, 3.081499938964844e+02, 3.081499938964844e+02, 3.081499938964844e+02, 3.081499938964844e+02, 3.081499938964844e+02, 3.081499938964844e+02, 3.081499938964844e+02, 3.081499938964844e+02, 3.081499938964844e+02, 3.081499938964844e+02, 3.081499938964844e+02, 3.081499938964844e+02, 3.081499938964844e+02, 3.081499938964844e+02, 3.081499938964844e+02, 3.081499938964844e+02, 3.081499938964844e+02, 3.081499938964844e+02, 3.081499938964844e+02, 3.081499938964844e+02, 3.081499938964844e+02, 3.081499938964844e+02, 3.081499938964844e+02, 3.081499938964844e+02, 3.081499938964844e+02, 3.081499938964844e+02, 3.081499938964844e+02, 3.081499938964844e+02, 3.081499938964844e+02, 3.081499938964844e+02, 3.081499938964844e+02, 3.081499938964844e+02, 3.081096496582031e+02, 3.055626525878906e+02, 3.021229553222656e+02, 2.994579467773438e+02, 2.975009460449219e+02, 2.961199340820312e+02, 2.952401123046875e+02, 2.947160339355469e+02, 2.944255065917969e+02, 2.942785339355469e+02, 2.942139587402344e+02, 2.941985473632812e+02, 2.941935119628906e+02, 2.941823425292969e+02, 2.941698608398438e+02, 2.941352844238281e+02, 2.940163269042969e+02, 2.937652893066406e+02, 2.943112487792969e+02, 2.965341796875e+02, 2.999458312988281e+02, 3.040346069335938e+02, 3.081499938964844e+02, 3.081499938964844e+02, 3.081499938964844e+02, 3.081499938964844e+02, 3.078975524902344e+02, 3.078975524902344e+02, 3.078975524902344e+02, 3.078975524902344e+02, 3.078975524902344e+02, 3.078975524902344e+02, 3.078975524902344e+02, 3.078975524902344e+02, 3.078975524902344e+02, 3.078975524902344e+02, 3.078975524902344e+02, 3.078975524902344e+02, 3.078975524902344e+02, 3.078975524902344e+02, 3.078975524902344e+02, 3.078975524902344e+02, 3.078975524902344e+02, 3.078975524902344e+02, 3.078975524902344e+02, 3.078975524902344e+02, 3.078975524902344e+02]
conFCU2.yFan=[0e+00, 0e+00, 0e+00, 0e+00, 0e+00, 0e+00, 0e+00, 0e+00, 0e+00, 0e+00, 0e+00, 0e+00, 0e+00, 0e+00, 0e+00, 0e+00, 0e+00, 0e+00, 0e+00, 0e+00, 0e+00, 1.000000014901161e-01, 4.770662188529968e-01, 2.450590878725052e-01, 2.583574056625366e-01, 2.610565721988678e-01, 2.62031227350235e-01, 2.627346813678741e-01, 2.637380361557007e-01, 2.647502422332764e-01, 2.653479874134064e-01, 2.651346623897552e-01, 2.641047537326813e-01, 2.621476054191589e-01, 2.480098456144331e-01, 2.196501642465593e-01, 1.986507922410965e-01, 1.78703099489212e-01, 1.639964282512665e-01, 1.627186983823776e-01, 1.571927517652512e-01, 1.528934985399246e-01, 1.482412219047546e-01, 1.436576843261719e-01, 1.388943493366241e-01, 1.336229592561722e-01, 1.275699138641357e-01, 1.210445538163185e-01, 1.151419132947922e-01, 1.089801490306854e-01, 1.03415347635746e-01, 1.124167367815971e-01, 1.060613840818405e-01, 1.026297435164452e-01, 1.000000014901161e-01, 1.000000014901161e-01, 1.000000014901161e-01, 1.000000014901161e-01, 1.000000014901161e-01, 1.000000014901161e-01, 1.000000014901161e-01, 1.000000014901161e-01, 1.000000014901161e-01, 1.000000014901161e-01, 1.000000014901161e-01, 1.000000014901161e-01, 1.000000014901161e-01, 1.000000014901161e-01, 1.000000014901161e-01, 1.000000014901161e-01, 1.000000014901161e-01, 1.000000014901161e-01, 1.000000014901161e-01, 1.000000014901161e-01, 1.000000014901161e-01, 1.000000014901161e-01, 1.193786635994911e-01, 1.349652111530304e-01, 1.540999114513397e-01, 1.659799665212631e-01, 0e+00, 0e+00, 0e+00, 0e+00, 0e+00, 0e+00, 0e+00, 0e+00, 0e+00, 0e+00, 0e+00, 0e+00, 0e+00, 0e+00, 0e+00, 0e+00, 0e+00, 0e+00, 0e+00, 0e+00, 0e+00]
conFCU3.u1Occ=[0e+00, 0e+00, 0e+00, 0e+00, 0e+00, 0e+00, 0e+00, 0e+00, 0e+00, 0e+00, 0e+00, 0e+00, 0e+00, 0e+00, 0e+00, 0e+00, 0e+00, 0e+00, 0e+00, 0e+00, 0e+00, 0e+00, 0e+00, 0e+00, 0e+00, 0e+00, 1e+00, 1e+00, 1e+00, 1e+00, 1e+00, 1e+00, 1e+00, 1e+00, 1e+00, 1e+00, 1e+00, 1e+00, 1e+00, 1e+00, 1e+00, 1e+00, 1e+00, 1e+00, 1e+00, 1e+00, 1e+00, 1e+00, 1e+00, 1e+00, 1e+00, 1e+00, 1e+00, 1e+00, 1e+00, 1e+00, 1e+00, 1e+00, 1e+00, 1e+00, 1e+00, 1e+00, 1e+00, 1e+00, 1e+00, 1e+00, 1e+00, 1e+00, 1e+00, 1e+00, 1e+00, 1e+00, 1e+00, 1e+00, 1e+00, 1e+00, 1e+00, 1e+00, 1e+00, 1e+00, 0e+00, 0e+00, 0e+00, 0e+00, 0e+00, 0e+00, 0e+00, 0e+00, 0e+00, 0e+00, 0e+00, 0e+00, 0e+00, 0e+00, 0e+00, 0e+00, 0e+00, 0e+00, 0e+00, 0e+00, 0e+00]
conFCU3.TZonHeaSet=[2.851499938964844e+02, 2.851499938964844e+02, 2.851499938964844e+02, 2.851499938964844e+02, 2.851499938964844e+02, 2.851499938964844e+02, 2.851499938964844e+02, 2.851499938964844e+02, 2.851499938964844e+02, 2.851499938964844e+02, 2.851499938964844e+02, 2.851499938964844e+02, 2.851499938964844e+02, 2.851499938964844e+02, 2.851499938964844e+02, 2.851499938964844e+02, 2.851499938964844e+02, 2.851499938964844e+02, 2.851499938964844e+02, 2.851499938964844e+02, 2.851499938964844e+02, 2.931499938964844e+02, 2.931499938964844e+02, 2.931499938964844e+02, 2.931499938964844e+02, 2.931499938964844e+02, 2.931499938964844e+02, 2.931499938964844e+02, 2.931499938964844e+02, 2.931499938964844e+02, 2.931499938964844e+02, 2.931499938964844e+02, 2.931499938964844e+02, 2.931499938964844e+02, 2.931499938964844e+02, 2.931499938964844e+02, 2.931499938964844e+02, 2.931499938964844e+02, 2.931499938964844e+02, 2.931499938964844e+02, 2.931499938964844e+02, 2.931499938964844e+02, 2.931499938964844e+02, 2.931499938964844e+02, 2.931499938964844e+02, 2.931499938964844e+02, 2.931499938964844e+02, 2.931499938964844e+02, 2.931499938964844e+02, 2.931499938964844e+02, 2.931499938964844e+02, 2.931499938964844e+02, 2.931499938964844e+02, 2.931499938964844e+02, 2.931499938964844e+02, 2.931499938964844e+02, 2.931499938964844e+02, 2.931499938964844e+02, 2.931499938964844e+02, 2.931499938964844e+02, 2.931499938964844e+02, 2.931499938964844e+02, 2.931499938964844e+02, 2.931499938964844e+02, 2.931499938964844e+02, 2.931499938964844e+02, 2.931499938964844e+02, 2.931499938964844e+02, 2.931499938964844e+02, 2.931499938964844e+02, 2.931499938964844e+02, 2.931499938964844e+02, 2.931499938964844e+02, 2.931499938964844e+02, 2.931499938964844e+02, 2.931499938964844e+02, 2.931499938964844e+02, 2.931499938964844e+02, 2.931499938964844e+02, 2.931499938964844e+02, 2.851499938964844e+02, 2.851499938964844e+02, 2.851499938964844e+02, 2.851499938964844e+02, 2.851499938964844e+02, 2.851499938964844e+02, 2.851499938964844e+02, 2.851499938964844e+02, 2.851499938964844e+02, 2.851499938964844e+02, 2.851499938964844e+02, 2.851499938964844e+02, 2.851499938964844e+02, 2.851499938964844e+02, 2.851499938964844e+02, 2.851499938964844e+02, 2.851499938964844e+02, 2.851499938964844e+02, 2.851499938964844e+02, 2.851499938964844e+02, 2.851499938964844e+02]
conFCU3.TZonCooSet=[3.031499938964844e+02, 3.031499938964844e+02, 3.031499938964844e+02, 3.031499938964844e+02, 3.031499938964844e+02, 3.031499938964844e+02, 3.031499938964844e+02, 3.031499938964844e+02, 3.031499938964844e+02, 3.031499938964844e+02, 3.031499938964844e+02, 3.031499938964844e+02, 3.031499938964844e+02, 3.031499938964844e+02, 3.031499938964844e+02, 3.031499938964844e+02, 3.031499938964844e+02, 3.031499938964844e+02, 3.031499938964844e+02, 3.031499938964844e+02, 3.031499938964844e+02, 2.971499938964844e+02, 2.971499938964844e+02, 2.971499938964844e+02, 2.971499938964844e+02, 2.971499938964844e+02, 2.971499938964844e+02, 2.971499938964844e+02, 2.971499938964844e+02, 2.971499938964844e+02, 2.971499938964844e+02, 2.971499938964844e+02, 2.971499938964844e+02, 2.971499938964844e+02, 2.971499938964844e+02, 2.971499938964844e+02, 2.971499938964844e+02, 2.971499938964844e+02, 2.971499938964844e+02, 2.971499938964844e+02, 2.971499938964844e+02, 2.971499938964844e+02, 2.971499938964844e+02, 2.971499938964844e+02, 2.971499938964844e+02, 2.971499938964844e+02, 2.971499938964844e+02, 2.971499938964844e+02, 2.971499938964844e+02, 2.971499938964844e+02, 2.971499938964844e+02, 2.971499938964844e+02, 2.971499938964844e+02, 2.971499938964844e+02, 2.971499938964844e+02, 2.971499938964844e+02, 2.971499938964844e+02, 2.971499938964844e+02, 2.971499938964844e+02, 2.971499938964844e+02, 2.971499938964844e+02, 2.971499938964844e+02, 2.971499938964844e+02, 2.971499938964844e+02, 2.971499938964844e+02, 2.971499938964844e+02, 2.971499938964844e+02, 2.971499938964844e+02, 2.971499938964844e+02, 2.971499938964844e+02, 2.971499938964844e+02, 2.971499938964844e+02, 2.971499938964844e+02, 2.971499938964844e+02, 2.971499938964844e+02, 2.971499938964844e+02, 2.971499938964844e+02, 2.971499938964844e+02, 2.971499938964844e+02, 2.971499938964844e+02, 3.031499938964844e+02, 3.031499938964844e+02, 3.031499938964844e+02, 3.031499938964844e+02, 3.031499938964844e+02, 3.031499938964844e+02, 3.031499938964844e+02, 3.031499938964844e+02, 3.031499938964844e+02, 3.031499938964844e+02, 3.031499938964844e+02, 3.031499938964844e+02, 3.031499938964844e+02, 3.031499938964844e+02, 3.031499938964844e+02, 3.031499938964844e+02, 3.031499938964844e+02, 3.031499938964844e+02, 3.031499938964844e+02, 3.031499938964844e+02, 3.031499938964844e+02]
conFCU3.TZon=[2.931499938964844e+02, 2.923567504882812e+02, 2.92213134765625e+02, 2.9212939453125e+02, 2.920590209960938e+02, 2.919950866699219e+02, 2.919354553222656e+02, 2.918801574707031e+02, 2.918264770507812e+02, 2.9177099609375e+02, 2.917163696289062e+02, 2.916644592285156e+02, 2.916142883300781e+02, 2.915634460449219e+02, 2.9150927734375e+02, 2.914513244628906e+02, 2.9139208984375e+02, 2.913348388671875e+02, 2.912817687988281e+02, 2.912321166992188e+02, 2.911840209960938e+02, 2.911524353027344e+02, 2.911304626464844e+02, 2.92029541015625e+02, 2.926939086914062e+02, 2.93194580078125e+02, 2.934777526855469e+02, 2.934897766113281e+02, 2.932840576171875e+02, 2.930668640136719e+02, 2.929697570800781e+02, 2.93060302734375e+02, 2.931932678222656e+02, 2.932548828125e+02, 2.93271484375e+02, 2.932734985351562e+02, 2.932370300292969e+02, 2.932051086425781e+02, 2.931839599609375e+02, 2.931522827148438e+02, 2.931529541015625e+02, 2.93172607421875e+02, 2.931787414550781e+02, 2.931680297851562e+02, 2.931603698730469e+02, 2.931678161621094e+02, 2.931787109375e+02, 2.93178466796875e+02, 2.931700439453125e+02, 2.93168212890625e+02, 2.931727905273438e+02, 2.931396484375e+02, 2.931496887207031e+02, 2.931759643554688e+02, 2.931810607910156e+02, 2.933143310546875e+02, 2.933159790039062e+02, 2.933466186523438e+02, 2.933917236328125e+02, 2.933511352539062e+02, 2.933063049316406e+02, 2.933622131347656e+02, 2.933623657226562e+02, 2.932690734863281e+02, 2.932610778808594e+02, 2.933260803222656e+02, 2.932821350097656e+02, 2.9321728515625e+02, 2.932231750488281e+02, 2.932550354003906e+02, 2.932267150878906e+02, 2.932007141113281e+02, 2.931446533203125e+02, 2.930611572265625e+02, 2.929334716796875e+02, 2.928279113769531e+02, 2.927749328613281e+02, 2.926595458984375e+02, 2.924742126464844e+02, 2.925075988769531e+02, 2.920174865722656e+02, 2.918618469238281e+02, 2.918017272949219e+02, 2.91758056640625e+02, 2.917184143066406e+02, 2.916820678710938e+02, 2.916543273925781e+02, 2.916369018554688e+02, 2.916197509765625e+02, 2.915837707519531e+02, 2.915337524414062e+02, 2.914841003417969e+02, 2.914403686523438e+02, 2.914002075195312e+02, 2.913583374023438e+02, 2.913152465820312e+02, 2.912728271484375e+02, 2.912324829101562e+02, 2.911943664550781e+02, 2.911575012207031e+02, 2.911206665039062e+02]
conFCU3.yCooCoi=[0e+00, 0e+00, 0e+00, 0e+00, 0e+00, 0e+00, 0e+00, 0e+00, 0e+00, 0e+00, 0e+00, 0e+00, 0e+00, 0e+00, 0e+00, 0e+00, 0e+00, 0e+00, 0e+00, 0e+00, 0e+00, 0e+00, 0e+00, 0e+00, 0e+00, 0e+00, 0e+00, 0e+00, 0e+00, 0e+00, 0e+00, 0e+00, 0e+00, 0e+00, 0e+00, 0e+00, 0e+00, 0e+00, 0e+00, 0e+00, 0e+00, 0e+00, 0e+00, 0e+00, 0e+00, 0e+00, 0e+00, 0e+00, 0e+00, 0e+00, 0e+00, 0e+00, 0e+00, 0e+00, 0e+00, 0e+00, 0e+00, 0e+00, 0e+00, 0e+00, 0e+00, 0e+00, 0e+00, 0e+00, 0e+00, 0e+00, 0e+00, 0e+00, 0e+00, 0e+00, 0e+00, 0e+00, 0e+00, 0e+00, 0e+00, 0e+00, 0e+00, 0e+00, 0e+00, 0e+00, 0e+00, 0e+00, 0e+00, 0e+00, 0e+00, 0e+00, 0e+00, 0e+00, 0e+00, 0e+00, 0e+00, 0e+00, 0e+00, 0e+00, 0e+00, 0e+00, 0e+00, 0e+00, 0e+00, 0e+00, 0e+00]
conFCU3.yHeaCoi=[0e+00, 0e+00, 0e+00, 0e+00, 0e+00, 0e+00, 0e+00, 0e+00, 0e+00, 0e+00, 0e+00, 0e+00, 0e+00, 0e+00, 0e+00, 0e+00, 0e+00, 0e+00, 0e+00, 0e+00, 0e+00, 0e+00, 1.093392074108124e-01, 2.223870456218719e-01, 3.695524036884308e-01, 4.892728626728058e-01, 5.365350246429443e-01, 4.99113917350769e-01, 3.976868689060207e-01, 3.190597295761108e-01, 3.360198140144348e-01, 3.884324431419373e-01, 4.231055974960327e-01, 4.253458082675934e-01, 3.993464708328245e-01, 3.492897748947146e-01, 2.836944758892059e-01, 2.285096645355225e-01, 1.954630464315414e-01, 1.792859435081482e-01, 1.79906353354454e-01, 1.796091198921204e-01, 1.672700941562653e-01, 1.511162668466568e-01, 1.430655717849731e-01, 1.401251405477524e-01, 1.311762183904648e-01, 1.151795089244843e-01, 1.016672104597092e-01, 9.611506015062332e-02, 9.023301303386688e-02, 8.218817412853241e-02, 9.518191963434219e-02, 9.98736247420311e-02, 7.342754304409027e-02, 4.92478311061859e-02, 6.414909660816215e-02, 7.255004346370708e-02, 3.126077726483345e-02, 2.353927493095398e-02, 6.850066035985947e-02, 4.273081198334694e-02, 0e+00, 2.713118493556976e-02, 5.913790315389633e-02, 0e+00, 0e+00, 2.073257230222225e-02, 3.034127503633475e-02, 0e+00, 0e+00, 1.161728054285049e-02, 1.368832401931286e-02, 1.933085848577321e-03, 1.948190107941628e-02, 5.031770095229149e-02, 4.210037738084793e-02, 4.104437306523323e-02, 9.979922324419022e-02, 1.245334446430206e-01, 0e+00, 0e+00, 0e+00, 0e+00, 0e+00, 0e+00, 0e+00, 0e+00, 0e+00, 0e+00, 0e+00, 0e+00, 0e+00, 0e+00, 0e+00, 0e+00, 0e+00, 0e+00, 0e+00, 0e+00, 0e+00]
conFCU3.TSup=[2.931499938964844e+02, 2.931499938964844e+02, 2.931499938964844e+02, 2.931499938964844e+02, 2.931499938964844e+02, 2.931499938964844e+02, 2.931499938964844e+02, 2.931499938964844e+02, 2.931499938964844e+02, 2.931499938964844e+02, 2.931499938964844e+02, 2.931499938964844e+02, 2.931499938964844e+02, 2.931499938964844e+02, 2.931499938964844e+02, 2.931499938964844e+02, 2.931499938964844e+02, 2.931499938964844e+02, 2.931499938964844e+02, 2.931499938964844e+02, 2.931499938964844e+02, 2.932120056152344e+02, 2.938915405273438e+02, 3.0810205078125e+02, 3.018020324707031e+02, 3.042237854003906e+02, 3.075560302734375e+02, 3.110344543457031e+02, 3.1282861328125e+02, 3.098562316894531e+02, 3.063118896484375e+02, 3.060709533691406e+02, 3.072111206054688e+02, 3.085885925292969e+02, 3.096181640625e+02, 3.106161499023438e+02, 3.10892333984375e+02, 3.1006005859375e+02, 3.092591247558594e+02, 3.084907836914062e+02, 3.080026550292969e+02, 3.083505554199219e+02, 3.0882275390625e+02, 3.087361755371094e+02, 3.083326110839844e+02, 3.083121948242188e+02, 3.086761474609375e+02, 3.088484802246094e+02, 3.085753173828125e+02, 3.083059692382812e+02, 3.085093688964844e+02, 3.08223388671875e+02, 3.074004516601562e+02, 3.0852587890625e+02, 3.094948120117188e+02, 3.079520568847656e+02, 3.054772033691406e+02, 3.061676025390625e+02, 3.062663879394531e+02, 3.020961303710938e+02, 3.007742004394531e+02, 3.040000610351562e+02, 3.014346923828125e+02, 2.969888000488281e+02, 2.988274230957031e+02, 3.011721801757812e+02, 2.974277038574219e+02, 2.951758728027344e+02, 2.967725524902344e+02, 2.9738916015625e+02, 2.952168579101562e+02, 2.942297668457031e+02, 2.950779418945312e+02, 2.952862243652344e+02, 2.945938415527344e+02, 2.96700927734375e+02, 3.002760314941406e+02, 3.008125915527344e+02, 3.022471008300781e+02, 3.096662292480469e+02, 3.100117797851562e+02, 3.100117797851562e+02, 3.100117797851562e+02, 3.100117797851562e+02, 3.100117797851562e+02, 3.100117797851562e+02, 3.100117797851562e+02, 3.100117797851562e+02, 3.100117797851562e+02, 3.100117797851562e+02, 3.100117797851562e+02, 3.100117797851562e+02, 3.100117797851562e+02, 3.100117797851562e+02, 3.100117797851562e+02, 3.100117797851562e+02, 3.100117797851562e+02, 3.100117797851562e+02, 3.100117797851562e+02, 3.100117797851562e+02, 3.100117797851562e+02]
conFCU3.TSupSet=[2.931499938964844e+02, 2.931499938964844e+02, 2.931499938964844e+02, 2.931499938964844e+02, 2.931499938964844e+02, 2.931499938964844e+02, 2.931499938964844e+02, 2.931499938964844e+02, 2.931499938964844e+02, 2.931499938964844e+02, 2.931499938964844e+02, 2.931499938964844e+02, 2.931499938964844e+02, 2.931499938964844e+02, 2.931499938964844e+02, 2.931499938964844e+02, 2.931499938964844e+02, 2.931499938964844e+02, 2.931499938964844e+02, 2.931499938964844e+02, 2.931499938964844e+02, 2.932120056152344e+02, 3.020458679199219e+02, 3.081499938964844e+02, 3.081499938964844e+02, 3.081499938964844e+02, 3.081499938964844e+02, 3.081499938964844e+02, 3.081499938964844e+02, 3.081499938964844e+02, 3.081499938964844e+02, 3.081499938964844e+02, 3.081499938964844e+02, 3.081499938964844e+02, 3.081499938964844e+02, 3.081499938964844e+02, 3.081499938964844e+02, 3.081499938964844e+02, 3.081499938964844e+02, 3.081499938964844e+02, 3.081499938964844e+02, 3.081499938964844e+02, 3.081499938964844e+02, 3.081499938964844e+02, 3.081499938964844e+02, 3.081499938964844e+02, 3.081499938964844e+02, 3.081499938964844e+02, 3.081499938964844e+02, 3.081499938964844e+02, 3.081499938964844e+02, 3.081499938964844e+02, 3.081499938964844e+02, 3.081499938964844e+02, 3.08149169921875e+02, 3.074742126464844e+02, 3.06568115234375e+02, 3.055933837890625e+02, 3.043538513183594e+02, 3.031494750976562e+02, 3.022567443847656e+02, 3.012481079101562e+02, 3.000319213867188e+02, 2.992073974609375e+02, 2.986568298339844e+02, 2.978146362304688e+02, 2.96970703125e+02, 2.964983520507812e+02, 2.961526489257812e+02, 2.956263732910156e+02, 2.951426086425781e+02, 2.948261108398438e+02, 2.947344055175781e+02, 2.950315246582031e+02, 2.959397583007812e+02, 2.975036010742188e+02, 2.994280090332031e+02, 3.018012084960938e+02, 3.050970764160156e+02, 3.081499938964844e+02, 3.100117797851562e+02, 3.100117797851562e+02, 3.100117797851562e+02, 3.100117797851562e+02, 3.100117797851562e+02, 3.100117797851562e+02, 3.100117797851562e+02, 3.100117797851562e+02, 3.100117797851562e+02, 3.100117797851562e+02, 3.100117797851562e+02, 3.100117797851562e+02, 3.100117797851562e+02, 3.100117797851562e+02, 3.100117797851562e+02, 3.100117797851562e+02, 3.100117797851562e+02, 3.100117797851562e+02, 3.100117797851562e+02, 3.100117797851562e+02, 3.100117797851562e+02]
conFCU3.yFan=[0e+00, 0e+00, 0e+00, 0e+00, 0e+00, 0e+00, 0e+00, 0e+00, 0e+00, 0e+00, 0e+00, 0e+00, 0e+00, 0e+00, 0e+00, 0e+00, 0e+00, 0e+00, 0e+00, 0e+00, 0e+00, 1.000000014901161e-01, 1.000000014901161e-01, 2.539052367210388e-01, 4.067651629447937e-01, 4.395453631877899e-01, 3.752480745315552e-01, 2.826957404613495e-01, 2.25981444120407e-01, 2.285033911466599e-01, 2.702363133430481e-01, 3.049647510051727e-01, 3.053349256515503e-01, 2.819603681564331e-01, 2.529261410236358e-01, 2.199905663728715e-01, 1.936037242412567e-01, 1.769136786460876e-01, 1.649174690246582e-01, 1.620838493108749e-01, 1.620769053697586e-01, 1.580792814493179e-01, 1.507218480110168e-01, 1.448685377836227e-01, 1.417421847581863e-01, 1.381094604730606e-01, 1.315469890832901e-01, 1.238448321819305e-01, 1.17922805249691e-01, 1.132281571626663e-01, 1.077518612146378e-01, 1.114944294095039e-01, 1.124970838427544e-01, 1.084622517228127e-01, 1.000000014901161e-01, 1.000000014901161e-01, 1.000000014901161e-01, 1.000000014901161e-01, 1.000000014901161e-01, 1.000000014901161e-01, 1.000000014901161e-01, 1.000000014901161e-01, 1.000000014901161e-01, 1.000000014901161e-01, 1.000000014901161e-01, 1.000000014901161e-01, 1.000000014901161e-01, 1.000000014901161e-01, 1.000000014901161e-01, 1.000000014901161e-01, 1.000000014901161e-01, 1.000000014901161e-01, 1.000000014901161e-01, 1.000000014901161e-01, 1.000000014901161e-01, 1.000000014901161e-01, 1.000000014901161e-01, 1.000000014901161e-01, 1.000000014901161e-01, 1.365787535905838e-01, 0e+00, 0e+00, 0e+00, 0e+00, 0e+00, 0e+00, 0e+00, 0e+00, 0e+00, 0e+00, 0e+00, 0e+00, 0e+00, 0e+00, 0e+00, 0e+00, 0e+00, 0e+00, 0e+00, 0e+00, 0e+00]
