last-generated=2026-10-10
statistics-initialization=
{
  "nonlinear": "1, 1, 1, 1, 1, 1, 1, 1, 1, 0, 1, 1, 0",
  "numerical Jacobians": "0"
}
statistics-simulation=
{
  "linear": "0, 0, 0",
  "nonlinear": "1, 1, 0, 1, 1, 1, 1, 0, 1, 1, 1, 1, 0, 1, 1, 1",
  "number of continuous time states": "33",
  "numerical Jacobians": "0"
}
time=[1.58112e+07, 1.6416e+07]
rooSinSpe.vol.T=[2.931499938964844e+02, 2.901233825683594e+02, 2.894348449707031e+02, 2.891507873535156e+02, 2.919194030761719e+02, 2.943955688476562e+02, 2.966322326660156e+02, 2.970296020507812e+02, 2.972822875976562e+02, 2.965559997558594e+02, 2.975989074707031e+02, 2.970501708984375e+02, 2.972057495117188e+02, 2.964491882324219e+02, 2.971032104492188e+02, 2.953277282714844e+02, 2.941216430664062e+02, 2.9450830078125e+02, 2.959717712402344e+02, 2.973967895507812e+02, 2.970150451660156e+02, 2.976094970703125e+02, 2.970297241210938e+02, 2.972931518554688e+02, 2.976687927246094e+02, 2.968261108398438e+02, 2.966886901855469e+02, 2.976634826660156e+02, 2.973105773925781e+02, 2.973115539550781e+02, 2.971847534179688e+02, 2.976530151367188e+02, 2.965623168945312e+02, 2.976632995605469e+02, 2.967525329589844e+02, 2.977760620117188e+02, 2.984161987304688e+02, 2.994043273925781e+02, 2.990119018554688e+02, 2.984641418457031e+02, 2.970680236816406e+02, 2.974430236816406e+02, 2.974381103515625e+02, 2.974882507324219e+02, 2.969558410644531e+02, 2.966415710449219e+02, 2.975716857910156e+02, 2.976585083007812e+02, 2.971716613769531e+02, 2.976363525390625e+02, 2.99108642578125e+02, 2.99748291015625e+02, 2.996493225097656e+02, 2.98830810546875e+02, 2.975814819335938e+02, 2.971529541015625e+02, 2.9605712890625e+02, 2.968596801757812e+02, 2.976103515625e+02, 2.968914184570312e+02, 2.971549377441406e+02, 2.968235168457031e+02, 2.972632141113281e+02, 2.965320129394531e+02, 2.97558837890625e+02, 2.975359191894531e+02, 2.976063232421875e+02, 2.971684875488281e+02, 2.966582336425781e+02, 2.974132080078125e+02, 2.966297912597656e+02, 2.976107482910156e+02, 2.974764709472656e+02, 2.963229370117188e+02, 2.954321594238281e+02, 2.962243347167969e+02, 2.971607360839844e+02, 2.975689392089844e+02, 2.9731103515625e+02, 2.970469665527344e+02, 2.967142028808594e+02, 2.969537353515625e+02, 2.967938537597656e+02, 2.973431701660156e+02, 2.976161804199219e+02, 2.971145935058594e+02, 2.969339599609375e+02, 2.974581604003906e+02, 2.973510437011719e+02, 2.969949951171875e+02, 2.972804260253906e+02, 2.962496032714844e+02, 2.967038269042969e+02, 2.967361450195312e+02, 2.973308410644531e+02, 2.971539916992188e+02, 2.96765869140625e+02, 2.970207214355469e+02, 2.956580505371094e+02, 2.929880065917969e+02, 2.914365844726562e+02]
rooMulSpe.vol.T=[2.931499938964844e+02, 2.901233825683594e+02, 2.894348449707031e+02, 2.891507873535156e+02, 2.919194030761719e+02, 2.943955688476562e+02, 2.966322326660156e+02, 2.965556640625e+02, 2.963041381835938e+02, 2.968960266113281e+02, 2.967547912597656e+02, 2.965423583984375e+02, 2.968858337402344e+02, 2.964620666503906e+02, 2.962182922363281e+02, 2.953113403320312e+02, 2.941213684082031e+02, 2.9450830078125e+02, 2.959717712402344e+02, 2.962932739257812e+02, 2.9666357421875e+02, 2.967889709472656e+02, 2.96627685546875e+02, 2.972919311523438e+02, 2.976687927246094e+02, 2.968261108398438e+02, 2.967345886230469e+02, 2.967287292480469e+02, 2.964102172851562e+02, 2.966953430175781e+02, 2.963567199707031e+02, 2.963539733886719e+02, 2.968813781738281e+02, 2.968300170898438e+02, 2.966809692382812e+02, 2.97769287109375e+02, 2.984161682128906e+02, 2.994043273925781e+02, 2.990119018554688e+02, 2.984641418457031e+02, 2.970680236816406e+02, 2.968517761230469e+02, 2.967499084472656e+02, 2.965928649902344e+02, 2.965012512207031e+02, 2.968140258789062e+02, 2.962798156738281e+02, 2.96622802734375e+02, 2.96482421875e+02, 2.976246643066406e+02, 2.991086120605469e+02, 2.99748291015625e+02, 2.996493225097656e+02, 2.98830810546875e+02, 2.967887573242188e+02, 2.967188415527344e+02, 2.958130493164062e+02, 2.964126586914062e+02, 2.968512268066406e+02, 2.965064392089844e+02, 2.966094055175781e+02, 2.968680114746094e+02, 2.967745666503906e+02, 2.96781005859375e+02, 2.9641455078125e+02, 2.968113708496094e+02, 2.968023986816406e+02, 2.964312133789062e+02, 2.968614196777344e+02, 2.963179626464844e+02, 2.964725341796875e+02, 2.965964050292969e+02, 2.96435791015625e+02, 2.9603369140625e+02, 2.954229125976562e+02, 2.962241516113281e+02, 2.968390197753906e+02, 2.967582092285156e+02, 2.969710083007812e+02, 2.9644921875e+02, 2.967899475097656e+02, 2.969474487304688e+02, 2.964545593261719e+02, 2.965655212402344e+02, 2.965968933105469e+02, 2.967212524414062e+02, 2.963813171386719e+02, 2.968547058105469e+02, 2.967099914550781e+02, 2.966769409179688e+02, 2.965079040527344e+02, 2.9615185546875e+02, 2.963078918457031e+02, 2.9629443359375e+02, 2.963561401367188e+02, 2.962949829101562e+02, 2.967452697753906e+02, 2.965218200683594e+02, 2.956497192382812e+02, 2.929878540039062e+02, 2.914365844726562e+02]
rooVarSpe.vol.T=[2.931499938964844e+02, 2.901233825683594e+02, 2.894348449707031e+02, 2.891507873535156e+02, 2.919194030761719e+02, 2.943955688476562e+02, 2.966322326660156e+02, 2.973509826660156e+02, 2.973500671386719e+02, 2.973475952148438e+02, 2.973505554199219e+02, 2.973536071777344e+02, 2.9734619140625e+02, 2.973258666992188e+02, 2.971025085449219e+02, 2.953277282714844e+02, 2.941216430664062e+02, 2.9450830078125e+02, 2.959717712402344e+02, 2.973337707519531e+02, 2.975438537597656e+02, 2.976333312988281e+02, 2.979347534179688e+02, 2.980482788085938e+02, 2.980688781738281e+02, 2.979190368652344e+02, 2.978169555664062e+02, 2.976842956542969e+02, 2.976666870117188e+02, 2.975520324707031e+02, 2.975118713378906e+02, 2.974722900390625e+02, 2.974113159179688e+02, 2.975910339355469e+02, 2.978544311523438e+02, 2.98149169921875e+02, 2.984173889160156e+02, 2.994043273925781e+02, 2.990119018554688e+02, 2.984641418457031e+02, 2.979523620605469e+02, 2.977186889648438e+02, 2.976911315917969e+02, 2.975459899902344e+02, 2.975459899902344e+02, 2.969977416992188e+02, 2.973514404296875e+02, 2.975343017578125e+02, 2.978001098632812e+02, 2.981118774414062e+02, 2.99110107421875e+02, 2.99748291015625e+02, 2.996493225097656e+02, 2.98830810546875e+02, 2.975086059570312e+02, 2.968568420410156e+02, 2.959847412109375e+02, 2.973088989257812e+02, 2.97314453125e+02, 2.973051452636719e+02, 2.973436279296875e+02, 2.97300048828125e+02, 2.973347473144531e+02, 2.973316955566406e+02, 2.97645751953125e+02, 2.975658569335938e+02, 2.975310668945312e+02, 2.974206848144531e+02, 2.973475036621094e+02, 2.967527465820312e+02, 2.973600158691406e+02, 2.973041381835938e+02, 2.973064575195312e+02, 2.962978515625e+02, 2.954316101074219e+02, 2.962243347167969e+02, 2.973087768554688e+02, 2.976121520996094e+02, 2.977808837890625e+02, 2.978582153320312e+02, 2.978403015136719e+02, 2.979454040527344e+02, 2.978289489746094e+02, 2.975461730957031e+02, 2.974005126953125e+02, 2.974005126953125e+02, 2.973023986816406e+02, 2.973350524902344e+02, 2.973343505859375e+02, 2.973281860351562e+02, 2.973109130859375e+02, 2.968374938964844e+02, 2.97306884765625e+02, 2.973388366699219e+02, 2.973392639160156e+02, 2.965675354003906e+02, 2.973442993164062e+02, 2.972808227539062e+02, 2.956619262695312e+02, 2.929880676269531e+02, 2.914365844726562e+02]
weaDat.weaBus.TDryBul=[2.875499877929688e+02, 2.859917907714844e+02, 2.851544189453125e+02, 2.854028625488281e+02, 2.887801818847656e+02, 2.907900085449219e+02, 2.933236999511719e+02, 2.963230285644531e+02, 2.971455688476562e+02, 2.970499877929688e+02, 2.970499877929688e+02, 2.970220031738281e+02, 2.951740112304688e+02, 2.938283996582031e+02, 2.928380126953125e+02, 2.908167724609375e+02, 2.898629150390625e+02, 2.906793823242188e+02, 2.926691589355469e+02, 2.963241577148438e+02, 2.991700134277344e+02, 2.999359436035156e+02, 3.025074157714844e+02, 3.034008483886719e+02, 3.036030883789062e+02, 3.020499877929688e+02, 3.011135864257812e+02, 2.998500061035156e+02, 2.998448486328125e+02, 2.9875e+02, 2.985387878417969e+02, 2.981499938964844e+02, 2.971109924316406e+02, 2.992169799804688e+02, 3.016056213378906e+02, 3.039719543457031e+02, 3.047843017578125e+02, 3.060049133300781e+02, 3.049792175292969e+02, 3.043008728027344e+02, 3.023299865722656e+02, 3.003797912597656e+02, 3.003500061035156e+02, 2.9925e+02, 2.9925e+02, 2.957225341796875e+02, 2.951087341308594e+02, 2.986834106445312e+02, 3.008953247070312e+02, 3.030986022949219e+02, 3.048500061035156e+02, 3.057769470214844e+02, 3.053533020019531e+02, 3.042118530273438e+02, 2.97881591796875e+02, 2.937292175292969e+02, 2.915068054199219e+02, 2.941919555664062e+02, 2.940217895507812e+02, 2.942686462402344e+02, 2.938259887695312e+02, 2.939751892089844e+02, 2.950067749023438e+02, 2.962919921875e+02, 3.016423034667969e+02, 3.002219543457031e+02, 2.998934326171875e+02, 2.97754638671875e+02, 2.964359436035156e+02, 2.959807434082031e+02, 2.952962036132812e+02, 2.94219482421875e+02, 2.937919311523438e+02, 2.918274230957031e+02, 2.911344299316406e+02, 2.931499938964844e+02, 2.944314270019531e+02, 2.988534851074219e+02, 3.003846435546875e+02, 3.009917297363281e+02, 3.00570556640625e+02, 3.014441528320312e+02, 3.005043334960938e+02, 2.986984252929688e+02, 2.964500122070312e+02, 2.964500122070312e+02, 2.948219909667969e+02, 2.943235473632812e+02, 2.943137512207031e+02, 2.946039428710938e+02, 2.948500061035156e+02, 2.9254345703125e+02, 2.943812561035156e+02, 2.950782470703125e+02, 2.964295654296875e+02, 2.961514892578125e+02, 2.957510070800781e+02, 2.93207275390625e+02, 2.909635925292969e+02, 2.884480895996094e+02, 2.870499877929688e+02]
rooSinSpe.vol.Xi[1]=[9.999999776482582e-03, 8.494959212839603e-03, 8.053747937083244e-03, 7.52797769382596e-03, 8.150885812938213e-03, 7.866808213293552e-03, 7.928969338536263e-03, 7.079434581100941e-03, 8.3534000441432e-03, 8.055976592004299e-03, 8.93754605203867e-03, 9.285059757530689e-03, 9.631060063838959e-03, 9.482577443122864e-03, 9.254174306988716e-03, 8.186301216483116e-03, 9.040116332471371e-03, 1.016169972717762e-02, 1.098587829619646e-02, 1.184467226266861e-02, 1.306034158915281e-02, 1.396918017417192e-02, 1.155404932796955e-02, 1.166980061680079e-02, 1.153629273176193e-02, 1.180222164839506e-02, 1.205646712332964e-02, 1.511558704078197e-02, 1.374051813036203e-02, 1.473546493798494e-02, 1.338388863950968e-02, 1.42340874299407e-02, 1.291731093078852e-02, 1.50390574708581e-02, 1.189195830374956e-02, 1.219619996845722e-02, 1.196392253041267e-02, 1.205939333885908e-02, 1.212634146213531e-02, 1.187103614211082e-02, 1.18285184726119e-02, 1.422345824539661e-02, 1.396299339830875e-02, 1.358283311128616e-02, 1.271331682801247e-02, 1.273498777300119e-02, 1.370199955999851e-02, 1.510088238865137e-02, 1.310548465698957e-02, 1.301456242799759e-02, 1.320213172584772e-02, 1.315955817699432e-02, 1.33103309199214e-02, 1.277109980583191e-02, 1.523793395608664e-02, 1.468489691615105e-02, 1.266425382345915e-02, 1.476182788610458e-02, 1.471944525837898e-02, 1.556341163814068e-02, 1.462188549339771e-02, 1.352988742291927e-02, 1.288835424929857e-02, 1.049523334950209e-02, 9.844479151070118e-03, 1.092082541435957e-02, 1.018211990594864e-02, 1.165777631103992e-02, 1.209673937410116e-02, 1.100854016840458e-02, 1.051444932818413e-02, 1.152871083468199e-02, 1.348864659667015e-02, 1.342969201505184e-02, 1.28658264875412e-02, 1.432172115892172e-02, 1.557072158902884e-02, 1.575395651161671e-02, 1.411322131752968e-02, 1.313469279557467e-02, 1.351422537118196e-02, 1.332211308181286e-02, 1.341108977794647e-02, 1.424050237983465e-02, 1.725861988961697e-02, 1.644596643745899e-02, 1.6080342233181e-02, 1.567277312278748e-02, 1.461367961019278e-02, 1.527464669197798e-02, 1.476138923317194e-02, 1.263783685863018e-02, 1.194314658641815e-02, 1.179218664765358e-02, 1.170606911182404e-02, 1.077864598482847e-02, 9.26672387868166e-03, 7.6839211396873e-03, 7.891510613262653e-03, 8.880511857569218e-03, 8.522662334144115e-03]
rooMulSpe.vol.Xi[1]=[9.999999776482582e-03, 8.494959212839603e-03, 8.053747937083244e-03, 7.52797769382596e-03, 8.150885812938213e-03, 7.866808213293552e-03, 7.928969338536263e-03, 7.017430849373341e-03, 7.925190962851048e-03, 8.601382374763489e-03, 8.84670577943325e-03, 9.14659071713686e-03, 9.629237465560436e-03, 9.529344737529755e-03, 9.333387948572636e-03, 8.18631611764431e-03, 9.040116332471371e-03, 1.016169972717762e-02, 1.098587829619646e-02, 1.100277807563543e-02, 1.290811970829964e-02, 1.306701451539993e-02, 1.142220571637154e-02, 1.166969910264015e-02, 1.153629180043936e-02, 1.180222164839506e-02, 1.302082743495703e-02, 1.34573457762599e-02, 1.267025154083967e-02, 1.396200060844421e-02, 1.261504366993904e-02, 1.243141666054726e-02, 1.443868409842253e-02, 1.380701921880245e-02, 1.205486431717873e-02, 1.219561696052551e-02, 1.196392066776752e-02, 1.205939333885908e-02, 1.212634146213531e-02, 1.187103614211082e-02, 1.18285184726119e-02, 1.318851578980684e-02, 1.269224099814892e-02, 1.248519960790873e-02, 1.227139215916395e-02, 1.351700443774462e-02, 1.294522359967232e-02, 1.37254586443305e-02, 1.246259734034538e-02, 1.301353517919779e-02, 1.320212893188e-02, 1.315955817699432e-02, 1.33103309199214e-02, 1.277109980583191e-02, 1.388436369597912e-02, 1.481265388429165e-02, 1.268875598907471e-02, 1.386421453207731e-02, 1.487652026116848e-02, 1.535474602133036e-02, 1.478213537484407e-02, 1.349340751767159e-02, 1.288657542318106e-02, 1.151033956557512e-02, 8.832741528749466e-03, 1.051462814211845e-02, 9.938723407685757e-03, 1.11256493255496e-02, 1.285158097743988e-02, 1.029971148818731e-02, 1.062785927206278e-02, 1.125635951757431e-02, 1.352265942841768e-02, 1.346353534609079e-02, 1.286620460450649e-02, 1.432172488421202e-02, 1.540549844503403e-02, 1.485205162316561e-02, 1.457642205059528e-02, 1.28643661737442e-02, 1.382480841130018e-02, 1.332154031842947e-02, 1.332699041813612e-02, 1.334106177091599e-02, 1.558752451092005e-02, 1.613297499716282e-02, 1.538415160030127e-02, 1.578478701412678e-02, 1.472271792590618e-02, 1.522104255855083e-02, 1.453960966318846e-02, 1.266967039555311e-02, 1.12110348418355e-02, 1.115912664681673e-02, 1.111031044274569e-02, 1.019386108964682e-02, 9.24394279718399e-03, 7.724755443632603e-03, 7.891511544585228e-03, 8.880511857569218e-03, 8.522662334144115e-03]
rooVarSpe.vol.Xi[1]=[9.999999776482582e-03, 8.494959212839603e-03, 8.053747937083244e-03, 7.52797769382596e-03, 8.150885812938213e-03, 7.866808213293552e-03, 7.928969338536263e-03, 6.971720606088638e-03, 7.647211663424969e-03, 7.942784577608109e-03, 8.170046843588352e-03, 8.493886329233646e-03, 9.461484849452972e-03, 9.449583478271961e-03, 9.254196658730507e-03, 8.186301216483116e-03, 9.040116332471371e-03, 1.016169972717762e-02, 1.098587829619646e-02, 1.09542990103364e-02, 1.17627615109086e-02, 1.21430978178978e-02, 1.209390163421631e-02, 1.202172040939331e-02, 1.175748184323311e-02, 1.245779823511839e-02, 1.290875114500523e-02, 1.361031550914049e-02, 1.323431730270386e-02, 1.342172920703888e-02, 1.252361759543419e-02, 1.208494603633881e-02, 1.303721312433481e-02, 1.318766921758652e-02, 1.267098914831877e-02, 1.229357533156872e-02, 1.196402497589588e-02, 1.205939427018166e-02, 1.212634146213531e-02, 1.187103614211082e-02, 1.237403322011232e-02, 1.286428701132536e-02, 1.245066057890654e-02, 1.13794794306159e-02, 1.137715019285679e-02, 1.381589006632566e-02, 1.347584370523691e-02, 1.314326841384172e-02, 1.337890699505806e-02, 1.323794014751911e-02, 1.320226304233074e-02, 1.31595591083169e-02, 1.33103309199214e-02, 1.277109980583191e-02, 1.358005404472351e-02, 1.477218512445688e-02, 1.266974583268166e-02, 1.446874067187309e-02, 1.464608311653137e-02, 1.535990741103888e-02, 1.45569508895278e-02, 1.32675189524889e-02, 1.261338964104652e-02, 1.069438923150301e-02, 8.109907619655132e-03, 8.977898396551609e-03, 8.560081943869591e-03, 1.026827096939087e-02, 1.157992146909237e-02, 1.155082602053881e-02, 1.064732391387224e-02, 1.145146507769823e-02, 1.345096435397863e-02, 1.343102660030127e-02, 1.286583859473467e-02, 1.432172115892172e-02, 1.518737897276878e-02, 1.481599826365709e-02, 1.420863438397646e-02, 1.383997779339552e-02, 1.458241045475006e-02, 1.40380859375e-02, 1.441395189613104e-02, 1.332176849246025e-02, 1.615874283015728e-02, 1.617890223860741e-02, 1.618470810353756e-02, 1.555108092725277e-02, 1.449847500771284e-02, 1.501069776713848e-02, 1.439897995442152e-02, 1.250865310430527e-02, 1.168082002550364e-02, 1.164124719798565e-02, 1.065510790795088e-02, 1.158565282821655e-02, 9.223988279700279e-03, 7.677280809730291e-03, 7.891510613262653e-03, 8.880511857569218e-03, 8.522662334144115e-03]
sinSpePow.y=[0e+00, 0e+00, 0e+00, 0e+00, 0e+00, 0e+00, 0e+00, 1.8035775e+06, 4.9273685e+06, 8.07452e+06, 1.0916841e+07, 1.4458635e+07, 1.675424e+07, 1.7932028e+07, 1.7932028e+07, 1.7932028e+07, 1.7932028e+07, 1.7932028e+07, 1.7932028e+07, 1.9437624e+07, 2.3913438e+07, 3.1681898e+07, 4.3661712e+07, 6.1760008e+07, 8.0006808e+07, 9.8127344e+07, 1.13521592e+08, 1.25527208e+08, 1.36919296e+08, 1.46041088e+08, 1.5306472e+08, 1.5677704e+08, 1.6189888e+08, 1.66972576e+08, 1.79387856e+08, 1.96716784e+08, 2.15246032e+08, 2.34012528e+08, 2.52811136e+08, 2.714552e+08, 2.89686176e+08, 3.0403216e+08, 3.15214016e+08, 3.23296128e+08, 3.29051968e+08, 3.31944288e+08, 3.33045408e+08, 3.3678448e+08, 3.47333728e+08, 3.64877056e+08, 3.83693696e+08, 4.0275952e+08, 4.21883232e+08, 4.40818272e+08, 4.57987744e+08, 4.5886304e+08, 4.5886304e+08, 4.5937616e+08, 4.59924288e+08, 4.61018528e+08, 4.61590528e+08, 4.6206768e+08, 4.63053696e+08, 4.65740128e+08, 4.70306368e+08, 4.77239808e+08, 4.82688704e+08, 4.876512e+08, 4.90724832e+08, 4.92847232e+08, 4.95253888e+08, 4.96139136e+08, 4.97056544e+08, 4.97056544e+08, 4.97056544e+08, 4.97056544e+08, 4.97598368e+08, 5.03492832e+08, 5.15397664e+08, 5.31171104e+08, 5.46943168e+08, 5.64596352e+08, 5.8218304e+08, 5.92673216e+08, 6.00658176e+08, 6.0725408e+08, 6.11391616e+08, 6.11391616e+08, 6.12531648e+08, 6.13626112e+08, 6.147872e+08, 6.15890624e+08, 6.16333568e+08, 6.17757824e+08, 6.19843392e+08, 6.22482816e+08, 6.24823488e+08, 6.25933504e+08, 6.25933504e+08, 6.25933504e+08, 6.25933504e+08]
varSpePow.y=[0e+00, 0e+00, 0e+00, 0e+00, 0e+00, 0e+00, 0e+00, 8.919196875e+05, 2.91397375e+06, 4.2493525e+06, 6.433945e+06, 9.095313e+06, 1.0026447e+07, 1.0424854e+07, 1.0478619e+07, 1.0478619e+07, 1.0478619e+07, 1.0478619e+07, 1.0478619e+07, 1.1348454e+07, 1.6027589e+07, 2.5231022e+07, 3.6735024e+07, 5.227084e+07, 6.9448816e+07, 8.5316008e+07, 9.9069184e+07, 1.1089172e+08, 1.2155076e+08, 1.3048152e+08, 1.38123056e+08, 1.43967792e+08, 1.497436e+08, 1.55929264e+08, 1.67135952e+08, 1.82766448e+08, 2.01299568e+08, 2.2006608e+08, 2.38864672e+08, 2.57508736e+08, 2.74254656e+08, 2.87598976e+08, 2.9868016e+08, 3.08009632e+08, 3.1559984e+08, 3.1956096e+08, 3.1999824e+08, 3.23589696e+08, 3.33548768e+08, 3.49077504e+08, 3.67868e+08, 3.86933824e+08, 4.06057568e+08, 4.24992576e+08, 4.42065024e+08, 4.4286624e+08, 4.42889472e+08, 4.43050112e+08, 4.43419456e+08, 4.43719872e+08, 4.44013792e+08, 4.44195584e+08, 4.44687936e+08, 4.46383904e+08, 4.51966176e+08, 4.60895008e+08, 4.67931232e+08, 4.73761856e+08, 4.76703968e+08, 4.7824048e+08, 4.7918784e+08, 4.79684896e+08, 4.8003296e+08, 4.80053408e+08, 4.80053408e+08, 4.80053408e+08, 4.80277888e+08, 4.85088768e+08, 4.95354528e+08, 5.08962272e+08, 5.2240704e+08, 5.3727008e+08, 5.51858048e+08, 5.62119808e+08, 5.6908224e+08, 5.73090816e+08, 5.75574144e+08, 5.75604352e+08, 5.76109184e+08, 5.76520704e+08, 5.77150912e+08, 5.77508992e+08, 5.77651136e+08, 5.78295552e+08, 5.79681984e+08, 5.81496192e+08, 5.82329792e+08, 5.82812544e+08, 5.82812544e+08, 5.82812544e+08, 5.82812544e+08]
mulSpePow.y=[0e+00, 0e+00, 0e+00, 0e+00, 0e+00, 0e+00, 0e+00, 2.25943425e+06, 5.926337e+06, 9.06842e+06, 1.260458e+07, 1.64321e+07, 1.901892e+07, 2.049443e+07, 2.1162176e+07, 2.1162176e+07, 2.1162176e+07, 2.1162176e+07, 2.1162176e+07, 2.3344326e+07, 2.8140204e+07, 3.759872e+07, 5.1024456e+07, 6.9117576e+07, 8.736436e+07, 1.05484896e+08, 1.22191104e+08, 1.3639152e+08, 1.49218928e+08, 1.59646432e+08, 1.68240768e+08, 1.73435728e+08, 1.7909968e+08, 1.86230304e+08, 1.99626288e+08, 2.17777648e+08, 2.36306816e+08, 2.55073312e+08, 2.73871904e+08, 2.92515968e+08, 3.10746976e+08, 3.26678176e+08, 3.39428512e+08, 3.49007456e+08, 3.5585008e+08, 3.59172768e+08, 3.61211968e+08, 3.65683392e+08, 3.77627392e+08, 3.95508768e+08, 4.14325312e+08, 4.33391136e+08, 4.52514848e+08, 4.71449888e+08, 4.89263648e+08, 4.90510112e+08, 4.9082528e+08, 4.9175968e+08, 4.92764832e+08, 4.94100512e+08, 4.95143808e+08, 4.95732384e+08, 4.97249792e+08, 5.00051072e+08, 5.05615744e+08, 5.12856736e+08, 5.18590976e+08, 5.23937216e+08, 5.26999456e+08, 5.2997104e+08, 5.32367872e+08, 5.33937632e+08, 5.3518672e+08, 5.35470048e+08, 5.35470048e+08, 5.35470048e+08, 5.36529888e+08, 5.43722176e+08, 5.56914368e+08, 5.74678208e+08, 5.9161056e+08, 6.10024192e+08, 6.28383488e+08, 6.4060928e+08, 6.50217984e+08, 6.57826112e+08, 6.63603392e+08, 6.64314496e+08, 6.65695104e+08, 6.67036992e+08, 6.68810944e+08, 6.6984608e+08, 6.70659968e+08, 6.72427712e+08, 6.75031616e+08, 6.77972352e+08, 6.80445248e+08, 6.8195424e+08, 6.8195424e+08, 6.8195424e+08, 6.8195424e+08]
