last-generated=2015-01-28
TOut.T=[263.14999389648437500000, 263.14999389648437500000]
vol.T_start=[293.14999389648437500000, 293.14999389648437500000]
vol.T=[293.14999389648437500000, 291.71105957031250000000, 290.34771728515625000000, 289.05575561523437500000, 287.83187866210937500000, 286.67401123046875000000, 285.57128906250000000000, 284.52673339843750000000, 283.54037475585937500000, 282.60195922851562500000, 281.71365356445312500000, 280.87734985351562500000, 280.08480834960937500000, 279.33081054687500000000, 278.62069702148437500000, 277.95129394531250000000, 277.31195068359375000000, 276.70938110351562500000, 276.14358520507812500000, 275.60641479492187500000, 275.09924316406250000000, 274.62060546875000000000, 274.16897583007812500000, 273.74276733398437500000, 273.34039306640625000000, 272.96051025390625000000, 272.60177612304687500000, 272.26242065429687500000, 271.94094848632812500000, 271.63583374023437500000, 271.34555053710937500000, 271.07171630859375000000, 270.81475830078125000000, 270.57135009765625000000, 270.34039306640625000000, 270.12081909179687500000, 269.91149902343750000000, 269.71328735351562500000, 269.52767944335937500000, 269.35174560546875000000, 269.18469238281250000000, 269.02581787109375000000, 268.87432861328125000000, 268.73043823242187500000, 268.59579467773437500000, 268.46817016601562500000, 268.34698486328125000000, 268.23178100585937500000, 268.12207031250000000000, 268.01760864257812500000, 267.91992187500000000000, 267.82730102539062500000, 267.73944091796875000000, 267.65594482421875000000, 267.57653808593750000000, 267.50082397460937500000, 267.43002319335937500000, 267.36294555664062500000, 267.29931640625000000000, 267.23892211914062500000, 267.18148803710937500000, 267.12677001953125000000, 267.07519531250000000000, 267.02630615234375000000, 266.97994995117187500000, 266.93597412109375000000, 266.89422607421875000000, 266.85464477539062500000, 266.81707763671875000000, 266.78143310546875000000, 266.74768066406250000000, 266.71569824218750000000, 266.68542480468750000000, 266.65679931640625000000, 266.62960815429687500000, 266.60363769531250000000, 266.57901000976562500000, 266.55557250976562500000, 266.53332519531250000000, 266.51211547851562500000, 266.49197387695312500000, 266.47277832031250000000, 266.45452880859375000000, 266.43716430664062500000, 266.42059326171875000000, 266.40487670898437500000, 266.39019775390625000000, 266.37686157226562500000, 266.36431884765625000000, 266.35256958007812500000, 266.34155273437500000000, 266.33120727539062500000, 266.32153320312500000000, 266.31246948242187500000, 266.30398559570312500000, 266.29602050781250000000, 266.28854370117187500000, 266.28149414062500000000, 266.27487182617187500000, 266.26843261718750000000, 266.26226806640625000000]
time=[0.00000000000000000000, 10800.00000000000000000000]
