last-generated=2014-08-05
Za.i[1]=[9.93103408813476562500, 9.93103408813476562500]
Za.i[2]=[-0.82758623361587524414, -0.82758623361587524414]
time=[0.00000000000000000000, 1.00000000000000000000]
Zb.i[2]=[-8.18673515319824218750, -8.18673515319824218750]
Zb.i[1]=[-5.68222808837890625000, -5.68222808837890625000]
Zc.i[1]=[-4.24880647659301757812, -4.24880647659301757812]
Zc.i[2]=[9.01432132720947265625, 9.01432132720947265625]
