last-generated=2022-08-05
statistics-initialization=
{
  "nonlinear": "8",
  "numerical Jacobians": "0"
}
statistics-simulation=
{
  "linear": " ",
  "nonlinear": " ",
  "numerical Jacobians": "0"
}
time=[0e+00, 1e+00]
err_V2[1]=[-2.23143145442009e-01, -2.23143145442009e-01]
err_V2[2]=[-1.261598765850067e-01, -1.261598765850067e-01]
err_V2[3]=[-7.522737979888916e-01, -7.522737979888916e-01]
err_V3[1]=[-2.689406275749207e-01, -2.689406275749207e-01]
err_V3[2]=[-1.549007445573807e-01, -1.549007445573807e-01]
err_V3[3]=[3.28484445810318e-01, 3.28484445810318e-01]
err_V4[1]=[3.364504873752594e-01, 3.364504873752594e-01]
err_V4[2]=[-1.808108985424042e-01, -1.808108985424042e-01]
err_V4[3]=[4.118134379386902e-01, 4.118134379386902e-01]
err_Theta2[1]=[-1.38554023578763e-05, -1.38554023578763e-05]
err_Theta2[2]=[-7.115555345080793e-04, -7.115555345080793e-04]
err_Theta2[3]=[-1.253467635251582e-04, -1.253467635251582e-04]
err_Theta3[1]=[-7.37674708943814e-04, -7.37674708943814e-04]
err_Theta3[2]=[7.219464750960469e-04, 7.219464750960469e-04]
err_Theta3[3]=[5.909476312808692e-04, 5.909476312808692e-04]
err_Theta4[1]=[5.483925924636424e-04, 5.483925924636424e-04]
err_Theta4[2]=[4.950347938574851e-04, 4.950347938574851e-04]
err_Theta4[3]=[3.973107595811598e-05, 3.973107595811598e-05]
