last-generated=2015-02-13
TOut.T=[263.14999389648437500000, 263.14999389648437500000]
vol.T_start=[293.14999389648437500000, 293.14999389648437500000]
vol.T=[293.14999389648437500000, 292.88433837890625000000, 293.12905883789062500000, 293.13568115234375000000, 293.13586425781250000000, 293.13607788085937500000, 293.13610839843750000000, 293.13613891601562500000, 293.13613891601562500000, 293.13613891601562500000, 293.13613891601562500000, 293.13613891601562500000, 293.13613891601562500000, 293.13613891601562500000, 293.13613891601562500000, 293.13613891601562500000, 293.13613891601562500000, 293.42581176757812500000, 291.96377563476562500000, 294.07669067382812500000, 293.01425170898437500000, 292.27542114257812500000, 294.28213500976562500000, 292.56118774414062500000, 292.63681030273437500000, 294.30020141601562500000, 292.07534790039062500000, 293.01065063476562500000, 294.16433715820312500000, 291.75793457031250000000, 293.35986328125000000000, 293.91500854492187500000, 291.71200561523437500000, 293.68505859375000000000, 293.57666015624994315658, 291.86563110351562500000, 293.97671508789062500000, 293.18386840820312500000, 293.28652954101562500000, 293.14166259765625000000, 293.13580322265625000000, 293.13577270507812500000, 293.13604736328125000000, 293.13607788085937500000, 293.13610839843750000000, 293.13613891601562500000, 293.13613891601562500000, 293.13613891601562500000, 293.13613891601562500000, 293.13613891601562500000, 293.13613891601562500000, 293.13613891601562500000, 293.13613891601562500000, 293.13613891601562500000, 293.13613891601562500000, 293.13613891601562500000, 293.13613891601562500000, 293.13613891601562500000, 293.13613891601562500000, 293.13613891601562500000, 293.13613891601562500000, 293.13613891601562500000, 293.13613891601562500000, 293.13613891601562500000, 293.13613891601562500000, 293.13613891601562500000, 293.13613891601562500000, 293.42581176757812500000, 291.96377563476568184342, 294.07669067382806815658, 293.01425170898443184342, 292.27542114257812500000, 294.28213500976562500000, 292.56118774414062500000, 292.63681030273437500000, 294.30020141601562500000, 292.07534790039062500000, 293.01065063476562500000, 294.16433715820312500000, 291.75793457031250000000, 293.35986328125000000000, 293.91500854492187500000, 291.71200561523437500000, 293.68505859375000000000, 293.57666015625000000000, 291.86563110351562500000, 293.97671508789062500000, 293.18386840820312500000, 293.28652954101562500000, 293.14166259765625000000, 293.13580322265625000000, 293.13577270507812500000, 293.13604736328125000000, 293.13607788085937500000, 293.13610839843750000000, 293.13613891601562500000, 293.13613891601562500000, 293.13613891601562500000, 293.13613891601562500000, 293.13613891601562500000, 293.13613891601562500000]
time=[0.00000000000000000000, 172800.00000000000000000000]
