last-generated=2015-05-08
statistics-simulation={'numerical Jacobians': '0', 'nonlinear': ' ', 'linear': ' '}
locTim.locTim=[569.333251953125, 2297.333251953125, 4025.333251953125, 5753.33349609375, 7481.33349609375, 9209.3330078125, 10937.3330078125, 12665.3330078125018189894, 14393.3330078125, 16121.3330078125, 17849.333984375, 19577.333984375, 21305.333984375, 23033.333984375, 24761.33398437500363797881, 26489.333984375, 28217.333984375, 29945.33398437500363797881, 31673.333984375, 33401.33203125, 35129.33203125, 36857.33203125, 38585.33203125, 40313.33203125, 42041.33203125, 43769.33203125, 45497.33203125, 47225.33203125, 48953.33203125000727595761, 50681.33203125, 52409.33203125, 54137.33203125, 55865.33203125, 57593.33203125, 59321.33203125000727595761, 61049.33203124999272404239, 62777.33203125, 64505.33203125, 66233.3359375, 67961.3359375, 69689.3359375, 71417.3359375, 73145.3359375, 74873.3359375, 76601.3359375, 78329.3359375, 80057.3359375, 81785.3359375, 83513.3359375, 85241.3359375, 86969.3359375, 88697.3359375, 90425.3359375, 92153.3359375, 93881.3359375, 95609.33593750001455191523, 97337.33593750001455191523, 99065.33593749998544808477, 100793.3359375, 102521.3359375, 104249.3359375, 105977.3359375, 107705.3359375, 109433.3359375, 111161.3359375, 112889.3359375, 114617.3359375, 116345.3359375, 118073.33593750001455191523, 119801.33593749998544808477, 121529.33593749998544808477, 123257.3359375, 124985.3359375, 126713.3359375, 128441.3359375, 130169.3359375, 131897.328125, 133625.328125, 135353.328125, 137081.328125, 138809.328125, 140537.328125, 142265.328125, 143993.328125, 145721.328125, 147449.328125, 149177.328125, 150905.328125, 152633.328125, 154361.328125, 156089.328125, 157817.328125, 159545.328125, 161273.328125, 163001.328125, 164729.328125, 166457.328125, 168185.328125, 169913.328125, 171641.328125, 173369.328125]
locTim.cloTim=[0., 1728., 3456., 5184., 6912., 8640., 10368., 12096.0000000000018189894, 13824., 15552., 17280., 19008., 20736., 22464., 24192.00000000000363797881, 25920., 27648., 29376.00000000000363797881, 31104., 32832., 34560., 36288., 38016., 39744., 41472., 43200., 44928., 46656., 48384.00000000000727595761, 50112., 51840., 53568., 55296., 57024., 58752.00000000000727595761, 60479.99999999999272404239, 62208., 63936., 65664., 67392., 69120., 70848., 72576., 74304., 76032., 77760., 79488., 81216., 82944., 84672., 86400., 88128., 89856., 91584., 93312., 95040.00000000001455191523, 96768.00000000001455191523, 98495.99999999998544808477, 100224., 101952., 103680., 105408., 107136., 108864., 110592., 112320., 114048., 115776., 117504.00000000001455191523, 119231.99999999998544808477, 120959.99999999998544808477, 122688., 124416., 126144., 127872., 129600., 131328., 133056., 134784., 136512., 138240., 139968., 141696., 143424., 145152., 146880., 148608., 150336., 152064., 153792., 155520., 157248., 158976., 160704., 162432., 164160., 165888., 167616., 169344., 171072., 172800.]
time=[0., 172800.]
