last-generated=2026-10-10
statistics-simulation=
{
  "linear": " ",
  "nonlinear": " ",
  "number of continuous time states": "20",
  "numerical Jacobians": "0"
}
time=[0e+00, 3.6e+03]
oriWesTop.port_a.m_flow=[5.965128540992737e-02, 3.259150311350822e-03, 2.942022634670138e-03, 2.671169117093086e-03, 2.425576327368617e-03, 2.202371135354042e-03, 1.999414758756757e-03, 1.816042466089129e-03, 1.649320824071765e-03, 1.497228164225817e-03, 1.356827444396913e-03, 1.226348918862641e-03, 1.104049501009285e-03, 9.88401472568512e-04, 8.779146010056136e-04, 7.717408007010818e-04, 6.684524705633521e-04, 5.671598482877016e-04, 4.668502369895577e-04, 3.67323198588565e-04, 2.696997835300863e-04, 1.750645315041766e-04, 8.435784548055381e-05, -1.631505028854008e-06, -8.229202649090439e-05, -1.572176697663963e-04, -2.262247289763764e-04, -2.893049677368255e-04, -3.465928894001992e-04, -3.983320493716747e-04, -4.448421241249889e-04, -4.864903457928449e-04, -5.236674915067852e-04, -5.567708285525441e-04, -5.861951503902674e-04, -6.123151397332549e-04, -6.354833603836596e-04, -6.560271140187979e-04, -6.742458790540695e-04, -6.904104957357049e-04, -7.047641556710005e-04, -7.175237988121808e-04, -7.288819761015475e-04, -7.390087703242898e-04, -7.480538333766162e-04, -7.561484235338867e-04, -7.634075009264052e-04, -7.699317648075521e-04, -7.758090505376458e-04, -7.811157847754657e-04, -7.859187317080796e-04, -7.902759243734181e-04, -7.94238003436476e-04, -7.978491485118866e-04, -8.011477766558528e-04, -8.041674736887217e-04, -8.069373434409499e-04, -8.094830554910004e-04, -8.118268451653421e-04, -8.139883284457028e-04, -8.15984676592052e-04, -8.178309071809053e-04, -8.195402333512902e-04, -8.211243548430502e-04, -8.225935744121671e-04, -8.239569724537432e-04, -8.252226398326457e-04, -8.263978525064886e-04, -8.274888969026506e-04, -8.285015355795622e-04, -8.294408326037228e-04, -8.303115027956665e-04, -8.31117678899318e-04, -8.31862969789654e-04, -8.325509261339903e-04, -8.331845165230334e-04, -8.33766651339829e-04, -8.342998335137963e-04, -8.34786391351372e-04, -8.352285367436707e-04, -8.356282487511635e-04, -8.359873318113387e-04, -8.363074739463627e-04, -8.365903631784022e-04, -8.368373964913189e-04, -8.370499708689749e-04, -8.372293668799102e-04, -8.37376806885004e-04, -8.374934550374746e-04, -8.375803008675575e-04, -8.376383921131492e-04, -8.376686600968242e-04, -8.376720943488181e-04, -8.376495097763836e-04, -8.376017794944346e-04, -8.375296602025628e-04, -8.374339086003602e-04, -8.373152231797576e-04, -8.37174360640347e-04, -8.370119030587375e-04, -8.368284907191992e-04]
oriEasTop.port_a.m_flow=[-5.945053324103355e-02, 3.259385237470269e-03, 2.942140214145184e-03, 2.671298570930958e-03, 2.425404498353601e-03, 2.201453084126115e-03, 1.99943408370018e-03, 1.816180301830172e-03, 1.649739220738411e-03, 1.497151562944055e-03, 1.356745953671634e-03, 1.226263935677707e-03, 1.103962189517915e-03, 9.883019374683499e-04, 8.780572097748516e-04, 7.716523832641542e-04, 6.683615501970053e-04, 5.670693353749812e-04, 4.667603643611073e-04, 3.672338207252324e-04, 2.696104638744146e-04, 1.749749353621155e-04, 8.4267659985926e-05, -1.722543629512074e-06, -8.238430746132508e-05, -1.573113404447213e-04, -2.263198111904785e-04, -2.894015051424505e-04, -3.466907655820252e-04, -3.984312352258712e-04, -4.449425614438951e-04, -4.86591859953478e-04, -5.237699951976538e-04, -5.568742053583264e-04, -5.862992838956416e-04, -6.124199135228992e-04, -6.355886580422521e-04, -6.561329355463386e-04, -6.743520498275757e-04, -6.905168993398547e-04, -7.04870733898133e-04, -7.176305516622961e-04, -7.289888453669846e-04, -7.391156395897269e-04, -7.481606444343925e-04, -7.56255176384002e-04, -7.635142537765205e-04, -7.700384012423456e-04, -7.759155123494565e-04, -7.812220719642937e-04, -7.860248442739248e-04, -7.903818041086197e-04, -7.943437085486948e-04, -7.979546207934618e-04, -8.012530743144453e-04, -8.042724803090096e-04, -8.070421172305942e-04, -8.095875382423401e-04, -8.119310950860381e-04, -8.140923455357552e-04, -8.160884026437998e-04, -8.179343421943486e-04, -8.196433773264289e-04, -8.212272659875453e-04, -8.226961945183575e-04, -8.240593015216291e-04, -8.253247360698879e-04, -8.264996577054262e-04, -8.275904110632837e-04, -8.286027587018907e-04, -8.295418228954077e-04, -8.304122020490468e-04, -8.312180871143937e-04, -8.319631451740861e-04, -8.326508104801178e-04, -8.332841098308563e-04, -8.338659536093473e-04, -8.343988447450101e-04, -8.348851697519422e-04, -8.353270241059363e-04, -8.357264450751245e-04, -8.360852370969951e-04, -8.364051464013755e-04, -8.366877445951104e-04, -8.369344868697226e-04, -8.371468284167349e-04, -8.373259333893657e-04, -8.374731405638158e-04, -8.375894976779819e-04, -8.376761106774211e-04, -8.377339108847082e-04, -8.377639460377395e-04, -8.377670892514288e-04, -8.377442718483508e-04, -8.376962505280972e-04, -8.376238401979208e-04, -8.375278557650745e-04, -8.374089375138283e-04, -8.372677839361131e-04, -8.3710509352386e-04, -8.36921448353678e-04]
oriOutTop.port_a.m_flow=[3.666715025901794e-01, 9.132171981036663e-03, 9.042087011039257e-03, 8.975247852504253e-03, 8.923269808292389e-03, 8.88113584369421e-03, 8.8457390666008e-03, 8.815066888928413e-03, 8.78805760294199e-03, 8.763172663748264e-03, 8.74042697250843e-03, 8.719162084162235e-03, 8.699043653905392e-03, 8.679813705384731e-03, 8.661268278956413e-03, 8.643234148621559e-03, 8.625579066574574e-03, 8.608175441622734e-03, 8.590907789766788e-03, 8.573746308684349e-03, 8.55678878724575e-03, 8.540133014321327e-03, 8.523859083652496e-03, 8.508036844432354e-03, 8.492707274854183e-03, 8.477889932692051e-03, 8.463607169687748e-03, 8.449862711131573e-03, 8.436649106442928e-03, 8.423948660492897e-03, 8.411734364926815e-03, 8.399977348744869e-03, 8.388642221689224e-03, 8.377695456147194e-03, 8.367101661860943e-03, 8.356827311217785e-03, 8.346839807927608e-03, 8.337108418345451e-03, 8.32760613411665e-03, 8.318307809531689e-03, 8.309189230203629e-03, 8.300230838358402e-03, 8.291413076221943e-03, 8.282721042633057e-03, 8.27413983643055e-03, 8.265657350420952e-03, 8.257261477410793e-03, 8.248942904174328e-03, 8.240693248808384e-03, 8.232505992054939e-03, 8.224374614655972e-03, 8.216292597353458e-03, 8.208256214857101e-03, 8.200260810554028e-03, 8.192303590476513e-03, 8.184379898011684e-03, 8.176488801836967e-03, 8.168626576662064e-03, 8.160792291164398e-03, 8.152984082698822e-03, 8.145200088620186e-03, 8.137439377605915e-03, 8.12970008701086e-03, 8.121981285512447e-03, 8.11428390443325e-03, 8.106605149805546e-03, 8.098945021629333e-03, 8.091303519904613e-03, 8.083680644631386e-03, 8.076073601841927e-03, 8.068484254181385e-03, 8.060911670327187e-03, 8.053355850279331e-03, 8.045815862715244e-03, 8.038291707634926e-03, 8.030783385038376e-03, 8.023290894925594e-03, 8.015813305974007e-03, 8.008351549506187e-03, 8.000904694199562e-03, 7.993472740054131e-03, 7.986056618392467e-03, 7.978654466569424e-03, 7.971268147230148e-03, 7.963895797729492e-03, 7.95653834939003e-03, 7.949194870889187e-03, 7.941866293549538e-03, 7.934552617371082e-03, 7.927253842353821e-03, 7.919968105852604e-03, 7.912697270512581e-03, 7.905441336333752e-03, 7.898199371993542e-03, 7.890971377491951e-03, 7.883757352828979e-03, 7.876557298004627e-03, 7.869372144341469e-03, 7.862200029194355e-03, 7.855042815208435e-03, 7.84789863973856e-03]
oriOutBot.port_a.m_flow=[3.664178252220154e-01, -9.132594801485538e-03, -9.04233381152153e-03, -8.975383825600147e-03, -8.923356421291828e-03, -8.881180547177792e-03, -8.845731616020203e-03, -8.815053850412369e-03, -8.787596598267555e-03, -8.763122372329235e-03, -8.740369230508804e-03, -8.719097822904587e-03, -8.698975667357445e-03, -8.679741993546486e-03, -8.661191910505295e-03, -8.643160574138165e-03, -8.62550362944603e-03, -8.60810000449419e-03, -8.590833283960819e-03, -8.57367180287838e-03, -8.556714281439781e-03, -8.540057577192783e-03, -8.523782715201378e-03, -8.507958613336086e-03, -8.492627181112766e-03, -8.47780704498291e-03, -8.463521488010883e-03, -8.449775166809559e-03, -8.436559699475765e-03, -8.42385645955801e-03, -8.411641232669353e-03, -8.399881422519684e-03, -8.38854443281889e-03, -8.377596735954285e-03, -8.367001079022884e-03, -8.356725797057152e-03, -8.346737362444401e-03, -8.337005041539669e-03, -8.327502757310867e-03, -8.318203501403332e-03, -8.309083990752697e-03, -8.300125598907471e-03, -8.291307836771011e-03, -8.282615803182125e-03, -8.274033665657043e-03, -8.265551179647446e-03, -8.257155306637287e-03, -8.248836733400822e-03, -8.240587078034878e-03, -8.232399821281433e-03, -8.224268443882465e-03, -8.216187357902527e-03, -8.20815097540617e-03, -8.200155571103096e-03, -8.192198351025581e-03, -8.184274658560753e-03, -8.176383562386036e-03, -8.168522268533707e-03, -8.160687983036041e-03, -8.152879774570465e-03, -8.145095780491829e-03, -8.137335069477558e-03, -8.129596710205078e-03, -8.12187884002924e-03, -8.114180527627468e-03, -8.106502704322338e-03, -8.0988435074687e-03, -8.09120200574398e-03, -8.083578199148178e-03, -8.075972087681293e-03, -8.068383671343327e-03, -8.060811087489128e-03, -8.053255267441273e-03, -8.045715279877186e-03, -8.038191124796867e-03, -8.030683733522892e-03, -8.02319124341011e-03, -8.015713654458523e-03, -8.008252829313278e-03, -8.000805974006653e-03, -7.993374951183796e-03, -7.985957898199558e-03, -7.978556677699089e-03, -7.971170358359814e-03, -7.963798008859158e-03, -7.956440560519695e-03, -7.949098013341427e-03, -7.941770367324352e-03, -7.934456691145897e-03, -7.927156984806061e-03, -7.919872179627419e-03, -7.91260227560997e-03, -7.905346341431141e-03, -7.898104377090931e-03, -7.89087638258934e-03, -7.883662357926369e-03, -7.876463234424591e-03, -7.869278080761433e-03, -7.862105965614319e-03, -7.854948751628399e-03, -7.847805507481098e-03]
dooOpeClo.port_a1.m_flow=[4.811491370201111e-01, 2.42645189166069e-01, 2.039932608604431e-01, 1.721476167440414e-01, 1.460623443126678e-01, 1.246106401085854e-01, 1.067660227417946e-01, 9.168521314859389e-02, 7.871974259614944e-02, 6.738069653511047e-02, 5.728886276483536e-02, 4.812915623188019e-02, 3.969244658946991e-02, 3.184432163834572e-02, 2.448014542460441e-02, 1.747844181954861e-02, 1.056613959372044e-02, 3.272497793659568e-03, 1.090418547391891e-03, 8.012745529413223e-03, 1.450708787888288e-02, 2.061221748590469e-02, 2.639435604214668e-02, 3.188205510377884e-02, 3.701526299118996e-02, 4.175342619419098e-02, 4.607800021767616e-02, 4.998731613159181e-02, 5.349268764257432e-02, 5.661451444029808e-02, 5.9378731995821e-02, 6.181403994560242e-02, 6.394988298416138e-02, 6.58148005604744e-02, 6.743618100881577e-02, 6.883972138166428e-02, 7.004959136247635e-02, 7.108819484710693e-02, 7.197602093219757e-02, 7.273159921169281e-02, 7.337153702974319e-02, 7.391063123941422e-02, 7.436197996139526e-02, 7.473713904619217e-02, 7.504624128341675e-02, 7.529816031455994e-02, 7.550062239170074e-02, 7.566037029027939e-02, 7.578325271606445e-02, 7.587435096502304e-02, 7.593805342912674e-02, 7.597814500331879e-02, 7.599792629480362e-02, 7.600022107362747e-02, 7.598748058080673e-02, 7.596181333065033e-02, 7.592504471540451e-02, 7.587872445583344e-02, 7.582420855760574e-02, 7.576266676187515e-02, 7.569509744644165e-02, 7.562234997749329e-02, 7.554518431425095e-02, 7.546423375606537e-02, 7.538004219532013e-02, 7.529308646917343e-02, 7.520377635955811e-02, 7.51124694943428e-02, 7.501945644617081e-02, 7.49250054359436e-02, 7.48293474316597e-02, 7.473266124725342e-02, 7.463511824607849e-02, 7.453687489032745e-02, 7.443804293870926e-02, 7.433872669935226e-02, 7.423903048038483e-02, 7.413902878761292e-02, 7.40387886762619e-02, 7.393836230039597e-02, 7.383781671524048e-02, 7.373718917369843e-02, 7.363651692867279e-02, 7.353582978248596e-02, 7.343516498804092e-02, 7.333453744649887e-02, 7.323397696018219e-02, 7.313350588083267e-02, 7.303312420845032e-02, 7.293285429477692e-02, 7.283271104097366e-02, 7.273269444704056e-02, 7.263282686471939e-02, 7.253310084342957e-02, 7.243353873491287e-02, 7.233414053916931e-02, 7.223490625619888e-02, 7.213585078716278e-02, 7.203696668148041e-02, 7.193826884031296e-02, 7.183974981307983e-02]
dooOpeClo.port_a2.m_flow=[1.375593692064285e-01, 2.393862158060074e-01, 2.010513842105865e-01, 1.694832891225815e-01, 1.436333358287811e-01, 1.224077865481377e-01, 1.047665998339653e-01, 8.986909687519072e-02, 7.706987112760544e-02, 6.588349491357803e-02, 5.593205615878105e-02, 4.690283164381981e-02, 3.858841583132744e-02, 3.0855942517519e-02, 2.360214479267596e-02, 1.670671626925468e-02, 9.897704236209393e-03, 2.705353777855635e-03, 6.235837354324758e-04, 7.645436562597752e-03, 1.423740386962891e-02, 2.043716795742512e-02, 2.631001174449921e-02, 3.188370168209076e-02, 3.709756582975388e-02, 4.191065579652786e-02, 4.630423337221146e-02, 5.027662962675096e-02, 5.383928865194322e-02, 5.701285600662231e-02, 5.982358008623123e-02, 6.230053678154945e-02, 6.447355449199677e-02, 6.637157499790192e-02, 6.802237778902054e-02, 6.945203989744186e-02, 7.068507373332977e-02, 7.174421846866608e-02, 7.265026867389679e-02, 7.342201471328735e-02, 7.407630234956741e-02, 7.462815940380096e-02, 7.509086281061172e-02, 7.547614723443985e-02, 7.579429447650909e-02, 7.605430483818054e-02, 7.626403123140335e-02, 7.64302983880043e-02, 7.655906677246094e-02, 7.665546983480453e-02, 7.672397047281265e-02, 7.67684206366539e-02, 7.67921581864357e-02, 7.679806649684906e-02, 7.678862661123276e-02, 7.676598429679871e-02, 7.673197984695435e-02, 7.668820768594742e-02, 7.663603872060776e-02, 7.657665759325027e-02, 7.651107758283615e-02, 7.644018530845642e-02, 7.636472582817078e-02, 7.628535479307175e-02, 7.62026309967041e-02, 7.611704617738724e-02, 7.602900266647339e-02, 7.59388655424118e-02, 7.584694772958755e-02, 7.575350999832153e-02, 7.565878331661224e-02, 7.55629688501358e-02, 7.546623796224594e-02, 7.53687396645546e-02, 7.527059316635132e-02, 7.517191022634506e-02, 7.507279515266418e-02, 7.497332990169525e-02, 7.487357407808304e-02, 7.477359473705292e-02, 7.467344403266907e-02, 7.457317411899567e-02, 7.44728222489357e-02, 7.437241822481155e-02, 7.427199929952621e-02, 7.417158782482147e-02, 7.407120615243912e-02, 7.397087663412094e-02, 7.387061417102814e-02, 7.37704336643219e-02, 7.367035001516342e-02, 7.35703632235527e-02, 7.347049564123154e-02, 7.337075471878052e-02, 7.327114045619965e-02, 7.317166775465012e-02, 7.307233661413193e-02, 7.297316193580627e-02, 7.287414371967316e-02, 7.277527451515198e-02, 7.267657667398453e-02]
volBotWes.T=[2.951499938964844e+02, 2.942801513671875e+02, 2.944902648925781e+02, 2.946297912597656e+02, 2.947250061035156e+02, 2.947914733886719e+02, 2.948385925292969e+02, 2.94872314453125e+02, 2.94896484375e+02, 2.949136962890625e+02, 2.9492578125e+02, 2.949340209960938e+02, 2.949393920898438e+02, 2.949425659179688e+02, 2.949441833496094e+02, 2.949446716308594e+02, 2.949444274902344e+02, 2.9494384765625e+02, 2.949431762695312e+02, 2.949425659179688e+02, 2.94941650390625e+02, 2.949402160644531e+02, 2.9493798828125e+02, 2.949347839355469e+02, 2.949303588867188e+02, 2.949245910644531e+02, 2.949173889160156e+02, 2.949087829589844e+02, 2.948988037109375e+02, 2.94887451171875e+02, 2.948748779296875e+02, 2.948611145019531e+02, 2.948462829589844e+02, 2.948304748535156e+02, 2.948137817382812e+02, 2.947963256835938e+02, 2.947781982421875e+02, 2.947594604492188e+02, 2.947401733398438e+02, 2.94720458984375e+02, 2.947003784179688e+02, 2.94679931640625e+02, 2.946592407226562e+02, 2.946383056640625e+02, 2.946171569824219e+02, 2.945958862304688e+02, 2.94574462890625e+02, 2.945529479980469e+02, 2.945313415527344e+02, 2.945096740722656e+02, 2.944879760742188e+02, 2.944662475585938e+02, 2.944445190429688e+02, 2.944227600097656e+02, 2.944010314941406e+02, 2.943793029785156e+02, 2.943576049804688e+02, 2.943359375e+02, 2.943143005371094e+02, 2.942926940917969e+02, 2.942711181640625e+02, 2.942496032714844e+02, 2.942281494140625e+02, 2.942067260742188e+02, 2.941853332519531e+02, 2.941640319824219e+02, 2.941427612304688e+02, 2.941215515136719e+02, 2.941004028320312e+02, 2.940793151855469e+02, 2.940582580566406e+02, 2.940372924804688e+02, 2.940163879394531e+02, 2.939955139160156e+02, 2.939747314453125e+02, 2.939539794921875e+02, 2.939332885742188e+02, 2.939126892089844e+02, 2.938921203613281e+02, 2.938716125488281e+02, 2.938511657714844e+02, 2.93830810546875e+02, 2.938104858398438e+02, 2.937902221679688e+02, 2.9377001953125e+02, 2.937498779296875e+02, 2.937297973632812e+02, 2.937097778320312e+02, 2.936898193359375e+02, 2.93669921875e+02, 2.936500854492188e+02, 2.936302795410156e+02, 2.936105651855469e+02, 2.935909118652344e+02, 2.935712890625e+02, 2.935517272949219e+02, 2.935322570800781e+02, 2.935128173828125e+02, 2.934934387207031e+02, 2.9347412109375e+02, 2.934548645019531e+02]
volBotEas.T=[2.981499938964844e+02, 2.9653076171875e+02, 2.962556762695312e+02, 2.960536499023438e+02, 2.958978576660156e+02, 2.957723388671875e+02, 2.956674194335938e+02, 2.955769348144531e+02, 2.954969482421875e+02, 2.954246826171875e+02, 2.953582763671875e+02, 2.9529638671875e+02, 2.952380065917969e+02, 2.95182373046875e+02, 2.951288146972656e+02, 2.95076904296875e+02, 2.950261840820312e+02, 2.949762878417969e+02, 2.949269409179688e+02, 2.948779602050781e+02, 2.948297119140625e+02, 2.947824096679688e+02, 2.94736328125e+02, 2.946915893554688e+02, 2.946483459472656e+02, 2.946066284179688e+02, 2.945664978027344e+02, 2.945279541015625e+02, 2.94490966796875e+02, 2.944555053710938e+02, 2.944214172363281e+02, 2.94388671875e+02, 2.94357177734375e+02, 2.943267822265625e+02, 2.942974243164062e+02, 2.942689819335938e+02, 2.942413940429688e+02, 2.942145385742188e+02, 2.941883239746094e+02, 2.941627502441406e+02, 2.941376647949219e+02, 2.941130676269531e+02, 2.940888977050781e+02, 2.940650939941406e+02, 2.940415954589844e+02, 2.940184326171875e+02, 2.939955139160156e+02, 2.939728393554688e+02, 2.939503784179688e+02, 2.939281005859375e+02, 2.939060363769531e+02, 2.938840942382812e+02, 2.938623046875e+02, 2.938406677246094e+02, 2.938191528320312e+02, 2.937977294921875e+02, 2.937764587402344e+02, 2.937552490234375e+02, 2.937341613769531e+02, 2.937131652832031e+02, 2.936922607421875e+02, 2.936714172363281e+02, 2.936506958007812e+02, 2.936300048828125e+02, 2.936094360351562e+02, 2.935889282226562e+02, 2.935684814453125e+02, 2.93548095703125e+02, 2.935278015136719e+02, 2.93507568359375e+02, 2.934873962402344e+02, 2.9346728515625e+02, 2.93447265625e+02, 2.934272766113281e+02, 2.934073791503906e+02, 2.933875427246094e+02, 2.933677368164062e+02, 2.933480224609375e+02, 2.93328369140625e+02, 2.933087768554688e+02, 2.932892150878906e+02, 2.932697448730469e+02, 2.932503356933594e+02, 2.932309875488281e+02, 2.93211669921875e+02, 2.931924438476562e+02, 2.931732482910156e+02, 2.931541137695312e+02, 2.931350708007812e+02, 2.931160583496094e+02, 2.930971069335938e+02, 2.930781860351562e+02, 2.930593566894531e+02, 2.930405883789062e+02, 2.930218505859375e+02, 2.93003173828125e+02, 2.929845886230469e+02, 2.929660034179688e+02, 2.92947509765625e+02, 2.929290771484375e+02, 2.929106750488281e+02]
volTopWes.T=[2.931499938964844e+02, 2.920550537109375e+02, 2.920819702148438e+02, 2.92106201171875e+02, 2.921281433105469e+02, 2.921480712890625e+02, 2.92166259765625e+02, 2.921828918457031e+02, 2.921981811523438e+02, 2.922122497558594e+02, 2.922252807617188e+02, 2.922373046875e+02, 2.922485046386719e+02, 2.922589111328125e+02, 2.922686462402344e+02, 2.922777099609375e+02, 2.922862243652344e+02, 2.922942199707031e+02, 2.923017272949219e+02, 2.923087768554688e+02, 2.923154296875e+02, 2.923217163085938e+02, 2.923276672363281e+02, 2.923332824707031e+02, 2.92338623046875e+02, 2.9234375e+02, 2.923486633300781e+02, 2.923533935546875e+02, 2.923579406738281e+02, 2.923623046875e+02, 2.923664855957031e+02, 2.923705139160156e+02, 2.923744201660156e+02, 2.92378173828125e+02, 2.923817749023438e+02, 2.9238525390625e+02, 2.923886413574219e+02, 2.923918762207031e+02, 2.9239501953125e+02, 2.923980712890625e+02, 2.924010009765625e+02, 2.924038391113281e+02, 2.924065856933594e+02, 2.924092407226562e+02, 2.924118347167969e+02, 2.924143371582031e+02, 2.92416748046875e+02, 2.924190979003906e+02, 2.9242138671875e+02, 2.92423583984375e+02, 2.924257507324219e+02, 2.924278259277344e+02, 2.924298706054688e+02, 2.924318542480469e+02, 2.924337463378906e+02, 2.924356384277344e+02, 2.924374389648438e+02, 2.92439208984375e+02, 2.924409484863281e+02, 2.92442626953125e+02, 2.924442443847656e+02, 2.924458618164062e+02, 2.924474182128906e+02, 2.924489135742188e+02, 2.924504089355469e+02, 2.924518432617188e+02, 2.924532470703125e+02, 2.924546203613281e+02, 2.924559631347656e+02, 2.92457275390625e+02, 2.924585571289062e+02, 2.924598388671875e+02, 2.924610595703125e+02, 2.924622497558594e+02, 2.924634094238281e+02, 2.924645690917969e+02, 2.924656677246094e+02, 2.924667663574219e+02, 2.924678344726562e+02, 2.924689025878906e+02, 2.924699096679688e+02, 2.924709167480469e+02, 2.92471923828125e+02, 2.924728698730469e+02, 2.924738159179688e+02, 2.924747314453125e+02, 2.924756469726562e+02, 2.924765319824219e+02, 2.924773864746094e+02, 2.924782409667969e+02, 2.924790649414062e+02, 2.924798889160156e+02, 2.924806823730469e+02, 2.924814758300781e+02, 2.924822387695312e+02, 2.924829711914062e+02, 2.924837341308594e+02, 2.924844360351562e+02, 2.924851379394531e+02, 2.9248583984375e+02, 2.924865112304688e+02]
volTopEas.T=[2.941499938964844e+02, 2.929972229003906e+02, 2.929735717773438e+02, 2.929520874023438e+02, 2.929325256347656e+02, 2.929146728515625e+02, 2.928983154296875e+02, 2.928832702636719e+02, 2.928694152832031e+02, 2.928565673828125e+02, 2.928446655273438e+02, 2.928335876464844e+02, 2.928232421875e+02, 2.928135681152344e+02, 2.928045043945312e+02, 2.927959899902344e+02, 2.927879638671875e+02, 2.927803955078125e+02, 2.927732238769531e+02, 2.927664184570312e+02, 2.927599487304688e+02, 2.927538146972656e+02, 2.927479553222656e+02, 2.927423400878906e+02, 2.927369995117188e+02, 2.9273193359375e+02, 2.927271423339844e+02, 2.927225341796875e+02, 2.927181701660156e+02, 2.927140197753906e+02, 2.927100524902344e+02, 2.927062377929688e+02, 2.927026062011719e+02, 2.926991577148438e+02, 2.926958312988281e+02, 2.926926574707031e+02, 2.926896057128906e+02, 2.926866760253906e+02, 2.926838684082031e+02, 2.9268115234375e+02, 2.926785583496094e+02, 2.926760864257812e+02, 2.926736755371094e+02, 2.926713562011719e+02, 2.926691284179688e+02, 2.926669921875e+02, 2.926649169921875e+02, 2.926629028320312e+02, 2.926609802246094e+02, 2.926591186523438e+02, 2.926573181152344e+02, 2.926555786132812e+02, 2.926539001464844e+02, 2.926522521972656e+02, 2.926506958007812e+02, 2.926491394042969e+02, 2.926476745605469e+02, 2.92646240234375e+02, 2.926448364257812e+02, 2.926434936523438e+02, 2.926421813964844e+02, 2.926408996582031e+02, 2.926396484375e+02, 2.926384582519531e+02, 2.926372680664062e+02, 2.926361389160156e+02, 2.926350402832031e+02, 2.926339416503906e+02, 2.926329040527344e+02, 2.926318969726562e+02, 2.926308898925781e+02, 2.926299133300781e+02, 2.926289672851562e+02, 2.926280517578125e+02, 2.926271667480469e+02, 2.926262817382812e+02, 2.926254272460938e+02, 2.926246032714844e+02, 2.92623779296875e+02, 2.926229858398438e+02, 2.926222229003906e+02, 2.926214599609375e+02, 2.926206970214844e+02, 2.926199951171875e+02, 2.926192932128906e+02, 2.926185913085938e+02, 2.92617919921875e+02, 2.926172485351562e+02, 2.926166076660156e+02, 2.92615966796875e+02, 2.926153564453125e+02, 2.9261474609375e+02, 2.926141357421875e+02, 2.926135559082031e+02, 2.926129760742188e+02, 2.926124267578125e+02, 2.926118774414062e+02, 2.92611328125e+02, 2.926108093261719e+02, 2.926102905273438e+02, 2.926098022460938e+02]
volOut.T=[2.831499938964844e+02, 2.831499938964844e+02]
oriWesTop.dp=[3.509147644042969e+01, 1.047540530562401e-01, 8.553309738636017e-02, 7.178486883640289e-02, 6.151384115219116e-02, 5.353521928191185e-02, 4.708965867757797e-02, 4.176021739840507e-02, 3.723017871379852e-02, 3.330744802951813e-02, 2.983206883072853e-02, 2.670711278915405e-02, 2.385555766522884e-02, 2.121787890791893e-02, 1.874356344342231e-02, 1.640177331864834e-02, 1.415238995105028e-02, 1.196970231831074e-02, 9.827001951634884e-03, 7.715968880802393e-03, 5.656546913087368e-03, 3.6678914912045e-03, 1.766409841366112e-03, -3.415688115637749e-05, -1.723137916997075e-03, -3.293487709015608e-03, -4.742189310491085e-03, -6.069386377930646e-03, -7.277826312929395e-03, -8.372294716536999e-03, -9.359033778309822e-03, -1.024523098021746e-02, -1.103858556598425e-02, -1.174697745591402e-02, -1.237831078469753e-02, -1.294014044106007e-02, -1.343963202089071e-02, -1.388348918408155e-02, -1.427788473665714e-02, -1.462844014167786e-02, -1.494023110717535e-02, -1.52178080752492e-02, -1.546522881835699e-02, -1.568609476089478e-02, -1.588358730077744e-02, -1.606050319969654e-02, -1.621930301189423e-02, -1.636214554309845e-02, -1.649091951549053e-02, -1.660727150738239e-02, -1.671264134347439e-02, -1.68082881718874e-02, -1.689530722796917e-02, -1.697465591132641e-02, -1.704716868698597e-02, -1.71135738492012e-02, -1.717451028525829e-02, -1.723053306341171e-02, -1.728213019669056e-02, -1.732972636818886e-02, -1.737369783222675e-02, -1.741437241435051e-02, -1.745204068720341e-02, -1.748695597052574e-02, -1.751934550702572e-02, -1.754940859973431e-02, -1.757732219994068e-02, -1.760324276983738e-02, -1.762731187045574e-02, -1.764965243637562e-02, -1.767038181424141e-02, -1.768959499895573e-02, -1.770738698542118e-02, -1.772383973002434e-02, -1.773902587592602e-02, -1.775301434099674e-02, -1.776586659252644e-02, -1.777764037251472e-02, -1.778838410973549e-02, -1.779814809560776e-02, -1.780697703361511e-02, -1.781490631401539e-02, -1.782197877764702e-02, -1.782822608947754e-02, -1.783368363976479e-02, -1.7838379368186e-02, -1.784234121441841e-02, -1.784559898078442e-02, -1.78481750190258e-02, -1.785009354352951e-02, -1.785137690603733e-02, -1.785204745829105e-02, -1.785212196409702e-02, -1.785162277519703e-02, -1.785056851804256e-02, -1.784897595643997e-02, -1.784685999155045e-02, -1.784423924982548e-02, -1.784112676978111e-02, -1.783753745257854e-02, -1.783348619937897e-02]
oriEasTop.dp=[-3.485567855834961e+01, 1.0476915538311e-01, 8.553966134786606e-02, 7.179079949855804e-02, 6.150725856423378e-02, 5.350451171398163e-02, 4.709024354815483e-02, 4.176407679915427e-02, 3.724122419953346e-02, 3.330551460385323e-02, 2.983008697628975e-02, 2.670510485768318e-02, 2.385354414582253e-02, 2.121562883257866e-02, 1.874673180282116e-02, 1.639983616769314e-02, 1.415042206645012e-02, 1.196775957942009e-02, 9.825089946389198e-03, 7.714078761637211e-03, 5.654666572809219e-03, 3.666011383756995e-03, 1.764520653523505e-03, -3.60628473572433e-05, -1.72507087700069e-03, -3.295452333986759e-03, -4.74418792873621e-03, -6.071419455111031e-03, -7.279894314706329e-03, -8.374396711587906e-03, -9.361167438328266e-03, -1.024739444255829e-02, -1.104077603667974e-02, -1.174919307231903e-02, -1.238054875284433e-02, -1.294239703565836e-02, -1.344190537929535e-02, -1.388577744364738e-02, -1.428018510341644e-02, -1.46307498216629e-02, -1.494254823774099e-02, -1.522013172507286e-02, -1.54675580561161e-02, -1.568842679262161e-02, -1.588592119514942e-02, -1.606283895671368e-02, -1.622163876891136e-02, -1.636448130011559e-02, -1.649325154721737e-02, -1.660960167646408e-02, -1.671497151255608e-02, -1.681061461567879e-02, -1.689762994647026e-02, -1.697697304189205e-02, -1.704948209226131e-02, -1.71158853918314e-02, -1.717681623995304e-02, -1.723283343017101e-02, -1.728442497551441e-02, -1.733201742172241e-02, -1.737598329782486e-02, -1.741665229201317e-02, -1.745431497693062e-02, -1.74892246723175e-02, -1.752160862088203e-02, -1.755166612565517e-02, -1.75795741379261e-02, -1.760548911988735e-02, -1.762955076992512e-02, -1.76518876105547e-02, -1.767260953783989e-02, -1.769181713461876e-02, -1.770960353314877e-02, -1.772605068981647e-02, -1.774123124778271e-02, -1.775521412491798e-02, -1.776806078851223e-02, -1.777982711791992e-02, -1.779056526720524e-02, -1.780032366514206e-02, -1.780914515256882e-02, -1.781707070767879e-02, -1.782413572072983e-02, -1.78303774446249e-02, -1.78358294069767e-02, -1.784051954746246e-02, -1.784447580575943e-02, -1.784772798418999e-02, -1.785029843449593e-02, -1.785221137106419e-02, -1.785348728299141e-02, -1.785415224730968e-02, -1.785422116518021e-02, -1.785371638834476e-02, -1.785265654325485e-02, -1.785105653107166e-02, -1.784893497824669e-02, -1.784630864858627e-02, -1.784319058060646e-02, -1.783959567546844e-02, -1.783553883433342e-02]
oriOutTop.dp=[1.3259169921875e+03, 8.224512934684753e-01, 8.063051700592041e-01, 7.944287657737732e-01, 7.852538824081421e-01, 7.778557538986206e-01, 7.716677188873291e-01, 7.663255333900452e-01, 7.616367340087891e-01, 7.573293447494507e-01, 7.534030675888062e-01, 7.497414946556091e-01, 7.462855577468872e-01, 7.429897785186768e-01, 7.398181557655334e-01, 7.367406487464905e-01, 7.337337732315063e-01, 7.307759523391724e-01, 7.27847158908844e-01, 7.249420285224915e-01, 7.220773100852966e-01, 7.192689180374146e-01, 7.165303230285645e-01, 7.138727307319641e-01, 7.113025188446045e-01, 7.088227272033691e-01, 7.064363360404968e-01, 7.041438221931458e-01, 7.019433379173279e-01, 6.99831485748291e-01, 6.978035569190979e-01, 6.958541870117188e-01, 6.939775347709656e-01, 6.921674609184265e-01, 6.904180645942688e-01, 6.887235045433044e-01, 6.870782375335693e-01, 6.854771375656128e-01, 6.839154958724976e-01, 6.82388961315155e-01, 6.808937788009644e-01, 6.794263124465942e-01, 6.779835820198059e-01, 6.765628457069397e-01, 6.751616597175598e-01, 6.737779974937439e-01, 6.724098920822144e-01, 6.71055793762207e-01, 6.697143316268921e-01, 6.683842539787292e-01, 6.670644879341125e-01, 6.657541394233704e-01, 6.644523739814758e-01, 6.631585955619812e-01, 6.618721485137939e-01, 6.605924963951111e-01, 6.593192219734192e-01, 6.580519080162048e-01, 6.567903161048889e-01, 6.55534029006958e-01, 6.542828679084778e-01, 6.530365943908691e-01, 6.517950296401978e-01, 6.505580544471741e-01, 6.49325430393219e-01, 6.480970978736877e-01, 6.468729376792908e-01, 6.456528306007385e-01, 6.444367170333862e-01, 6.432245373725891e-01, 6.420162320137024e-01, 6.408116221427917e-01, 6.396108269691467e-01, 6.384137272834778e-01, 6.372202634811401e-01, 6.36030375957489e-01, 6.348441243171692e-01, 6.336613893508911e-01, 6.324821710586548e-01, 6.313064694404602e-01, 6.301342248916626e-01, 6.28965437412262e-01, 6.278001070022583e-01, 6.266381740570068e-01, 6.254796385765076e-01, 6.243244409561157e-01, 6.231726408004761e-01, 6.220241189002991e-01, 6.208789944648743e-01, 6.197371482849121e-01, 6.185986399650574e-01, 6.174633502960205e-01, 6.163313984870911e-01, 6.152026653289795e-01, 6.140771508216858e-01, 6.129549145698547e-01, 6.118358969688416e-01, 6.107200384140015e-01, 6.096073985099792e-01, 6.084979176521301e-01, 6.073916554450989e-01]
oriOutBot.dp=[1.3240830078125e+03, -8.225274682044983e-01, -8.063490986824036e-01, -7.944527864456177e-01, -7.852690815925598e-01, -7.778635621070862e-01, -7.716663479804993e-01, -7.663232684135437e-01, -7.615567445755005e-01, -7.573207020759583e-01, -7.533930540084839e-01, -7.497305274009705e-01, -7.462738752365112e-01, -7.429776191711426e-01, -7.398052215576172e-01, -7.367281317710876e-01, -7.337210178375244e-01, -7.307631969451904e-01, -7.278345227241516e-01, -7.249294519424438e-01, -7.22064733505249e-01, -7.192562222480774e-01, -7.16517448425293e-01, -7.138596177101135e-01, -7.112890481948853e-01, -7.088088989257812e-01, -7.064220905303955e-01, -7.041292190551758e-01, -7.01928436756134e-01, -6.998162269592285e-01, -6.977880001068115e-01, -6.958383321762085e-01, -6.939613819122314e-01, -6.921511292457581e-01, -6.904014945030212e-01, -6.887067556381226e-01, -6.870613098144531e-01, -6.854601502418518e-01, -6.83898389339447e-01, -6.823717951774597e-01, -6.808765530586243e-01, -6.794090270996094e-01, -6.77966296672821e-01, -6.765455603599548e-01, -6.75144374370575e-01, -6.737606525421143e-01, -6.723925471305847e-01, -6.710385084152222e-01, -6.696970462799072e-01, -6.683670282363892e-01, -6.670472621917725e-01, -6.65736973285675e-01, -6.644352674484253e-01, -6.631415486335754e-01, -6.618551015853882e-01, -6.605755090713501e-01, -6.59302294254303e-01, -6.580350399017334e-01, -6.567735075950623e-01, -6.555172801017761e-01, -6.542661786079407e-01, -6.530199646949768e-01, -6.517784595489502e-01, -6.505415439605713e-01, -6.49308979511261e-01, -6.480807065963745e-01, -6.468566060066223e-01, -6.456365585327148e-01, -6.444205045700073e-01, -6.43208384513855e-01, -6.420000791549683e-01, -6.407955884933472e-01, -6.395948529243469e-01, -6.38397753238678e-01, -6.372043490409851e-01, -6.360145807266235e-01, -6.348283290863037e-01, -6.336456537246704e-01, -6.324665546417236e-01, -6.312909126281738e-01, -6.30118727684021e-01, -6.289499998092651e-01, -6.277846693992615e-01, -6.266227960586548e-01, -6.254643201828003e-01, -6.243091821670532e-01, -6.231574416160583e-01, -6.220089793205261e-01, -6.208639144897461e-01, -6.197221279144287e-01, -6.18583619594574e-01, -6.174484491348267e-01, -6.163164973258972e-01, -6.151878237724304e-01, -6.140624284744263e-01, -6.129401922225952e-01, -6.118212342262268e-01, -6.107054352760315e-01, -6.095928549766541e-01, -6.084834933280945e-01, -6.073772311210632e-01]
dooOpeClo.dpAB[1]=[1.630431860685349e-01, 8.686942607164383e-02, 6.820578873157501e-02, 5.505437776446342e-02, 4.538046196103096e-02, 3.797639161348343e-02, 3.210858628153801e-02, 2.731361053884029e-02, 2.328896149992943e-02, 1.983040012419224e-02, 1.67955681681633e-02, 1.408245787024498e-02, 1.161564141511917e-02, 9.337076917290688e-03, 7.200730033218857e-03, 5.169121082872152e-03, 3.211248200386763e-03, 1.300053903833032e-03, -5.902371485717595e-04, -2.466098871082067e-03, -4.305162001401186e-03, -6.086184643208981e-03, -7.790934294462204e-03, -9.404082782566547e-03, -1.091348007321358e-02, -1.231080666184425e-02, -1.359221059828997e-02, -1.475719176232815e-02, -1.580800861120224e-02, -1.674908958375454e-02, -1.758642122149467e-02, -1.832701079547405e-02, -1.897842809557915e-02, -1.954846270382404e-02, -2.004495449364185e-02, -2.047540433704853e-02, -2.084693126380444e-02, -2.116619609296322e-02, -2.143932320177555e-02, -2.167188562452793e-02, -2.186890505254269e-02, -2.203486859798431e-02, -2.217377349734306e-02, -2.228914946317673e-02, -2.238410525023937e-02, -2.246136032044888e-02, -2.252329885959625e-02, -2.257199957966805e-02, -2.260926738381386e-02, -2.263667061924934e-02, -2.265556901693344e-02, -2.266713976860046e-02, -2.267239987850189e-02, -2.267222851514816e-02, -2.266738377511501e-02, -2.265852317214012e-02, -2.26462110877037e-02, -2.263093180954456e-02, -2.261310629546642e-02, -2.259309589862823e-02, -2.257120981812477e-02, -2.254772000014782e-02, -2.252285368740559e-02, -2.249681390821934e-02, -2.246976643800735e-02, -2.244186215102673e-02, -2.241322956979275e-02, -2.238397486507893e-02, -2.235419303178787e-02, -2.232396602630615e-02, -2.229336649179459e-02, -2.226245030760765e-02, -2.223127149045467e-02, -2.219987474381924e-02, -2.216830104589462e-02, -2.213658019900322e-02, -2.210474386811256e-02, -2.207281440496445e-02, -2.204081602394581e-02, -2.200876735150814e-02, -2.197668142616749e-02, -2.194457501173019e-02, -2.191245928406715e-02, -2.188034355640411e-02, -2.184823900461197e-02, -2.181615121662617e-02, -2.178408950567245e-02, -2.175205945968628e-02, -2.172006294131279e-02, -2.168810740113258e-02, -2.165619283914566e-02, -2.162432670593262e-02, -2.15925108641386e-02, -2.156074531376362e-02, -2.152903564274311e-02, -2.149738185107708e-02, -2.146578580141068e-02, -2.143425121903419e-02, -2.140277624130249e-02, -2.137136273086071e-02, -2.1340012550354e-02]
