last-generated=2014-02-03
Za.i[1]=[21.78217887878417968750, 21.78217887878417968750]
Za.i[2]=[-2.17821788787841796875, -2.17821788787841796875]
time=[0.00000000000000000000, 1.00000000000000000000]
Zb.i[2]=[19.95302772521972656250, 19.95302772521972656250]
Zb.i[1]=[-9.00469684600830078125, -9.00469684600830078125]
Zc.i[1]=[-12.77748107910156250000, -12.77748107910156250000]
Zc.i[2]=[-17.77481079101562500000, -17.77481079101562500000]
