last-generated=2026-08-06
statistics-initialization=
{
  "nonlinear": "1",
  "numerical Jacobians": "0"
}
statistics-simulation=
{
  "linear": "0, 0, 0, 0, 0, 0, 0, 0, 0, 0, 0, 0, 0, 0, 0, 0, 0, 0, 0, 0, 0, 0, 0, 0, 0, 0, 0,   0, 0, 0, 0, 0, 0, 0, 0, 0, 0, 0, 0, 0",
  "nonlinear": " ",
  "number of continuous time states": "80",
  "numerical Jacobians": "0"
}
time=[0e+00, 3.6e+05]
TBorOut.T=[2.931499938964844e+02, 2.962146911621094e+02, 2.962061767578125e+02, 2.962063293457031e+02, 2.962063293457031e+02, 2.962063293457031e+02, 2.962063293457031e+02, 2.962063293457031e+02, 2.962063293457031e+02, 2.962063293457031e+02, 2.962063293457031e+02, 2.962063293457031e+02, 2.962063293457031e+02, 2.962063293457031e+02, 2.962063293457031e+02, 2.962063293457031e+02, 2.962063293457031e+02, 2.962063293457031e+02, 2.962063293457031e+02, 2.962063293457031e+02, 2.962063293457031e+02, 2.962063293457031e+02, 2.962063293457031e+02, 2.962063293457031e+02, 2.962063293457031e+02, 2.962063293457031e+02, 2.962063293457031e+02, 2.962063293457031e+02, 2.962063293457031e+02, 2.962063293457031e+02, 2.962063293457031e+02, 2.962063293457031e+02, 2.962063293457031e+02, 2.962063293457031e+02, 2.962063293457031e+02, 2.962063293457031e+02, 2.962063293457031e+02, 2.962063293457031e+02, 2.962063293457031e+02, 2.962063293457031e+02, 2.962063293457031e+02, 2.962063293457031e+02, 2.962063293457031e+02, 2.962063293457031e+02, 2.962063293457031e+02, 2.962063293457031e+02, 2.962063293457031e+02, 2.962063293457031e+02, 2.962063293457031e+02, 2.962063293457031e+02, 2.962063293457031e+02, 2.962063293457031e+02, 2.962063293457031e+02, 2.962063293457031e+02, 2.962063293457031e+02, 2.962063293457031e+02, 2.962063293457031e+02, 2.962063293457031e+02, 2.962063293457031e+02, 2.962063293457031e+02, 2.962063293457031e+02, 2.962063293457031e+02, 2.962063293457031e+02, 2.962063293457031e+02, 2.962063293457031e+02, 2.962063293457031e+02, 2.962063293457031e+02, 2.962063293457031e+02, 2.962063293457031e+02, 2.962063293457031e+02, 2.962063293457031e+02, 2.962063293457031e+02, 2.962063293457031e+02, 2.962063293457031e+02, 2.962063293457031e+02, 2.962063293457031e+02, 2.962063293457031e+02, 2.962063293457031e+02, 2.962063293457031e+02, 2.962063293457031e+02, 2.962063293457031e+02, 2.962063293457031e+02, 2.962063293457031e+02, 2.962063293457031e+02, 2.962063293457031e+02, 2.962063293457031e+02, 2.962063293457031e+02, 2.962063293457031e+02, 2.962063293457031e+02, 2.962063293457031e+02, 2.962063293457031e+02, 2.962063293457031e+02, 2.962063293457031e+02, 2.962063293457031e+02, 2.962063293457031e+02, 2.962063293457031e+02, 2.962063293457031e+02, 2.962063293457031e+02, 2.962063293457031e+02, 2.962063293457031e+02, 2.962063293457031e+02]
TBorIn.T=[3.031499938964844e+02, 3.031499938964844e+02]
