last-generated=2026-10-10
statistics-initialization=
{
  "nonlinear": "1, 0",
  "numerical Jacobians": "0"
}
statistics-simulation=
{
  "linear": " ",
  "nonlinear": "0, 1",
  "number of continuous time states": "5",
  "numerical Jacobians": "0"
}
time=[0e+00, 3.6e+03]
conPID.u_s=[7.5e-01, 7.5e-01, 7.5e-01, 7.5e-01, 7.5e-01, 7.5e-01, 7.5e-01, 7.5e-01, 7.5e-01, 7.5e-01, 7.5e-01, 7.5e-01, 7.5e-01, 2.5e-01, 2.5e-01, 2.5e-01, 2.5e-01, 2.5e-01, 2.5e-01, 2.5e-01, 2.5e-01, 2.5e-01, 2.5e-01, 2.5e-01, 2.5e-01, 2.5e-01, 7.5e-01, 7.5e-01, 7.5e-01, 7.5e-01, 7.5e-01, 7.5e-01, 7.5e-01, 7.5e-01, 7.5e-01, 7.5e-01, 7.5e-01, 7.5e-01, 2.5e-01, 2.5e-01, 2.5e-01, 2.5e-01, 2.5e-01, 2.5e-01, 2.5e-01, 2.5e-01, 2.5e-01, 2.5e-01, 2.5e-01, 2.5e-01, 2.5e-01, 7.5e-01, 7.5e-01, 7.5e-01, 7.5e-01, 7.5e-01, 7.5e-01, 7.5e-01, 7.5e-01, 7.5e-01, 7.5e-01, 7.5e-01, 7.5e-01, 2.5e-01, 2.5e-01, 2.5e-01, 2.5e-01, 2.5e-01, 2.5e-01, 2.5e-01, 2.5e-01, 2.5e-01, 2.5e-01, 2.5e-01, 2.5e-01, 2.5e-01, 7.5e-01, 7.5e-01, 7.5e-01, 7.5e-01, 7.5e-01, 7.5e-01, 7.5e-01, 7.5e-01, 7.5e-01, 7.5e-01, 7.5e-01, 7.5e-01, 2.5e-01, 2.5e-01, 2.5e-01, 2.5e-01, 2.5e-01, 2.5e-01, 2.5e-01, 2.5e-01, 2.5e-01, 2.5e-01, 2.5e-01, 2.5e-01, 2.5e-01]
conPID.u_m=[0e+00, 5.442492961883545e-01, 6.573444604873657e-01, 7.084521055221558e-01, 7.313253283500671e-01, 7.416089773178101e-01, 7.46229350566864e-01, 7.483062148094177e-01, 7.492388486862183e-01, 7.496562004089355e-01, 7.498431801795959e-01, 7.499281167984009e-01, 7.499685883522034e-01, 4.644911587238312e-01, 3.466562032699584e-01, 2.932859063148499e-01, 2.692045271396637e-01, 2.583640217781067e-01, 2.536208629608154e-01, 2.515608370304108e-01, 2.506723701953888e-01, 2.502902448177338e-01, 2.501224279403687e-01, 2.500519156455994e-01, 2.500275671482086e-01, 2.500277757644653e-01, 6.067145466804504e-01, 6.856150031089784e-01, 7.210665941238404e-01, 7.369962334632874e-01, 7.44116485118866e-01, 7.473868131637573e-01, 7.488858103752136e-01, 7.493226528167725e-01, 7.495270371437073e-01, 7.498923540115356e-01, 7.499514818191528e-01, 7.499783039093018e-01, 4.644982516765594e-01, 3.466604948043823e-01, 2.932849228382111e-01, 2.692043781280518e-01, 2.583935260772705e-01, 2.536211013793945e-01, 2.515627145767212e-01, 2.506700754165649e-01, 2.502873539924622e-01, 2.501241862773895e-01, 2.500539720058441e-01, 2.50020444393158e-01, 2.500089704990387e-01, 6.066322922706604e-01, 6.856082081794739e-01, 7.210617661476135e-01, 7.36999273300171e-01, 7.441582679748535e-01, 7.473737597465515e-01, 7.488200664520264e-01, 7.494670152664185e-01, 7.497755289077759e-01, 7.498021721839905e-01, 7.500120997428894e-01, 7.498368620872498e-01, 4.644980430603027e-01, 3.463692665100098e-01, 2.929350435733795e-01, 2.692206501960754e-01, 2.58366197347641e-01, 2.536214590072632e-01, 2.515643835067749e-01, 2.506669461727142e-01, 2.502568662166595e-01, 2.501180171966553e-01, 2.500288784503937e-01, 2.500230967998505e-01, 2.500100433826447e-01, 6.067185997962952e-01, 6.856244802474976e-01, 7.211196422576904e-01, 7.369969487190247e-01, 7.441533803939819e-01, 7.473748326301575e-01, 7.488214373588562e-01, 7.494712471961975e-01, 7.497632503509521e-01, 7.498931884765625e-01, 7.49951958656311e-01, 7.499783039093018e-01, 4.644996523857117e-01, 3.463307917118073e-01, 2.932811379432678e-01, 2.691817283630371e-01, 2.583603262901306e-01, 2.536114454269409e-01, 2.515545189380646e-01, 2.506725192070007e-01, 2.502897381782532e-01, 2.501258552074432e-01, 2.500545978546143e-01, 2.500236928462982e-01, 2.500103116035461e-01]
conPID.y=[3.75e-01, 5.445745587348938e-01, 6.57981276512146e-01, 7.0880126953125e-01, 7.316840887069702e-01, 7.419734001159668e-01, 7.465956807136536e-01, 7.486734390258789e-01, 7.496060729026794e-01, 7.500255703926086e-01, 7.502099275588989e-01, 7.502978444099426e-01, 7.503363490104675e-01, 4.644708037376404e-01, 3.462442457675933e-01, 2.93343722820282e-01, 2.697745561599731e-01, 2.595394849777222e-01, 2.551124095916748e-01, 2.532006800174713e-01, 2.523781955242157e-01, 2.520236074924469e-01, 2.518720328807831e-01, 2.518063187599182e-01, 2.517752945423126e-01, 2.517567873001099e-01, 6.070412993431091e-01, 6.859518885612489e-01, 7.214176654815675e-01, 7.373584508895874e-01, 7.445398569107056e-01, 7.477278113365173e-01, 7.491495609283447e-01, 7.499079704284668e-01, 7.502457499504089e-01, 7.502608895301819e-01, 7.503198385238647e-01, 7.503466010093689e-01, 4.644674956798553e-01, 3.462335765361786e-01, 2.933408617973328e-01, 2.697765529155731e-01, 2.595255076885223e-01, 2.551123201847076e-01, 2.53202348947525e-01, 2.523767948150635e-01, 2.52022922039032e-01, 2.518704533576965e-01, 2.518050372600555e-01, 2.517786920070648e-01, 2.517659664154053e-01, 6.070837378501892e-01, 6.859514713287354e-01, 7.21416175365448e-01, 7.373602390289308e-01, 7.445237040519714e-01, 7.477429509162903e-01, 7.491893172264099e-01, 7.49839723110199e-01, 7.501230835914612e-01, 7.503059506416321e-01, 7.502889037132263e-01, 7.504166960716248e-01, 4.644677042961121e-01, 3.463758230209351e-01, 2.935114502906799e-01, 2.697648108005524e-01, 2.595403790473938e-01, 2.551129162311554e-01, 2.532022297382355e-01, 2.523831725120544e-01, 2.520420849323273e-01, 2.518756091594696e-01, 2.518192231655121e-01, 2.517783343791962e-01, 2.517656981945038e-01, 6.070428490638733e-01, 6.859487891197205e-01, 7.213906049728394e-01, 7.373561263084412e-01, 7.445185780525208e-01, 7.477418184280396e-01, 7.491891980171204e-01, 7.498393058776855e-01, 7.501316070556641e-01, 7.502614259719849e-01, 7.503202557563782e-01, 7.503467202186584e-01, 4.644685685634613e-01, 3.463980853557587e-01, 2.933385670185089e-01, 2.697834968566895e-01, 2.595392465591431e-01, 2.551146447658539e-01, 2.53205269575119e-01, 2.523783147335052e-01, 2.520243227481842e-01, 2.518728375434875e-01, 2.518069744110107e-01, 2.517784237861633e-01, 2.517660558223724e-01]
