last-generated=2015-04-02
floMac.m_flow=[0.00000000000000000000, 0.00000000000000000000, 0.00000000000000000000, 0.00000000000000000000, 0.00000000000000000000, 0.00000000000000000000, 0.00000000000000000000, 0.00000000000000000000, 0.00000000000000000000, 0.00000000000000000000, 0.00000000000000000000, 0.00000000000000000000, 0.00000000000000000000, 0.00000000000000000000, 0.00000000000000000000, 0.00000000000000000000, 0.00000000000000000000, 0.00000000000000000000, 0.00000000000000000000, 0.00000000000000000000, 0.00000000000000000000, 0.00000000000000000000, 0.00000000000000000000, 0.00000000000000000000, 0.00000000000000000000, 0.00000000000000000000, 0.00000000000000000000, 0.00000000000000000000, 0.00000000000000000000, 0.00000000000000000000, 0.00000000000000000000, 0.00000000000000000000, 0.00000000000000000000, 0.00000000000000000000, 0.00000000000000000000, 0.00000000000000000000, 0.00000000000000000000, 0.00000000000000000000, 0.00000000000000000000, 0.00000000000000000000, 0.00000000000000000000, 0.00000000000000000000, 0.00000000000000000000, 0.00000000000000000000, 0.00000000000000000000, 0.00000000000000000000, 0.00000000000000000000, 0.00000000000000000000, 0.00000000000000000000, 0.00000000000000000000, 2.00000000000000000000, 2.00000000000000000000, 2.00000000000000000000, 2.00000000000000000000, 2.00000000000000000000, 2.00000000000000000000, 2.00000000000000000000, 2.00000000000000000000, 2.00000000000000000000, 2.00000000000000000000, 2.00000000000000000000, 2.00000000000000000000, 2.00000000000000000000, 2.00000000000000000000, 2.00000000000000000000, 2.00000000000000000000, 2.00000000000000000000, 2.00000000000000000000, 2.00000000000000000000, 2.00000000000000000000, 2.00000000000000000000, 2.00000000000000000000, 2.00000000000000000000, 2.00000000000000000000, 2.00000000000000000000, 2.00000000000000000000, 2.00000000000000000000, 2.00000000000000000000, 2.00000000000000000000, 2.00000000000000000000, 2.00000000000000000000, 2.00000000000000000000, 2.00000000000000000000, 2.00000000000000000000, 2.00000000000000000000, 2.00000000000000000000, 2.00000000000000000000, 2.00000000000000000000, 2.00000000000000000000, 2.00000000000000000000, 2.00000000000000000000, 2.00000000000000000000, 2.00000000000000000000, 2.00000000000000000000, 2.00000000000000000000, 2.00000000000000000000, 2.00000000000000000000, 2.00000000000000000000, 2.00000000000000000000, 2.00000000000000000000, 2.00000000000000000000]
time=[0.00000000000000000000, 1.00000000000000000000]
