last-generated=2015-05-08
statistics-simulation={'numerical Jacobians': '0', 'nonlinear': '1', 'linear': ' '}
m1_flow=[1.93649172782897949219, 1.92353843402318269717, 1.9104973218071137353, 1.8973666445215511267, 1.88414441431204093824, 1.87082876366758532605, 1.85741758667224909907, 1.84390889627811405127, 1.83030058743127388432, 1.8165901948518594633, 1.80277561314206291598, 1.78885438055717083117, 1.77482391074896450611, 1.76068162240490222459, 1.74642489291208735658, 1.73205078507775689367, 1.71755635217382596203, 1.70293865661332333161, 1.68819428548500360954, 1.67332005144272266683, 1.65831242193045458322, 1.64316762762148282917, 1.62788200195176480101, 1.61245153669439922339, 1.59687198699972832117, 1.58113884925842285156, 1.5652475442651021531, 1.54919337552295321991, 1.53297102645522498321, 1.51657510883389745615, 1.49999999502745429147, 1.48323965474030816658, 1.46628783912452909099, 1.44913768459459557647, 1.43178213266340192966, 1.41421352762009888693, 1.39642405403101088623, 1.37840486436520515134, 1.36014700428254253772, 1.34164083114909749028, 1.32287561611458182043, 1.30384051113028909263, 1.28452325214735196823, 1.26491105497493361298, 1.24498999387669817551, 1.22474491443881583486, 1.20415950006774563619, 1.18321597717568072206, 1.16189503765747281783, 1.14017546225825938677, 1.11803400516510009766, 1.09544515558623434259, 1.07238054171068264431, 1.04880881149309601597, 1.02469503660895377983, 1.000000001858024401, 0.97467940700865041137, 0.94868332225917095801, 0.92195444812834570492, 0.89442719025513761633, 0.8660253925281760079, 0.83666002571652964281, 0.80622576832297909721, 0.77459667567703438529, 0.74161982736338616373, 0.70710679005406984476, 0.67082040161708400561, 0.63245553480704663762, 0.59160801789290506925, 0.54772256707418287558, 0.50000001475501199, 0.44721355302323656522, 0.38729833773817118336, 0.31622779609047374505, 0.19547315880124463416, -0., -0.19547340776662797124, -0.31622767683895142143, -0.38729833773817118336, -0.44721363622403403904, -0.49999993978713208609, -0.54772256707418287558, -0.59160801789290506925, -0.63245547562071535719, -0.67082040161708400561, -0.70710679005406984476, -0.74161977691987468475, -0.77459667567703438529, -0.8062257914020264371, -0.83666007009679688178, -0.86602537097679244127, -0.89442719025513761633, -0.92195448844504501729, -0.94868330257466060296, -0.97467941655689738223, -1.00000002972833712533, -1.02469501838801457794, -1.04880881593022357023, -1.07238056771239254061, -1.09544513428720491355, -1.11803400516510009766]
time=[-1., 1.]
