last-generated=2015-05-08
statistics-simulation={'numerical Jacobians': '0', 'nonlinear': ' ', 'linear': ' '}
cheOpaSkyCov.nOut=[0.89999997615814208984, 0.30000001192092895508, 1., 1., 0.01099999994039535522, 0.20000000298023223877, 0.01099999994039535522, 0.01099999994039535522, 0.01099999994039535522, 1., 1., 0.01099999994039535522, 0.01099999994039535522, 1., 0.01099999994039535522, 0.01099999994039535522, 1., 1., 1., 1., 1., 1., 0.01099999994039535522, 0.01099999994039535522, 1., 1., 0.10000000149011611938, 1., 1., 0.01099999994039535522, 1., 1., 0.01099999994039535522, 0.89999997615814208984, 1., 0.01099999994039535522, 0.01099999994039535522, 0.01099999994039535522, 1., 0.10000000149011611938, 0.01099999994039535522, 0.01099999994039535522, 1., 1., 1., 1., 0.01099999994039535522, 0.01099999994039535522, 1., 0.5, 1., 0.69999998807907104492, 0.01099999994039535522, 1., 1., 1., 0.5, 1., 1., 0.01099999994039535522, 0.01099999994039535522, 0.89999997615814208984, 1., 0.69999998807907104492, 1., 0.89999997615814208984, 0.20000000298023223877, 0.01099999994039535522, 0.01099999994039535522, 1., 1., 1., 0.40000000596046447754, 0.01099999994039535522, 0.01099999994039535522, 0.10000000149011611938, 0.01099999994039535522, 0.01099999994039535522, 0.01099999994039535522, 0.01099999994039535522, 0.01099999994039535522, 1., 1., 1., 0.01099999994039535522, 1., 1., 1., 1., 1., 1., 1., 1., 1., 0.5, 0.5, 0.89999997615814208984, 1., 1., 0.01099999994039535522, 0.5]
cheTotSkyCov.nOut=[0.89999997615814208984, 0.30000001192092895508, 1., 1., 0.01099999994039535522, 0.20000000298023223877, 0.01099999994039535522, 0.01099999994039535522, 0.01099999994039535522, 1., 1., 0.01099999994039535522, 0.01099999994039535522, 1., 0.01099999994039535522, 0.01099999994039535522, 1., 1., 1., 1., 1., 1., 0.30000001192092895508, 0.01099999994039535522, 1., 1., 0.10000000149011611938, 1., 1., 0.01099999994039535522, 1., 1., 0.01099999994039535522, 1., 1., 0.01099999994039535522, 0.01099999994039535522, 0.01099999994039535522, 1., 0.20000000298023223877, 0.01099999994039535522, 0.01099999994039535522, 1., 1., 1., 1., 0.01099999994039535522, 0.01099999994039535522, 1., 0.5, 1., 0.69999998807907104492, 0.01099999994039535522, 1., 1., 1., 0.5, 1., 1., 0.01099999994039535522, 0.01099999994039535522, 1., 1., 0.69999998807907104492, 1., 1., 1., 0.01099999994039535522, 0.01099999994039535522, 1., 1., 1., 0.40000000596046447754, 0.01099999994039535522, 0.01099999994039535522, 0.10000000149011611938, 0.01099999994039535522, 0.01099999994039535522, 0.01099999994039535522, 0.01099999994039535522, 0.01099999994039535522, 1., 1., 1., 0.01099999994039535522, 1., 1., 1., 1., 1., 1., 1., 1., 1., 0.5, 0.5, 1., 1., 1., 0.01099999994039535522, 0.89999997615814208984]
time=[0., 8640000.]
