last-generated=2026-09-29
statistics-initialization=
{
  "nonlinear": "1, 1, 1",
  "numerical Jacobians": "0"
}
statistics-simulation=
{
  "linear": " ",
  "nonlinear": "2, 1",
  "number of continuous time states": "10",
  "numerical Jacobians": "0"
}
time=[0e+00, 7.2e+03]
utiAir.y=[1e+00, 1e+00]
senTAir_a.T=[3.031499938964844e+02, 3.031499938964844e+02]
senTAir_b.T=[2.931499938964844e+02, 3.03384765625e+02, 3.03384765625e+02, 3.03384765625e+02, 3.03384765625e+02, 3.03384765625e+02, 3.03384765625e+02, 3.03384765625e+02, 3.03384765625e+02, 3.03384765625e+02, 3.03384765625e+02, 3.03384765625e+02, 3.03384765625e+02, 3.03384765625e+02, 3.03384765625e+02, 3.03384765625e+02, 3.03384765625e+02, 3.03384765625e+02, 3.03384765625e+02, 3.03384765625e+02, 3.03384765625e+02, 3.03384765625e+02, 3.03384765625e+02, 3.03384765625e+02, 3.03384765625e+02, 3.03384765625e+02, 3.03384765625e+02, 3.03384765625e+02, 3.03384765625e+02, 3.03384765625e+02, 3.03384765625e+02, 3.03384765625e+02, 3.03384765625e+02, 3.03384765625e+02, 3.03384765625e+02, 3.03384765625e+02, 3.03384765625e+02, 3.03384765625e+02, 3.03384765625e+02, 3.03384765625e+02, 3.03384765625e+02, 3.03384765625e+02, 3.03384765625e+02, 3.03384765625e+02, 3.03384765625e+02, 3.03384765625e+02, 3.03384765625e+02, 3.03384765625e+02, 3.03384765625e+02, 3.03384765625e+02, 3.03384765625e+02, 3.03384765625e+02, 3.03384765625e+02, 3.03384765625e+02, 3.03384765625e+02, 3.03384765625e+02, 3.03384765625e+02, 3.03384765625e+02, 3.03384765625e+02, 3.03384765625e+02, 3.03384765625e+02, 3.03384765625e+02, 3.03384765625e+02, 3.03384765625e+02, 3.03384765625e+02, 3.03384765625e+02, 3.03384765625e+02, 3.03384765625e+02, 3.03384765625e+02, 3.03384765625e+02, 3.03384765625e+02, 3.03384765625e+02, 3.03384765625e+02, 3.03384765625e+02, 3.03384765625e+02, 3.03384765625e+02, 3.03384765625e+02, 3.03384765625e+02, 3.03384765625e+02, 3.03384765625e+02, 3.03384765625e+02, 3.03384765625e+02, 3.03384765625e+02, 3.03384765625e+02, 3.03384765625e+02, 3.03384765625e+02, 3.03384765625e+02, 3.03384765625e+02, 3.03384765625e+02, 3.03384765625e+02, 3.03384765625e+02, 3.03384765625e+02, 3.03384765625e+02, 3.03384765625e+02, 3.03384765625e+02, 3.03384765625e+02, 3.03384765625e+02, 3.03384765625e+02, 3.03384765625e+02, 3.03384765625e+02, 3.03384765625e+02]
rac.PAirTot=[6.336e+04, 6.58980546875e+04, 6.58980546875e+04, 6.58980546875e+04, 6.58980546875e+04, 6.58980546875e+04, 6.58980546875e+04, 6.58980546875e+04, 6.58980546875e+04, 6.58980546875e+04, 6.58980546875e+04, 6.58980546875e+04, 6.58980546875e+04, 6.58980546875e+04, 6.58980546875e+04, 6.58980546875e+04, 6.58980546875e+04, 6.58980546875e+04, 6.58980546875e+04, 6.58980546875e+04, 6.58980546875e+04, 6.58980546875e+04, 6.58980546875e+04, 6.58980546875e+04, 6.58980546875e+04, 6.58980546875e+04, 6.58980546875e+04, 6.58980546875e+04, 6.58980546875e+04, 6.58980546875e+04, 6.58980546875e+04, 6.58980546875e+04, 6.58980546875e+04, 6.58980546875e+04, 6.58980546875e+04, 6.58980546875e+04, 6.58980546875e+04, 6.58980546875e+04, 6.58980546875e+04, 6.58980546875e+04, 6.58980546875e+04, 6.58980546875e+04, 6.58980546875e+04, 6.58980546875e+04, 6.58980546875e+04, 6.58980546875e+04, 6.58980546875e+04, 6.58980546875e+04, 6.58980546875e+04, 6.58980546875e+04, 6.58980546875e+04, 6.58980546875e+04, 6.58980546875e+04, 6.58980546875e+04, 6.58980546875e+04, 6.58980546875e+04, 6.58980546875e+04, 6.58980546875e+04, 6.58980546875e+04, 6.58980546875e+04, 6.58980546875e+04, 6.58980546875e+04, 6.58980546875e+04, 6.58980546875e+04, 6.58980546875e+04, 6.58980546875e+04, 6.58980546875e+04, 6.58980546875e+04, 6.58980546875e+04, 6.58980546875e+04, 6.58980546875e+04, 6.58980546875e+04, 6.58980546875e+04, 6.58980546875e+04, 6.58980546875e+04, 6.58980546875e+04, 6.58980546875e+04, 6.58980546875e+04, 6.58980546875e+04, 6.58980546875e+04, 6.58980546875e+04, 6.58980546875e+04, 6.58980546875e+04, 6.58980546875e+04, 6.58980546875e+04, 6.58980546875e+04, 6.58980546875e+04, 6.58980546875e+04, 6.58980546875e+04, 6.58980546875e+04, 6.58980546875e+04, 6.58980546875e+04, 6.58980546875e+04, 6.58980546875e+04, 6.58980546875e+04, 6.58980546875e+04, 6.58980546875e+04, 6.58980546875e+04, 6.58980546875e+04, 6.58980546875e+04, 6.58980546875e+04]
rac.PAirFan=[0e+00, 2.538053466796875e+03, 2.538053466796875e+03, 2.538053466796875e+03, 2.538053466796875e+03, 2.538053466796875e+03, 2.538053466796875e+03, 2.538053466796875e+03, 2.538053466796875e+03, 2.538053466796875e+03, 2.538053466796875e+03, 2.538053466796875e+03, 2.538053466796875e+03, 2.538053466796875e+03, 2.538053466796875e+03, 2.538053466796875e+03, 2.538053466796875e+03, 2.538053466796875e+03, 2.538053466796875e+03, 2.538053466796875e+03, 2.538053466796875e+03, 2.538053466796875e+03, 2.538053466796875e+03, 2.538053466796875e+03, 2.538053466796875e+03, 2.538053466796875e+03, 2.538053466796875e+03, 2.538053466796875e+03, 2.538053466796875e+03, 2.538053466796875e+03, 2.538053466796875e+03, 2.538053466796875e+03, 2.538053466796875e+03, 2.538053466796875e+03, 2.538053466796875e+03, 2.538053466796875e+03, 2.538053466796875e+03, 2.538053466796875e+03, 2.538053466796875e+03, 2.538053466796875e+03, 2.538053466796875e+03, 2.538053466796875e+03, 2.538053466796875e+03, 2.538053466796875e+03, 2.538053466796875e+03, 2.538053466796875e+03, 2.538053466796875e+03, 2.538053466796875e+03, 2.538053466796875e+03, 2.538053466796875e+03, 2.538053466796875e+03, 2.538053466796875e+03, 2.538053466796875e+03, 2.538053466796875e+03, 2.538053466796875e+03, 2.538053466796875e+03, 2.538053466796875e+03, 2.538053466796875e+03, 2.538053466796875e+03, 2.538053466796875e+03, 2.538053466796875e+03, 2.538053466796875e+03, 2.538053466796875e+03, 2.538053466796875e+03, 2.538053466796875e+03, 2.538053466796875e+03, 2.538053466796875e+03, 2.538053466796875e+03, 2.538053466796875e+03, 2.538053466796875e+03, 2.538053466796875e+03, 2.538053466796875e+03, 2.538053466796875e+03, 2.538053466796875e+03, 2.538053466796875e+03, 2.538053466796875e+03, 2.538053466796875e+03, 2.538053466796875e+03, 2.538053466796875e+03, 2.538053466796875e+03, 2.538053466796875e+03, 2.538053466796875e+03, 2.538053466796875e+03, 2.538053466796875e+03, 2.538053466796875e+03, 2.538053466796875e+03, 2.538053466796875e+03, 2.538053466796875e+03, 2.538053466796875e+03, 2.538053466796875e+03, 2.538053466796875e+03, 2.538053466796875e+03, 2.538053466796875e+03, 2.538053466796875e+03, 2.538053466796875e+03, 2.538053466796875e+03, 2.538053466796875e+03, 2.538053466796875e+03, 2.538053466796875e+03, 2.538053466796875e+03, 2.538053466796875e+03]
rac.PReaDooHexFan=[0e+00, 1.54845556640625e+03, 1.54845556640625e+03, 1.54845556640625e+03, 1.54845556640625e+03, 1.54845556640625e+03, 1.54845556640625e+03, 1.54845556640625e+03, 1.54845556640625e+03, 1.54845556640625e+03, 1.54845556640625e+03, 1.54845556640625e+03, 1.54845556640625e+03, 1.54845556640625e+03, 1.54845556640625e+03, 1.54845556640625e+03, 1.54845556640625e+03, 1.54845556640625e+03, 1.54845556640625e+03, 1.54845556640625e+03, 1.54845556640625e+03, 1.54845556640625e+03, 1.54845556640625e+03, 1.54845556640625e+03, 1.54845556640625e+03, 1.54845556640625e+03, 1.54845556640625e+03, 1.54845556640625e+03, 1.54845556640625e+03, 1.54845556640625e+03, 1.54845556640625e+03, 1.54845556640625e+03, 1.54845556640625e+03, 1.54845556640625e+03, 1.54845556640625e+03, 1.54845556640625e+03, 1.54845556640625e+03, 1.54845556640625e+03, 1.54845556640625e+03, 1.54845556640625e+03, 1.54845556640625e+03, 1.54845556640625e+03, 1.54845556640625e+03, 1.54845556640625e+03, 1.54845556640625e+03, 1.54845556640625e+03, 1.54845556640625e+03, 1.54845556640625e+03, 1.54845556640625e+03, 1.54845556640625e+03, 1.54845556640625e+03, 1.54845556640625e+03, 1.54845556640625e+03, 1.54845556640625e+03, 1.54845556640625e+03, 1.54845556640625e+03, 1.54845556640625e+03, 1.54845556640625e+03, 1.54845556640625e+03, 1.54845556640625e+03, 1.54845556640625e+03, 1.54845556640625e+03, 1.54845556640625e+03, 1.54845556640625e+03, 1.54845556640625e+03, 1.54845556640625e+03, 1.54845556640625e+03, 1.54845556640625e+03, 1.54845556640625e+03, 1.54845556640625e+03, 1.54845556640625e+03, 1.54845556640625e+03, 1.54845556640625e+03, 1.54845556640625e+03, 1.54845556640625e+03, 1.54845556640625e+03, 1.54845556640625e+03, 1.54845556640625e+03, 1.54845556640625e+03, 1.54845556640625e+03, 1.54845556640625e+03, 1.54845556640625e+03, 1.54845556640625e+03, 1.54845556640625e+03, 1.54845556640625e+03, 1.54845556640625e+03, 1.54845556640625e+03, 1.54845556640625e+03, 1.54845556640625e+03, 1.54845556640625e+03, 1.54845556640625e+03, 1.54845556640625e+03, 1.54845556640625e+03, 1.54845556640625e+03, 1.54845556640625e+03, 1.54845556640625e+03, 1.54845556640625e+03, 1.54845556640625e+03, 1.54845556640625e+03, 1.54845556640625e+03, 1.54845556640625e+03]
