last-generated=2026-10-10
statistics-initialization=
{
  "linear": "0, 0, 0, 0, 0, 0",
  "nonlinear": "0, 0, 0, 0, 0, 0, 0, 0, 0, 0, 0, 0, 0, 0, 0, 0, 0, 0, 0, 0, 0, 0, 0, 0",
  "numerical Jacobians": "0"
}
statistics-simulation=
{
  "linear": "0, 0, 0, 0, 0, 0, 0, 0, 0, 0",
  "nonlinear": "0, 0, 0, 0",
  "number of continuous time states": "36",
  "numerical Jacobians": "0"
}
time=[7.344e+06, 7.776e+06]
flo.TAirCor=[2.751499938964844e+02, 2.947670593261719e+02, 2.946196899414062e+02, 2.945827026367188e+02, 2.945663757324219e+02, 2.944132080078125e+02, 2.957622985839844e+02, 2.964292907714844e+02, 2.96897216796875e+02, 2.972901306152344e+02, 2.975899353027344e+02, 2.982559814453125e+02, 2.986063537597656e+02, 2.987854309082031e+02, 2.977342834472656e+02, 2.969294738769531e+02, 2.96404052734375e+02, 2.960854797363281e+02, 2.958932495117188e+02, 2.955765686035156e+02, 2.953657836914062e+02, 2.952172241210938e+02, 2.949063415527344e+02, 2.946307983398438e+02, 2.942864379882812e+02, 2.940534362792969e+02, 2.955408630371094e+02, 2.962997131347656e+02, 2.965002136230469e+02, 2.968448791503906e+02, 2.966981811523438e+02, 2.969989013671875e+02, 2.969035034179688e+02, 2.97092529296875e+02, 2.9597607421875e+02, 2.952572021484375e+02, 2.949226684570312e+02, 2.946246948242188e+02, 2.943578796386719e+02, 2.941331787109375e+02, 2.93914794921875e+02, 2.938037109375e+02, 2.9364306640625e+02, 2.93544189453125e+02, 2.935270690917969e+02, 2.9352587890625e+02, 2.945527038574219e+02, 2.954428405761719e+02, 2.959640502929688e+02, 2.963974609375e+02, 2.964022827148438e+02, 2.969800720214844e+02, 2.97086181640625e+02, 2.969317016601562e+02, 2.954519348144531e+02, 2.94679931640625e+02, 2.942128295898438e+02, 2.937792358398438e+02, 2.936459350585938e+02, 2.936038513183594e+02, 2.935664367675781e+02, 2.935386352539062e+02, 2.935158081054688e+02, 2.934933471679688e+02, 2.934823913574219e+02, 2.93485107421875e+02, 2.939033203125e+02, 2.94482421875e+02, 2.947497253417969e+02, 2.947268371582031e+02, 2.945452270507812e+02, 2.947978515625e+02, 2.948962097167969e+02, 2.946526184082031e+02, 2.939999389648438e+02, 2.936288452148438e+02, 2.935692749023438e+02, 2.935418701171875e+02, 2.935111694335938e+02, 2.934813537597656e+02, 2.9344873046875e+02, 2.934266967773438e+02, 2.933918762207031e+02, 2.933345642089844e+02, 2.933816833496094e+02, 2.933943176269531e+02, 2.938318481445312e+02, 2.941964721679688e+02, 2.94475830078125e+02, 2.947479858398438e+02, 2.946240844726562e+02, 2.948988342285156e+02, 2.946104431152344e+02, 2.944452819824219e+02, 2.93731689453125e+02, 2.935853881835938e+02, 2.935348205566406e+02, 2.935133056640625e+02, 2.934542236328125e+02, 2.93451904296875e+02, 2.933774719238281e+02]
flo.TAirSou=[2.751499938964844e+02, 2.942062377929688e+02, 2.940384826660156e+02, 2.940445556640625e+02, 2.940680236816406e+02, 2.938294067382812e+02, 2.951968994140625e+02, 2.959198913574219e+02, 2.96394287109375e+02, 2.969333801269531e+02, 2.980115966796875e+02, 2.987904357910156e+02, 2.990084228515625e+02, 2.990563354492188e+02, 2.978361511230469e+02, 2.967594299316406e+02, 2.961868591308594e+02, 2.958504943847656e+02, 2.956553344726562e+02, 2.953725891113281e+02, 2.950247497558594e+02, 2.947782592773438e+02, 2.944682312011719e+02, 2.944007568359375e+02, 2.939412536621094e+02, 2.937247314453125e+02, 2.951254272460938e+02, 2.958892822265625e+02, 2.961579895019531e+02, 2.965320129394531e+02, 2.963717041015625e+02, 2.967021789550781e+02, 2.966149291992188e+02, 2.967581481933594e+02, 2.955802307128906e+02, 2.948430786132812e+02, 2.9450927734375e+02, 2.942002868652344e+02, 2.93937744140625e+02, 2.937451171875e+02, 2.935693054199219e+02, 2.934591064453125e+02, 2.932540283203125e+02, 2.931496276855469e+02, 2.931497802734375e+02, 2.931498413085938e+02, 2.941345520019531e+02, 2.950415954589844e+02, 2.956155700683594e+02, 2.961279602050781e+02, 2.962042541503906e+02, 2.967893981933594e+02, 2.969156494140625e+02, 2.966144409179688e+02, 2.951376953125e+02, 2.942807312011719e+02, 2.937976379394531e+02, 2.933802795410156e+02, 2.931487731933594e+02, 2.931499633789062e+02, 2.931499938964844e+02, 2.931490173339844e+02, 2.931495666503906e+02, 2.931497497558594e+02, 2.931499633789062e+02, 2.931499938964844e+02, 2.934942016601562e+02, 2.94072265625e+02, 2.944078369140625e+02, 2.945631103515625e+02, 2.943548278808594e+02, 2.947679138183594e+02, 2.9480419921875e+02, 2.945956420898438e+02, 2.93594970703125e+02, 2.931501770019531e+02, 2.931481018066406e+02, 2.931495361328125e+02, 2.931498107910156e+02, 2.9314990234375e+02, 2.931499938964844e+02, 2.93149169921875e+02, 2.931496887207031e+02, 2.931497497558594e+02, 2.931500244140625e+02, 2.931500549316406e+02, 2.932968444824219e+02, 2.936283264160156e+02, 2.936985168457031e+02, 2.939708862304688e+02, 2.940406494140625e+02, 2.942818908691406e+02, 2.9369189453125e+02, 2.935958251953125e+02, 2.93149658203125e+02, 2.931490173339844e+02, 2.931492919921875e+02, 2.931572265625e+02, 2.931499938964844e+02, 2.931499328613281e+02, 2.931499328613281e+02]
flo.TAirNor=[2.751499938964844e+02, 2.945412292480469e+02, 2.944231262207031e+02, 2.943778076171875e+02, 2.943517456054688e+02, 2.942066650390625e+02, 2.955271606445312e+02, 2.961916198730469e+02, 2.966170959472656e+02, 2.970364990234375e+02, 2.972850341796875e+02, 2.979444885253906e+02, 2.983109741210938e+02, 2.984776306152344e+02, 2.9744970703125e+02, 2.965838928222656e+02, 2.960380859375e+02, 2.957192993164062e+02, 2.9553955078125e+02, 2.952634887695312e+02, 2.950311889648438e+02, 2.949346313476562e+02, 2.947239074707031e+02, 2.940160217285156e+02, 2.937482299804688e+02, 2.934198913574219e+02, 2.950984802246094e+02, 2.9582470703125e+02, 2.959116821289062e+02, 2.962809753417969e+02, 2.962503356933594e+02, 2.964350280761719e+02, 2.961586608886719e+02, 2.966535339355469e+02, 2.955303039550781e+02, 2.948177795410156e+02, 2.944939575195312e+02, 2.941939392089844e+02, 2.939327087402344e+02, 2.937436218261719e+02, 2.935674743652344e+02, 2.934534301757812e+02, 2.932604675292969e+02, 2.931496276855469e+02, 2.931498107910156e+02, 2.931498413085938e+02, 2.941393127441406e+02, 2.95006591796875e+02, 2.955490112304688e+02, 2.960109252929688e+02, 2.96045654296875e+02, 2.966190795898438e+02, 2.965649719238281e+02, 2.965311889648438e+02, 2.949708862304688e+02, 2.942660522460938e+02, 2.93802978515625e+02, 2.931478881835938e+02, 2.931478881835938e+02, 2.931508178710938e+02, 2.931499633789062e+02, 2.931481018066406e+02, 2.931495666503906e+02, 2.931487731933594e+02, 2.931504821777344e+02, 2.931500854492188e+02, 2.931578369140625e+02, 2.940435180664062e+02, 2.943487243652344e+02, 2.939989624023438e+02, 2.939689025878906e+02, 2.940050964355469e+02, 2.940982360839844e+02, 2.937829284667969e+02, 2.934869079589844e+02, 2.931498718261719e+02, 2.931504821777344e+02, 2.931495971679688e+02, 2.9314990234375e+02, 2.931498718261719e+02, 2.931499938964844e+02, 2.931492614746094e+02, 2.931497192382812e+02, 2.931497497558594e+02, 2.931500244140625e+02, 2.931500854492188e+02, 2.933242492675781e+02, 2.937532958984375e+02, 2.941195373535156e+02, 2.944562377929688e+02, 2.943431396484375e+02, 2.946116638183594e+02, 2.94522705078125e+02, 2.943507080078125e+02, 2.932449951171875e+02, 2.931499938964844e+02, 2.931483154296875e+02, 2.931495971679688e+02, 2.931499938964844e+02, 2.931499328613281e+02, 2.931499328613281e+02]
flo.TAirEas=[2.751499938964844e+02, 2.945115661621094e+02, 2.943906860351562e+02, 2.943414001464844e+02, 2.943118286132812e+02, 2.941660766601562e+02, 2.955032043457031e+02, 2.961459045410156e+02, 2.965748596191406e+02, 2.970303955078125e+02, 2.972720947265625e+02, 2.979501342773438e+02, 2.983183288574219e+02, 2.984693298339844e+02, 2.974402160644531e+02, 2.965440063476562e+02, 2.959957885742188e+02, 2.956750183105469e+02, 2.95489990234375e+02, 2.94936767578125e+02, 2.949690856933594e+02, 2.948829956054688e+02, 2.946835632324219e+02, 2.943128356933594e+02, 2.93841552734375e+02, 2.936505737304688e+02, 2.951380615234375e+02, 2.958201904296875e+02, 2.960663757324219e+02, 2.963963928222656e+02, 2.96156494140625e+02, 2.963526000976562e+02, 2.964770812988281e+02, 2.962268981933594e+02, 2.954365234375e+02, 2.947560424804688e+02, 2.944302368164062e+02, 2.941256408691406e+02, 2.938639831542969e+02, 2.936768188476562e+02, 2.935056457519531e+02, 2.933967590332031e+02, 2.931925048828125e+02, 2.931496887207031e+02, 2.931498107910156e+02, 2.931498107910156e+02, 2.940933837890625e+02, 2.949927368164062e+02, 2.955389404296875e+02, 2.959895935058594e+02, 2.960231323242188e+02, 2.965928955078125e+02, 2.967236022949219e+02, 2.961341857910156e+02, 2.945701293945312e+02, 2.938727722167969e+02, 2.9335791015625e+02, 2.931555480957031e+02, 2.931493225097656e+02, 2.931499938964844e+02, 2.931499938964844e+02, 2.931491088867188e+02, 2.931495361328125e+02, 2.931449584960938e+02, 2.931507873535156e+02, 2.931501159667969e+02, 2.931547241210938e+02, 2.934269104003906e+02, 2.935669555664062e+02, 2.936935424804688e+02, 2.934731750488281e+02, 2.937763366699219e+02, 2.938684387207031e+02, 2.935397338867188e+02, 2.931522827148438e+02, 2.931513671875e+02, 2.931471252441406e+02, 2.931488952636719e+02, 2.931517028808594e+02, 2.931504821777344e+02, 2.931495666503906e+02, 2.931484375e+02, 2.931497802734375e+02, 2.93148681640625e+02, 2.931532592773438e+02, 2.93151123046875e+02, 2.931592407226562e+02, 2.933851013183594e+02, 2.940692443847656e+02, 2.944054260253906e+02, 2.942827758789062e+02, 2.945359802246094e+02, 2.944486389160156e+02, 2.942608337402344e+02, 2.931535034179688e+02, 2.931499938964844e+02, 2.931481323242188e+02, 2.931495361328125e+02, 2.931499938964844e+02, 2.931499328613281e+02, 2.931499633789062e+02]
flo.TAirWes=[2.751499938964844e+02, 2.945852661132812e+02, 2.944867248535156e+02, 2.944265747070312e+02, 2.943912963867188e+02, 2.942383728027344e+02, 2.955001831054688e+02, 2.958330993652344e+02, 2.965838012695312e+02, 2.96772216796875e+02, 2.970529174804688e+02, 2.976943664550781e+02, 2.982815856933594e+02, 2.986322021484375e+02, 2.974081726074219e+02, 2.9673388671875e+02, 2.961103210449219e+02, 2.957754821777344e+02, 2.955900268554688e+02, 2.9531982421875e+02, 2.950816040039062e+02, 2.949859008789062e+02, 2.94367919921875e+02, 2.94283447265625e+02, 2.939117431640625e+02, 2.937029724121094e+02, 2.950596618652344e+02, 2.958091125488281e+02, 2.960848083496094e+02, 2.964144287109375e+02, 2.962453308105469e+02, 2.965786437988281e+02, 2.965364074707031e+02, 2.967032775878906e+02, 2.955358581542969e+02, 2.948023071289062e+02, 2.944624938964844e+02, 2.941549682617188e+02, 2.938880004882812e+02, 2.935439758300781e+02, 2.932141418457031e+02, 2.931642456054688e+02, 2.9314990234375e+02, 2.931510009765625e+02, 2.931498413085938e+02, 2.931498107910156e+02, 2.939375305175781e+02, 2.949219360351562e+02, 2.954739990234375e+02, 2.95948486328125e+02, 2.959993591308594e+02, 2.965858764648438e+02, 2.967728271484375e+02, 2.96523681640625e+02, 2.951162109375e+02, 2.942747497558594e+02, 2.937587585449219e+02, 2.933508911132812e+02, 2.931493530273438e+02, 2.931499633789062e+02, 2.931499938964844e+02, 2.931490173339844e+02, 2.931495666503906e+02, 2.931497497558594e+02, 2.931499938964844e+02, 2.931499938964844e+02, 2.934264831542969e+02, 2.939780883789062e+02, 2.942866821289062e+02, 2.94403564453125e+02, 2.941839904785156e+02, 2.945669860839844e+02, 2.946909790039062e+02, 2.945507202148438e+02, 2.935780029296875e+02, 2.931501770019531e+02, 2.931480407714844e+02, 2.931495666503906e+02, 2.931498718261719e+02, 2.9314990234375e+02, 2.931499938964844e+02, 2.93149169921875e+02, 2.931496887207031e+02, 2.931498107910156e+02, 2.931500549316406e+02, 2.931500854492188e+02, 2.932207946777344e+02, 2.936681213378906e+02, 2.94041259765625e+02, 2.942108459472656e+02, 2.938377685546875e+02, 2.938805847167969e+02, 2.938084716796875e+02, 2.933882141113281e+02, 2.931466979980469e+02, 2.931495056152344e+02, 2.931493530273438e+02, 2.931445617675781e+02, 2.931508483886719e+02, 2.931508483886719e+02, 2.931508483886719e+02]
hea[1].conPID.y=[1e+00, 0e+00, 0e+00, 0e+00, 0e+00, 0e+00, 0e+00, 0e+00, 0e+00, 0e+00, 0e+00, 0e+00, 0e+00, 0e+00, 0e+00, 0e+00, 0e+00, 0e+00, 0e+00, 0e+00, 0e+00, 0e+00, 0e+00, 0e+00, 0e+00, 0e+00, 0e+00, 0e+00, 0e+00, 0e+00, 0e+00, 0e+00, 0e+00, 0e+00, 0e+00, 0e+00, 0e+00, 0e+00, 0e+00, 0e+00, 0e+00, 0e+00, 0e+00, 1.634765416383743e-02, 3.260323032736778e-02, 4.076915979385376e-02, 0e+00, 0e+00, 0e+00, 0e+00, 0e+00, 0e+00, 0e+00, 0e+00, 0e+00, 0e+00, 0e+00, 0e+00, 2.170627936720848e-03, 2.997911721467972e-02, 5.461259931325912e-02, 6.982536613941193e-02, 8.221244812011719e-02, 9.802834689617157e-02, 1.086659654974937e-01, 1.089524328708649e-01, 0e+00, 0e+00, 0e+00, 0e+00, 0e+00, 0e+00, 0e+00, 0e+00, 0e+00, 6.957974750548601e-03, 5.500224605202675e-02, 7.249177992343903e-02, 9.074120223522186e-02, 1.094484254717827e-01, 1.263068467378616e-01, 1.395231038331985e-01, 1.521032005548477e-01, 1.640792340040207e-01, 1.613519787788391e-01, 1.526547223329544e-01, 0e+00, 0e+00, 0e+00, 0e+00, 0e+00, 0e+00, 0e+00, 0e+00, 9.556730836629868e-02, 2.290032207965851e-01, 2.864400744438171e-01, 2.050027549266815e-01, 1.411771476268768e-01, 1.558995693922043e-01, 1.858408898115158e-01]
hea[2].conPID.y=[1e+00, 0e+00, 0e+00, 0e+00, 0e+00, 0e+00, 0e+00, 0e+00, 0e+00, 0e+00, 0e+00, 0e+00, 0e+00, 0e+00, 0e+00, 0e+00, 0e+00, 0e+00, 0e+00, 0e+00, 0e+00, 0e+00, 0e+00, 0e+00, 0e+00, 0e+00, 0e+00, 0e+00, 0e+00, 0e+00, 0e+00, 0e+00, 0e+00, 0e+00, 0e+00, 0e+00, 0e+00, 0e+00, 0e+00, 0e+00, 0e+00, 0e+00, 0e+00, 2.671438828110695e-02, 4.237337782979012e-02, 4.286742955446243e-02, 0e+00, 0e+00, 0e+00, 0e+00, 0e+00, 0e+00, 0e+00, 0e+00, 0e+00, 0e+00, 0e+00, 0e+00, 2.037162892520428e-02, 4.460201784968376e-02, 6.693743169307709e-02, 8.019427955150604e-02, 9.22255665063858e-02, 1.796087175607681e-01, 2.129605561494827e-01, 1.807680875062943e-01, 8.802607655525208e-03, 0e+00, 0e+00, 0e+00, 0e+00, 0e+00, 0e+00, 0e+00, 1.357294321060181e-01, 1.758197844028473e-01, 2.316039502620697e-01, 2.977264523506165e-01, 2.96478807926178e-01, 2.893127202987671e-01, 3.018194139003754e-01, 3.440349996089935e-01, 3.709217607975006e-01, 3.952422440052032e-01, 3.419463336467743e-01, 3.388605713844299e-01, 7.359948009252548e-02, 0e+00, 0e+00, 0e+00, 0e+00, 0e+00, 0e+00, 0e+00, 0e+00, 7.043696194887161e-02, 1.049088984727859e-01, 1.240708008408546e-01, 1.445424109697342e-01, 1.601851284503937e-01, 1.8963223695755e-01]
hea[3].conPID.y=[1e+00, 0e+00, 0e+00, 0e+00, 0e+00, 0e+00, 0e+00, 0e+00, 0e+00, 0e+00, 0e+00, 0e+00, 0e+00, 0e+00, 0e+00, 0e+00, 0e+00, 0e+00, 0e+00, 0e+00, 0e+00, 0e+00, 0e+00, 0e+00, 0e+00, 0e+00, 0e+00, 0e+00, 0e+00, 0e+00, 0e+00, 0e+00, 0e+00, 0e+00, 0e+00, 0e+00, 0e+00, 0e+00, 0e+00, 0e+00, 0e+00, 0e+00, 0e+00, 1.408287603408098e-02, 2.93961837887764e-02, 3.700552508234978e-02, 0e+00, 0e+00, 0e+00, 0e+00, 0e+00, 0e+00, 0e+00, 0e+00, 0e+00, 0e+00, 0e+00, 5.37562370300293e-02, 1.249817758798599e-01, 1.414843499660492e-01, 1.883540004491806e-01, 1.713659912347794e-01, 2.053013145923615e-01, 2.284378707408905e-01, 2.33593076467514e-01, 2.07395076751709e-01, 1.327025331556797e-02, 0e+00, 0e+00, 0e+00, 0e+00, 0e+00, 0e+00, 0e+00, 0e+00, 6.244795769453049e-02, 9.501037001609802e-02, 7.50773698091507e-02, 9.024330973625183e-02, 1.090777665376663e-01, 1.24817967414856e-01, 1.369376927614212e-01, 1.472553461790085e-01, 1.581820845603943e-01, 1.537773758172989e-01, 1.447065472602844e-01, 0e+00, 0e+00, 0e+00, 0e+00, 0e+00, 0e+00, 0e+00, 0e+00, 0e+00, 5.177859961986542e-02, 8.58641117811203e-02, 1.037781089544296e-01, 1.244184970855713e-01, 1.392214149236679e-01, 1.694919914007187e-01]
hea[4].conPID.y=[1e+00, 0e+00, 0e+00, 0e+00, 0e+00, 0e+00, 0e+00, 0e+00, 0e+00, 0e+00, 0e+00, 0e+00, 0e+00, 0e+00, 0e+00, 0e+00, 0e+00, 0e+00, 0e+00, 0e+00, 0e+00, 0e+00, 0e+00, 0e+00, 0e+00, 0e+00, 0e+00, 0e+00, 0e+00, 0e+00, 0e+00, 0e+00, 0e+00, 0e+00, 0e+00, 0e+00, 0e+00, 0e+00, 0e+00, 0e+00, 0e+00, 0e+00, 6.335529685020447e-02, 5.543450266122818e-02, 4.140141606330872e-02, 4.916797205805779e-02, 0e+00, 0e+00, 0e+00, 0e+00, 0e+00, 0e+00, 0e+00, 0e+00, 0e+00, 0e+00, 0e+00, 0e+00, 9.470255114138126e-03, 3.681661188602448e-02, 6.002968177199364e-02, 7.50231072306633e-02, 8.703500032424927e-02, 1.027591675519943e-01, 1.136118844151497e-01, 1.147281005978584e-01, 0e+00, 0e+00, 0e+00, 0e+00, 0e+00, 0e+00, 0e+00, 0e+00, 0e+00, 1.091490965336561e-02, 6.513316184282303e-02, 8.161905407905579e-02, 9.891559183597565e-02, 1.180456578731537e-01, 1.343690603971481e-01, 1.472299546003342e-01, 1.580804586410522e-01, 1.689453125e-01, 1.670445203781128e-01, 1.585810929536819e-01, 0e+00, 0e+00, 0e+00, 0e+00, 0e+00, 0e+00, 0e+00, 0e+00, 2.178434878587723e-01, 2.72292822599411e-01, 3.327852189540863e-01, 3.296257853507996e-01, 3.924111723899841e-01, 3.743368983268738e-01, 3.701113760471344e-01]
hea[5].conPID.y=[1e+00, 0e+00, 0e+00, 0e+00, 0e+00, 0e+00, 0e+00, 0e+00, 0e+00, 0e+00, 0e+00, 0e+00, 0e+00, 0e+00, 0e+00, 0e+00, 0e+00, 0e+00, 0e+00, 0e+00, 0e+00, 0e+00, 0e+00, 0e+00, 0e+00, 0e+00, 0e+00, 0e+00, 0e+00, 0e+00, 0e+00, 0e+00, 0e+00, 0e+00, 0e+00, 0e+00, 0e+00, 0e+00, 0e+00, 0e+00, 0e+00, 0e+00, 0e+00, 0e+00, 0e+00, 0e+00, 0e+00, 0e+00, 0e+00, 0e+00, 0e+00, 0e+00, 0e+00, 0e+00, 0e+00, 0e+00, 0e+00, 0e+00, 0e+00, 0e+00, 0e+00, 0e+00, 0e+00, 0e+00, 0e+00, 0e+00, 0e+00, 0e+00, 0e+00, 0e+00, 0e+00, 0e+00, 0e+00, 0e+00, 0e+00, 0e+00, 0e+00, 0e+00, 0e+00, 0e+00, 0e+00, 0e+00, 0e+00, 0e+00, 0e+00, 0e+00, 0e+00, 0e+00, 0e+00, 0e+00, 0e+00, 0e+00, 0e+00, 0e+00, 0e+00, 0e+00, 0e+00, 0e+00, 0e+00, 0e+00, 0e+00]
flo.sou.heaPorAir.Q_flow=[7.9415e+03, 0e+00, 0e+00, 0e+00, 0e+00, 0e+00, 0e+00, 0e+00, 0e+00, 0e+00, 0e+00, 0e+00, 0e+00, 0e+00, 0e+00, 0e+00, 0e+00, 0e+00, 0e+00, 0e+00, 0e+00, 0e+00, 0e+00, 0e+00, 0e+00, 0e+00, 0e+00, 0e+00, 0e+00, 0e+00, 0e+00, 0e+00, 0e+00, 0e+00, 0e+00, 0e+00, 0e+00, 0e+00, 0e+00, 0e+00, 0e+00, 0e+00, 0e+00, 1.298249053955078e+02, 2.589185485839844e+02, 3.237682800292969e+02, 0e+00, 0e+00, 0e+00, 0e+00, 0e+00, 0e+00, 0e+00, 0e+00, 0e+00, 0e+00, 0e+00, 0e+00, 1.72380428314209e+01, 2.380791625976562e+02, 4.337059631347656e+02, 5.545181884765625e+02, 6.5289013671875e+02, 7.784921264648438e+02, 8.629707641601562e+02, 8.652457885742188e+02, 0e+00, 0e+00, 0e+00, 0e+00, 0e+00, 0e+00, 0e+00, 0e+00, 0e+00, 5.525675582885742e+01, 4.368003234863281e+02, 5.756934814453125e+02, 7.206212768554688e+02, 8.691846313476562e+02, 1.003065795898438e+03, 1.108022827148438e+03, 1.207927490234375e+03, 1.303035278320312e+03, 1.281376708984375e+03, 1.212307495117188e+03, 0e+00, 0e+00, 0e+00, 0e+00, 0e+00, 0e+00, 0e+00, 0e+00, 7.5894775390625e+02, 1.818629150390625e+03, 2.274763671875e+03, 1.628029418945312e+03, 1.121158325195312e+03, 1.238076416015625e+03, 1.475855346679688e+03]
flo.eas.heaPorAir.Q_flow=[4.711e+03, 0e+00, 0e+00, 0e+00, 0e+00, 0e+00, 0e+00, 0e+00, 0e+00, 0e+00, 0e+00, 0e+00, 0e+00, 0e+00, 0e+00, 0e+00, 0e+00, 0e+00, 0e+00, 0e+00, 0e+00, 0e+00, 0e+00, 0e+00, 0e+00, 0e+00, 0e+00, 0e+00, 0e+00, 0e+00, 0e+00, 0e+00, 0e+00, 0e+00, 0e+00, 0e+00, 0e+00, 0e+00, 0e+00, 0e+00, 0e+00, 0e+00, 0e+00, 1.258514862060547e+02, 1.996209869384766e+02, 2.019484710693359e+02, 0e+00, 0e+00, 0e+00, 0e+00, 0e+00, 0e+00, 0e+00, 0e+00, 0e+00, 0e+00, 0e+00, 0e+00, 9.597074890136719e+01, 2.101201019287109e+02, 3.153422241210938e+02, 3.777952575683594e+02, 4.344746398925781e+02, 8.461366577148438e+02, 1.003257202148438e+03, 8.515984497070312e+02, 4.146908569335938e+01, 0e+00, 0e+00, 0e+00, 0e+00, 0e+00, 0e+00, 0e+00, 6.394213256835938e+02, 8.282869873046875e+02, 1.091086181640625e+03, 1.40258935546875e+03, 1.396711791992188e+03, 1.362952270507812e+03, 1.421871215820312e+03, 1.620748901367188e+03, 1.747412353515625e+03, 1.861986206054688e+03, 1.6109091796875e+03, 1.5963720703125e+03, 3.467271423339844e+02, 0e+00, 0e+00, 0e+00, 0e+00, 0e+00, 0e+00, 0e+00, 0e+00, 3.318285217285156e+02, 4.942257995605469e+02, 5.8449755859375e+02, 6.809392700195312e+02, 7.546321411132812e+02, 8.933574829101562e+02]
flo.nor.heaPorAir.Q_flow=[7.9415e+03, 0e+00, 0e+00, 0e+00, 0e+00, 0e+00, 0e+00, 0e+00, 0e+00, 0e+00, 0e+00, 0e+00, 0e+00, 0e+00, 0e+00, 0e+00, 0e+00, 0e+00, 0e+00, 0e+00, 0e+00, 0e+00, 0e+00, 0e+00, 0e+00, 0e+00, 0e+00, 0e+00, 0e+00, 0e+00, 0e+00, 0e+00, 0e+00, 0e+00, 0e+00, 0e+00, 0e+00, 0e+00, 0e+00, 0e+00, 0e+00, 0e+00, 0e+00, 1.118391571044922e+02, 2.334497985839844e+02, 2.9387939453125e+02, 0e+00, 0e+00, 0e+00, 0e+00, 0e+00, 0e+00, 0e+00, 0e+00, 0e+00, 0e+00, 0e+00, 4.269051513671875e+02, 9.925427856445312e+02, 1.123598022460938e+03, 1.495813354492188e+03, 1.360903076171875e+03, 1.630400390625e+03, 1.814139282226562e+03, 1.855079467773438e+03, 1.647027954101562e+03, 1.053857192993164e+02, 0e+00, 0e+00, 0e+00, 0e+00, 0e+00, 0e+00, 0e+00, 0e+00, 4.959304504394531e+02, 7.5452490234375e+02, 5.962269897460938e+02, 7.16667236328125e+02, 8.662410888671875e+02, 9.912418823242188e+02, 1.087490600585938e+03, 1.169428344726562e+03, 1.256203002929688e+03, 1.221223022460938e+03, 1.14918701171875e+03, 0e+00, 0e+00, 0e+00, 0e+00, 0e+00, 0e+00, 0e+00, 0e+00, 0e+00, 4.111997680664062e+02, 6.818898315429688e+02, 8.241538696289062e+02, 9.880695190429688e+02, 1.105626831054688e+03, 1.346020629882812e+03]
flo.wes.heaPorAir.Q_flow=[4.711e+03, 0e+00, 0e+00, 0e+00, 0e+00, 0e+00, 0e+00, 0e+00, 0e+00, 0e+00, 0e+00, 0e+00, 0e+00, 0e+00, 0e+00, 0e+00, 0e+00, 0e+00, 0e+00, 0e+00, 0e+00, 0e+00, 0e+00, 0e+00, 0e+00, 0e+00, 0e+00, 0e+00, 0e+00, 0e+00, 0e+00, 0e+00, 0e+00, 0e+00, 0e+00, 0e+00, 0e+00, 0e+00, 0e+00, 0e+00, 0e+00, 0e+00, 2.98466796875e+02, 2.611519470214844e+02, 1.950420684814453e+02, 2.316303100585938e+02, 0e+00, 0e+00, 0e+00, 0e+00, 0e+00, 0e+00, 0e+00, 0e+00, 0e+00, 0e+00, 0e+00, 0e+00, 4.461437225341797e+01, 1.734430694580078e+02, 2.827998352050781e+02, 3.534338684082031e+02, 4.100218811035156e+02, 4.840984191894531e+02, 5.352255859375e+02, 5.404840698242188e+02, 0e+00, 0e+00, 0e+00, 0e+00, 0e+00, 0e+00, 0e+00, 0e+00, 0e+00, 5.142014312744141e+01, 3.068423156738281e+02, 3.845073547363281e+02, 4.659913635253906e+02, 5.561130981445312e+02, 6.330126953125e+02, 6.93600341796875e+02, 7.44717041015625e+02, 7.959013671875e+02, 7.869467163085938e+02, 7.470755004882812e+02, 0e+00, 0e+00, 0e+00, 0e+00, 0e+00, 0e+00, 0e+00, 0e+00, 1.026260620117188e+03, 1.282771484375e+03, 1.567751220703125e+03, 1.5528671875e+03, 1.848649047851562e+03, 1.763501098632812e+03, 1.743594604492188e+03]
flo.cor.heaPorAir.Q_flow=[1.0476017578125e+04, 0e+00, 0e+00, 0e+00, 0e+00, 0e+00, 0e+00, 0e+00, 0e+00, 0e+00, 0e+00, 0e+00, 0e+00, 0e+00, 0e+00, 0e+00, 0e+00, 0e+00, 0e+00, 0e+00, 0e+00, 0e+00, 0e+00, 0e+00, 0e+00, 0e+00, 0e+00, 0e+00, 0e+00, 0e+00, 0e+00, 0e+00, 0e+00, 0e+00, 0e+00, 0e+00, 0e+00, 0e+00, 0e+00, 0e+00, 0e+00, 0e+00, 0e+00, 0e+00, 0e+00, 0e+00, 0e+00, 0e+00, 0e+00, 0e+00, 0e+00, 0e+00, 0e+00, 0e+00, 0e+00, 0e+00, 0e+00, 0e+00, 0e+00, 0e+00, 0e+00, 0e+00, 0e+00, 0e+00, 0e+00, 0e+00, 0e+00, 0e+00, 0e+00, 0e+00, 0e+00, 0e+00, 0e+00, 0e+00, 0e+00, 0e+00, 0e+00, 0e+00, 0e+00, 0e+00, 0e+00, 0e+00, 0e+00, 0e+00, 0e+00, 0e+00, 0e+00, 0e+00, 0e+00, 0e+00, 0e+00, 0e+00, 0e+00, 0e+00, 0e+00, 0e+00, 0e+00, 0e+00, 0e+00, 0e+00, 0e+00]
EHea.y=[0e+00, 2.2425792e+07, 2.2425792e+07, 2.2425792e+07, 2.2425792e+07, 2.2425792e+07, 2.2425792e+07, 2.2425792e+07, 2.2425792e+07, 2.2425792e+07, 2.2425792e+07, 2.2425792e+07, 2.2425792e+07, 2.2425792e+07, 2.2425792e+07, 2.2425792e+07, 2.2425792e+07, 2.2425792e+07, 2.2425792e+07, 2.2425792e+07, 2.2425792e+07, 2.2425792e+07, 2.2425792e+07, 2.2425792e+07, 2.2425792e+07, 2.2425792e+07, 2.2425792e+07, 2.2425792e+07, 2.2425792e+07, 2.2425792e+07, 2.2425792e+07, 2.2425792e+07, 2.2425792e+07, 2.2425792e+07, 2.2425792e+07, 2.2425792e+07, 2.2425792e+07, 2.2425792e+07, 2.2425792e+07, 2.2425792e+07, 2.2425792e+07, 2.2425792e+07, 2.3250288e+07, 2.5049476e+07, 2.8327074e+07, 3.2435428e+07, 3.466976e+07, 3.466976e+07, 3.466976e+07, 3.466976e+07, 3.466976e+07, 3.466976e+07, 3.466976e+07, 3.466976e+07, 3.466976e+07, 3.466976e+07, 3.466976e+07, 3.543966e+07, 3.8353888e+07, 4.51544e+07, 5.4496832e+07, 6.5483108e+07, 7.8078368e+07, 9.258664e+07, 1.10772928e+08, 1.2828116e+08, 1.41085712e+08, 1.41217744e+08, 1.41217744e+08, 1.41217744e+08, 1.41217744e+08, 1.41217744e+08, 1.41217744e+08, 1.41217744e+08, 1.43214928e+08, 1.47643504e+08, 1.56599232e+08, 1.68326448e+08, 1.81961984e+08, 1.96858784e+08, 2.13668224e+08, 2.32183984e+08, 2.52466144e+08, 2.74044416e+08, 2.96508992e+08, 3.16966784e+08, 3.31827136e+08, 3.32267776e+08, 3.32267776e+08, 3.32267776e+08, 3.32267776e+08, 3.32267776e+08, 3.32267776e+08, 3.32267776e+08, 3.36112544e+08, 3.49843488e+08, 3.69028288e+08, 3.89532544e+08, 4.08810912e+08, 4.29296224e+08, 4.5218304e+08]
ECoo.y=[0e+00, -4.177315e+05, -4.177315e+05, -4.177315e+05, -4.177315e+05, -4.177315e+05, -4.177315e+05, -4.177315e+05, -4.177315e+05, -4.177315e+05, -4.177315e+05, -4.177315e+05, -4.177315e+05, -4.177315e+05, -4.177315e+05, -4.177315e+05, -4.177315e+05, -4.177315e+05, -4.177315e+05, -4.177315e+05, -4.177315e+05, -4.177315e+05, -4.177315e+05, -4.177315e+05, -4.177315e+05, -4.177315e+05, -4.177315e+05, -4.177315e+05, -4.177315e+05, -4.177315e+05, -4.177315e+05, -4.177315e+05, -4.177315e+05, -4.177315e+05, -4.177315e+05, -4.177315e+05, -4.177315e+05, -4.177315e+05, -4.177315e+05, -4.177315e+05, -4.177315e+05, -4.177315e+05, -4.177315e+05, -4.177315e+05, -4.177315e+05, -4.177315e+05, -4.177315e+05, -4.177315e+05, -4.177315e+05, -4.177315e+05, -4.177315e+05, -4.177315e+05, -4.177315e+05, -4.177315e+05, -4.177315e+05, -4.177315e+05, -4.177315e+05, -4.177315e+05, -4.177315e+05, -4.177315e+05, -4.177315e+05, -4.177315e+05, -4.177315e+05, -4.177315e+05, -4.177315e+05, -4.177315e+05, -4.177315e+05, -4.177315e+05, -4.177315e+05, -4.177315e+05, -4.177315e+05, -4.177315e+05, -4.177315e+05, -4.177315e+05, -4.177315e+05, -4.177315e+05, -4.177315e+05, -4.177315e+05, -4.177315e+05, -4.177315e+05, -4.177315e+05, -4.177315e+05, -4.177315e+05, -4.177315e+05, -4.177315e+05, -4.177315e+05, -4.177315e+05, -4.177315e+05, -4.177315e+05, -4.177315e+05, -4.177315e+05, -4.177315e+05, -4.177315e+05, -4.177315e+05, -4.177315e+05, -4.177315e+05, -4.177315e+05, -4.177315e+05, -4.177315e+05, -4.177315e+05, -4.177315e+05]
coo[1].conPID.y=[0e+00, 0e+00, 0e+00, 0e+00, 0e+00, 0e+00, 0e+00, 0e+00, 0e+00, 0e+00, 0e+00, 0e+00, 0e+00, 0e+00, 0e+00, 0e+00, 0e+00, 0e+00, 0e+00, 0e+00, 0e+00, 0e+00, 0e+00, 0e+00, 0e+00, 0e+00, 0e+00, 0e+00, 0e+00, 0e+00, 0e+00, 0e+00, 0e+00, 0e+00, 0e+00, 0e+00, 0e+00, 0e+00, 0e+00, 0e+00, 0e+00, 0e+00, 0e+00, 0e+00, 0e+00, 0e+00, 0e+00, 0e+00, 0e+00, 0e+00, 0e+00, 0e+00, 0e+00, 0e+00, 0e+00, 0e+00, 0e+00, 0e+00, 0e+00, 0e+00, 0e+00, 0e+00, 0e+00, 0e+00, 0e+00, 0e+00, 0e+00, 0e+00, 0e+00, 0e+00, 0e+00, 0e+00, 0e+00, 0e+00, 0e+00, 0e+00, 0e+00, 0e+00, 0e+00, 0e+00, 0e+00, 0e+00, 0e+00, 0e+00, 0e+00, 0e+00, 0e+00, 0e+00, 0e+00, 0e+00, 0e+00, 0e+00, 0e+00, 0e+00, 0e+00, 0e+00, 0e+00, 0e+00, 0e+00, 0e+00, 0e+00]
coo[2].conPID.y=[0e+00, 0e+00, 0e+00, 0e+00, 0e+00, 0e+00, 0e+00, 0e+00, 0e+00, 0e+00, 0e+00, 0e+00, 0e+00, 0e+00, 0e+00, 0e+00, 0e+00, 0e+00, 0e+00, 0e+00, 0e+00, 0e+00, 0e+00, 0e+00, 0e+00, 0e+00, 0e+00, 0e+00, 0e+00, 0e+00, 0e+00, 0e+00, 0e+00, 0e+00, 0e+00, 0e+00, 0e+00, 0e+00, 0e+00, 0e+00, 0e+00, 0e+00, 0e+00, 0e+00, 0e+00, 0e+00, 0e+00, 0e+00, 0e+00, 0e+00, 0e+00, 0e+00, 0e+00, 0e+00, 0e+00, 0e+00, 0e+00, 0e+00, 0e+00, 0e+00, 0e+00, 0e+00, 0e+00, 0e+00, 0e+00, 0e+00, 0e+00, 0e+00, 0e+00, 0e+00, 0e+00, 0e+00, 0e+00, 0e+00, 0e+00, 0e+00, 0e+00, 0e+00, 0e+00, 0e+00, 0e+00, 0e+00, 0e+00, 0e+00, 0e+00, 0e+00, 0e+00, 0e+00, 0e+00, 0e+00, 0e+00, 0e+00, 0e+00, 0e+00, 0e+00, 0e+00, 0e+00, 0e+00, 0e+00, 0e+00, 0e+00]
coo[3].conPID.y=[0e+00, 0e+00, 0e+00, 0e+00, 0e+00, 0e+00, 0e+00, 0e+00, 0e+00, 0e+00, 0e+00, 0e+00, 0e+00, 0e+00, 0e+00, 0e+00, 0e+00, 0e+00, 0e+00, 0e+00, 0e+00, 0e+00, 0e+00, 0e+00, 0e+00, 0e+00, 0e+00, 0e+00, 0e+00, 0e+00, 0e+00, 0e+00, 0e+00, 0e+00, 0e+00, 0e+00, 0e+00, 0e+00, 0e+00, 0e+00, 0e+00, 0e+00, 0e+00, 0e+00, 0e+00, 0e+00, 0e+00, 0e+00, 0e+00, 0e+00, 0e+00, 0e+00, 0e+00, 0e+00, 0e+00, 0e+00, 0e+00, 0e+00, 0e+00, 0e+00, 0e+00, 0e+00, 0e+00, 0e+00, 0e+00, 0e+00, 0e+00, 0e+00, 0e+00, 0e+00, 0e+00, 0e+00, 0e+00, 0e+00, 0e+00, 0e+00, 0e+00, 0e+00, 0e+00, 0e+00, 0e+00, 0e+00, 0e+00, 0e+00, 0e+00, 0e+00, 0e+00, 0e+00, 0e+00, 0e+00, 0e+00, 0e+00, 0e+00, 0e+00, 0e+00, 0e+00, 0e+00, 0e+00, 0e+00, 0e+00, 0e+00]
coo[4].conPID.y=[0e+00, 0e+00, 0e+00, 0e+00, 0e+00, 0e+00, 0e+00, 0e+00, 0e+00, 0e+00, 0e+00, 0e+00, 0e+00, 0e+00, 0e+00, 0e+00, 0e+00, 0e+00, 0e+00, 0e+00, 0e+00, 0e+00, 0e+00, 0e+00, 0e+00, 0e+00, 0e+00, 0e+00, 0e+00, 0e+00, 0e+00, 0e+00, 0e+00, 0e+00, 0e+00, 0e+00, 0e+00, 0e+00, 0e+00, 0e+00, 0e+00, 0e+00, 0e+00, 0e+00, 0e+00, 0e+00, 0e+00, 0e+00, 0e+00, 0e+00, 0e+00, 0e+00, 0e+00, 0e+00, 0e+00, 0e+00, 0e+00, 0e+00, 0e+00, 0e+00, 0e+00, 0e+00, 0e+00, 0e+00, 0e+00, 0e+00, 0e+00, 0e+00, 0e+00, 0e+00, 0e+00, 0e+00, 0e+00, 0e+00, 0e+00, 0e+00, 0e+00, 0e+00, 0e+00, 0e+00, 0e+00, 0e+00, 0e+00, 0e+00, 0e+00, 0e+00, 0e+00, 0e+00, 0e+00, 0e+00, 0e+00, 0e+00, 0e+00, 0e+00, 0e+00, 0e+00, 0e+00, 0e+00, 0e+00, 0e+00, 0e+00]
coo[5].conPID.y=[0e+00, 0e+00, 0e+00, 0e+00, 0e+00, 0e+00, 0e+00, 0e+00, 0e+00, 0e+00, 0e+00, 0e+00, 0e+00, 0e+00, 0e+00, 0e+00, 0e+00, 0e+00, 0e+00, 0e+00, 0e+00, 0e+00, 0e+00, 0e+00, 0e+00, 0e+00, 0e+00, 0e+00, 0e+00, 0e+00, 0e+00, 0e+00, 0e+00, 0e+00, 0e+00, 0e+00, 0e+00, 0e+00, 0e+00, 0e+00, 0e+00, 0e+00, 0e+00, 0e+00, 0e+00, 0e+00, 0e+00, 0e+00, 0e+00, 0e+00, 0e+00, 0e+00, 0e+00, 0e+00, 0e+00, 0e+00, 0e+00, 0e+00, 0e+00, 0e+00, 0e+00, 0e+00, 0e+00, 0e+00, 0e+00, 0e+00, 0e+00, 0e+00, 0e+00, 0e+00, 0e+00, 0e+00, 0e+00, 0e+00, 0e+00, 0e+00, 0e+00, 0e+00, 0e+00, 0e+00, 0e+00, 0e+00, 0e+00, 0e+00, 0e+00, 0e+00, 0e+00, 0e+00, 0e+00, 0e+00, 0e+00, 0e+00, 0e+00, 0e+00, 0e+00, 0e+00, 0e+00, 0e+00, 0e+00, 0e+00, 0e+00]
