last-generated=2021-07-06
statistics-simulation=
{
  "linear": " ",
  "nonlinear": " ",
  "numerical Jacobians": "0"
}
time=[0e+00, 1e+02]
eva.sta_a.T=[2.931499938964844e+02, 2.931499938964844e+02]
eva.sta_b.T=[4.5303564453125e+02, 4.5303564453125e+02]
eva.TSatHig=[4.5303564453125e+02, 4.5303564453125e+02]
eva.sta_a.p=[1e+06, 1e+06]
eva.sta_b.p=[1e+06, 1e+06]
eva.port_a.m_flow=[0e+00, 0e+00, 0e+00, 0e+00, 0e+00, 0e+00, 0e+00, 0e+00, 0e+00, 0e+00, 0e+00, 0e+00, 0e+00, 0e+00, 0e+00, 0e+00, 0e+00, 0e+00, 0e+00, 0e+00, 0e+00, 0e+00, 0e+00, 0e+00, 0e+00, 0e+00, 1.999999955296516e-02, 3.999999910593033e-02, 5.999999865889556e-02, 7.999999821186059e-02, 1.000000014901161e-01, 1.19999997317791e-01, 1.400000005960464e-01, 1.599999964237213e-01, 1.800000071525574e-01, 2.000000029802322e-01, 2.199999988079071e-01, 2.39999994635582e-01, 2.599999904632568e-01, 2.800000011920929e-01, 3.00000011920929e-01, 3.199999928474426e-01, 3.400000035762787e-01, 3.600000143051147e-01, 3.799999952316284e-01, 4.000000059604645e-01, 4.199999868869781e-01, 4.399999976158142e-01, 4.600000083446503e-01, 4.799999892711639e-01, 5e-01, 5.199999809265137e-01, 5.400000214576721e-01, 5.600000023841858e-01, 5.799999833106995e-01, 6.00000023841858e-01, 6.200000047683717e-01, 6.399999856948851e-01, 6.600000262260436e-01, 6.800000071525574e-01, 6.99999988079071e-01, 7.200000286102295e-01, 7.400000095367432e-01, 7.599999904632568e-01, 7.799999713897705e-01, 8.00000011920929e-01, 8.199999928474426e-01, 8.399999737739563e-01, 8.600000143051147e-01, 8.799999952316284e-01, 8.999999761581421e-01, 9.200000166893005e-01, 9.399999976158142e-01, 9.599999785423279e-01, 9.800000190734863e-01, 1e+00, 1e+00, 1e+00, 1e+00, 1e+00, 1e+00, 1e+00, 1e+00, 1e+00, 1e+00, 1e+00, 1e+00, 1e+00, 1e+00, 1e+00, 1e+00, 1e+00, 1e+00, 1e+00, 1e+00, 1e+00, 1e+00, 1e+00, 1e+00, 1e+00, 1e+00]
eva.port_b.m_flow=[-0e+00, -0e+00, -0e+00, -0e+00, -0e+00, -0e+00, -0e+00, 0e+00, -0e+00, -0e+00, -0e+00, -0e+00, -0e+00, -0e+00, 0e+00, -0e+00, -0e+00, -0e+00, -0e+00, -0e+00, -0e+00, -0e+00, -0e+00, -0e+00, -0e+00, -0e+00, -1.999999955296516e-02, -3.999999910593033e-02, -5.999999865889556e-02, -7.999999821186059e-02, -1.000000014901161e-01, -1.19999997317791e-01, -1.400000005960464e-01, -1.599999964237213e-01, -1.800000071525574e-01, -2.000000029802322e-01, -2.199999988079071e-01, -2.39999994635582e-01, -2.599999904632568e-01, -2.800000011920929e-01, -3.00000011920929e-01, -3.199999928474426e-01, -3.400000035762787e-01, -3.600000143051147e-01, -3.799999952316284e-01, -4.000000059604645e-01, -4.199999868869781e-01, -4.399999976158142e-01, -4.600000083446503e-01, -4.799999892711639e-01, -5e-01, -5.199999809265137e-01, -5.400000214576721e-01, -5.600000023841858e-01, -5.799999833106995e-01, -6.00000023841858e-01, -6.200000047683717e-01, -6.399999856948851e-01, -6.600000262260436e-01, -6.800000071525574e-01, -6.99999988079071e-01, -7.200000286102295e-01, -7.400000095367432e-01, -7.599999904632568e-01, -7.799999713897705e-01, -8.00000011920929e-01, -8.199999928474426e-01, -8.399999737739563e-01, -8.600000143051147e-01, -8.799999952316284e-01, -8.999999761581421e-01, -9.200000166893005e-01, -9.399999976158142e-01, -9.599999785423279e-01, -9.800000190734863e-01, -1e+00, -1e+00, -1e+00, -1e+00, -1e+00, -1e+00, -1e+00, -1e+00, -1e+00, -1e+00, -1e+00, -1e+00, -1e+00, -1e+00, -1e+00, -1e+00, -1e+00, -1e+00, -1e+00, -1e+00, -1e+00, -1e+00, -1e+00, -1e+00, -1e+00, -1e+00]
eva.port_b.h_outflow=[2.76621225e+06, 2.76621225e+06]
eva.dh=[2.68253225e+06, 2.68253225e+06]
