last-generated=2013-10-10
TOut.T=[263.14999389648437500000, 263.14999389648437500000]
vol.T_start=[293.14999389648437500000, 293.14999389648437500000]
vol.T=[293.14999389648437500000, 292.88830566406250000000, 293.14355468750000000000, 293.13775634765625000000, 293.13653564453125000000, 293.13635253906250000000, 293.13619995117187500000, 293.13616943359375000000, 293.13616943359375000000, 293.13616943359375000000, 293.13613891601562500000, 293.13613891601562500000, 293.13613891601562500000, 293.13613891601562500000, 293.13616943359375000000, 293.13616943359375000000, 293.13616943359375000000, 293.39862060546875000000, 291.93621826171875000000, 294.05297851562500000000, 293.08935546875000000000, 292.17858886718750000000, 294.23626708984375000000, 292.74206542968750000000, 292.45376586914062500000, 294.30725097656250000000, 292.38336181640625000000, 292.74020385742187500000, 294.25170898437500000000, 292.01171875000000000000, 293.04168701171875000000, 294.11596679687500000000, 291.77346801757812500000, 293.29733276367187500000, 293.93884277343744315658, 291.69882202148437500000, 293.56057739257812500000, 293.70584106445312500000, 293.22225952148437500000, 293.14495849609375000000, 293.13763427734375000000, 293.13684082031250000000, 293.13635253906250000000, 293.13629150390625000000, 293.13623046875000000000, 293.13616943359375000000, 293.13616943359375000000, 293.13616943359375000000, 293.13619995117187500000, 293.13619995117187500000, 293.13619995117187500000, 293.13613891601562500000, 293.13613891601562500000, 293.13613891601562500000, 293.13613891601562500000, 293.13613891601562500000, 293.13613891601562500000, 293.13613891601562500000, 293.13613891601562500000, 293.13613891601562500000, 293.13613891601562500000, 293.13613891601562500000, 293.13613891601562500000, 293.13613891601562500000, 293.13613891601562500000, 293.13613891601562500000, 293.13613891601562500000, 293.39862060546875000000, 291.93621826171880684342, 294.05297851562494315658, 293.08935546875005684342, 292.17858886718750000000, 294.23626708984375000000, 292.74206542968750000000, 292.45373535156250000000, 294.30725097656250000000, 292.38336181640625000000, 292.74017333984375000000, 294.25170898437500000000, 292.01171875000000000000, 293.04168701171875000000, 294.11596679687500000000, 291.77349853515625000000, 293.29733276367187500000, 293.93884277343750000000, 291.69882202148437500000, 293.56057739257812500000, 293.70584106445312500000, 293.22225952148437500000, 293.14495849609375000000, 293.13763427734375000000, 293.13684082031250000000, 293.13635253906250000000, 293.13629150390625000000, 293.13623046875000000000, 293.13616943359375000000, 293.13616943359375000000, 293.13616943359375000000, 293.13619995117187500000, 293.13619995117187500000, 293.13619995117187500000]
time=[0.00000000000000000000, 172800.00000000000000000000]
