last-generated=2013-12-20
TBlaSky.TBlaSky=[249.15567016601562500000, 248.95481872558593750000, 248.86970520019531250000, 248.91445922851562500000, 249.10754394531250000000, 249.52354431152343750000, 250.18173217773437500000, 250.89892578125000000000, 251.42481994628906250000, 251.59756469726562500000, 251.77899169921875000000, 251.96380615234375000000, 252.13674926757812500000, 252.26643371582031250000, 252.27597045898437500000, 252.22395324707031250000, 252.18899536132812500000, 252.24795532226562500000, 252.41189575195312500000, 252.61364746093750000000, 252.78210449218750000000, 252.84808349609375000000, 252.84959411621093750000, 252.83999633789062500000, 252.83384704589843750000, 252.84573364257812500000, 252.87278747558593750000, 252.90208435058593750000, 252.93309020996093750000, 252.96524047851562500000, 252.85374450683593750000, 252.33660888671875000000, 251.61402893066406250000, 250.85668945312500000000, 249.82650756835937500000, 248.54638671875000000000, 247.42057800292968750000, 246.00959777832031250000, 246.03820800781250000000, 246.53419494628906250000, 247.08012390136718750000, 247.59498596191406250000, 248.01460266113281250000, 248.48582458496093750000, 249.02149963378906250000, 249.56915283203125000000, 250.07801818847656250000, 250.82618713378906250000, 251.85487365722656250000, 252.96910095214843750000, 254.03298950195312500000, 255.18431091308593750000, 256.36630249023437500000, 257.73742675781250000000, 259.12973022460937500000, 260.00738525390625000000, 260.80575561523437500000, 261.43548583984375000000, 261.80532836914062500000, 261.89230346679687500000, 261.87542724609375000000, 261.85415649414062500000, 261.91543579101562500000, 262.16989135742187500000, 262.73013305664062500000, 263.42166137695312500000, 263.97647094726562500000, 264.08837890625000000000, 264.08837890625000000000, 264.08837890625000000000, 264.08837890625000000000, 264.08648681640625000000, 264.00833129882812500000, 263.85183715820312500000, 263.66754150390625000000, 263.50592041015625000000, 263.37588500976562500000, 263.25344848632812500000, 263.13995361328125000000, 263.03668212890625000000, 263.08496093750000000000, 263.42596435546875000000, 263.85714721679687500000, 264.16937255859375000000, 264.20794677734375000000, 264.08483886718750000000, 263.90997314453125000000, 263.78558349609375000000, 263.80926513671875000000, 263.97750854492187500000, 264.18972778320312500000, 264.34143066406250000000, 264.24874877929687500000, 262.84020996093750000000, 260.96066284179687500000, 259.50982666015625000000, 258.69335937500000000000, 258.17492675781250000000, 257.74368286132812500000, 257.35086059570312500000, 256.96542358398437500000]
time=[0.00000000000000000000, 86400.00000000000000000000]
