last-generated=2015-07-07
statistics-initialization={'numerical Jacobians': '0', 'nonlinear': '12', 'linear': '19'}
statistics-simulation={'numerical Jacobians': '0', 'nonlinear': '1, 1, 12, 1, 1, 1, 1', 'number of continuous time states': '49', 'linear': '0, 0, 0, 0, 0, 0, 0, 0, 0, 0, 0'}
staRes.minT.Max=[271.54998779296875, 271.54998779296875]
staRes.maxT.Max=[317.95001220703125, 317.95001220703125]
staRes.maxT.Min=[314.75, 314.75]
TRooHou.y=[0., 281.14456787109372726263, 288.92598266601561363132, 296.08746337890625, 296.07349243164060226263, 292.388092041015625, 289.69126586914063636868, 291.89887695312501136868, 290.54168701171875, 298.9154052734375, 278.710174560546875, 284.5863037109375, 300.31587524414061363132, 281.58415527343748863132, 291.77650756835936363132, 299.20684814453125, 293.41342773437497726263, 291.99889526367189773737, 293.90974731445311363132, 289.623504638671875, 297.026885986328125, 296.11354980468752273737, 292.34871826171877273737, 292.82861938476560226263, 303.66237182617186363132, 296.1376953125, 293.115753173828125, 298.08692016601560226263, 290.01942749023436363132, 296.68123779296877273737, 297.76611328125, 297.755706787109375, 305.83748779296877273737, 293.26801147460935226263, 297.77910156249998863132, 298.5675048828125, 291.62757568359376136868, 299.26033935546877273737, 305.12763061523435226263, 296.25797729492188636868, 301.48577880859375, 300.57670288085938636868, 297.43579711914060226263, 303.33019409179689773737, 292.44863281250002273737, 300.48052978515625, 298.57224731445313636868, 300.707763671875, 301.34046020507810226263, 307.18736572265623863132, 309.135711669921875, 297.94572143554688636868, 307.12597045898439773737, 303.26164550781248863132, 304.43929443359377273737, 310.20947265625, 305.93947753906252273737, 308.83661499023435226263, 312.35650634765625, 303.22088623046875, 305.721435546875, 310.33165893554689773737, 302.16657104492185226263, 309.18406982421873863132, 306.91959228515622726263, 302.7886962890625, 311.36485595703123863132, 312.83702392578123863132, 306.09932250976561363132, 310.19622192382814773737, 306.607147216796875, 300.78469238281252273737, 304.37847900390625, 302.85187377929685226263, 299.42617187500002273737, 300.74163818359375, 300.34047241210936363132, 294.48187255859375, 302.34722900390625, 300.16205444335935226263, 304.651947021484375, 310.19407958984373863132, 297.69327392578122726263, 292.90870361328126136868, 295.54387207031248863132, 295.62786865234375, 299.14179077148435226263, 286.45921020507813636868, 292.27631835937501136868, 300.52708740234373863132, 297.1124267578125, 293.48286743164061363132, 286.36992187499998863132, 287.37457885742185226263, 284.01707763671873863132, 291.101837158203125, 285.84424438476560226263, 293.41852416992185226263, 303.20703125, 289.70032348632810226263, 294.13824462890625]
time=[0., 31536000.]
staRes.minT.Min=[266.75, 266.75]
staRes.minT.Mean=[268.95001220703125, 268.95001220703125]
staRes.maxT.Mean=[316.25, 316.25]
staRes.meanT.Min=[297.649993896484375, 297.649993896484375]
TRooAnn.y=[0., 0., 0., 0., 0., 0., 0., 0., 0., 0., 0., 0., 0., 0., 0., 0., 0., 0., 0., 0., 0., 0., 0., 0., 0., 0., 0., 0., 0., 0., 0., 0., 0., 0., 0., 0., 0., 0., 0., 0., 0., 0., 0., 0., 0., 0., 0., 0., 0., 0., 0., 0., 0., 0., 0., 0., 0., 0., 0., 0., 0., 0., 0., 0., 0., 0., 0., 0., 0., 0., 0., 0., 0., 0., 0., 0., 0., 0., 0., 0., 0., 0., 0., 0., 0., 0., 0., 0., 0., 0., 0., 0., 0., 0., 0., 0., 0., 0., 0., 0., 0.]
staRes.meanT.Mean=[298.350006103515625, 298.350006103515625]
staRes.meanT.Max=[299.04998779296875, 299.04998779296875]
