last-generated=2015-02-13
TOut.T=[263.14999389648437500000, 263.14999389648437500000]
vol.T_start=[293.14999389648437500000, 293.14999389648437500000]
vol.T=[293.14999389648437500000, 291.71121215820312500000, 290.34912109375000000000, 289.05963134765625000000, 287.83889770507812500000, 286.68328857421875000000, 285.58929443359375000000, 284.55355834960937500000, 283.57296752929687500000, 282.64468383789062500000, 281.76583862304687500000, 280.93380737304687500000, 280.14608764648437500000, 279.40032958984375000000, 278.69427490234375000000, 278.02578735351562500000, 277.39291381835937500000, 276.79373168945312500000, 276.22650146484375000000, 275.68948364257812500000, 275.18112182617187500000, 274.69982910156250000000, 274.24417114257812500000, 273.81286621093750000000, 273.40451049804687500000, 273.01791381835937500000, 272.65194702148437500000, 272.30545043945312500000, 271.97741699218750000000, 271.66690063476562500000, 271.37289428710937500000, 271.09457397460937500000, 270.83108520507812500000, 270.58166503906250000000, 270.34552001953125000000, 270.12197875976562500000, 269.91030883789062500000, 269.70993041992187500000, 269.52026367187500000000, 269.34072875976562500000, 269.17077636718750000000, 269.00988769531250000000, 268.85757446289062500000, 268.71340942382812500000, 268.57693481445312500000, 268.44775390625000000000, 268.32543945312500000000, 268.20959472656250000000, 268.09991455078125000000, 267.99612426757812500000, 267.89785766601562500000, 267.80484008789062500000, 267.71673583984375000000, 267.63330078125000000000, 267.55432128906250000000, 267.47955322265625000000, 267.40875244140625000000, 267.34173583984375000000, 267.27825927734375000000, 267.21817016601562500000, 267.16128540039062500000, 267.10742187500000000000, 267.05645751953125000000, 267.00817871093750000000, 266.96246337890625000000, 266.91918945312500000000, 266.87823486328125000000, 266.83947753906250000000, 266.80276489257812500000, 266.76800537109375000000, 266.73507690429687500000, 266.70394897460937500000, 266.67446899414062500000, 266.64654541015625000000, 266.62011718750000000000, 266.59509277343750000000, 266.57138061523437500000, 266.54895019531250000000, 266.52770996093750000000, 266.50762939453125000000, 266.48858642578125000000, 266.47055053710937500000, 266.45346069335937500000, 266.43731689453125000000, 266.42202758789062500000, 266.40753173828125000000, 266.39382934570312500000, 266.38082885742187500000, 266.36853027343750000000, 266.35690307617187500000, 266.34588623046875000000, 266.33544921875000000000, 266.32556152343750000000, 266.31622314453125000000, 266.30737304687500000000, 266.29898071289062500000, 266.29104614257812500000, 266.28353881835937500000, 266.27642822265625000000, 266.26971435546875000000, 266.26330566406250000000]
time=[0.00000000000000000000, 10800.00000000000000000000]
