last-generated=2018-06-01
statistics-initialization=
{
  "nonlinear": "1, 1",
  "numerical Jacobians": "0"
}
statistics-simulation=
{
  "linear": " ",
  "nonlinear": " ",
  "numerical Jacobians": "0"
}
chi_TEva.COP_nominal=[3e+00, 3e+00]
chi_TEva.COP=[3e+00, 3e+00]
time=[0e+00, 3.6e+03]
chi_TEva.m2_flow_nominal=[2.390057295560837e-01, 2.390057295560837e-01]
chi_TEva.m1_flow=[3.186743259429932e-01, 3.186743259429932e-01]
chi_TEva.m2_flow=[2.390057295560837e-01, 2.390057295560837e-01]
chi_TEva.m1_flow_nominal=[3.186743259429932e-01, 3.186743259429932e-01]
chi_TEva.sta_b1.T=[3.031499938964844e+02, 3.031499938964844e+02]
chi_TEva.sta_a1.T=[2.931499938964844e+02, 2.931499938964844e+02]
chi_TEva.sta_a2.T=[2.881499938964844e+02, 2.881499938964844e+02]
chi_TEva.TEva_nominal=[2.781499938964844e+02, 2.781499938964844e+02]
chi_TEva.TCon_nominal=[3.031499938964844e+02, 3.031499938964844e+02]
chi_TEva.sta_b2.T=[2.781499938964844e+02, 2.781499938964844e+02]
chi_y.COP_nominal=[3e+00, 3e+00]
chi_y.COP=[3e+00, 3e+00]
chi_y.m1_flow=[3.186743259429932e-01, 3.186743259429932e-01]
chi_y.m2_flow=[2.390057295560837e-01, 2.390057295560837e-01]
chi_y.m2_flow_nominal=[2.390057295560837e-01, 2.390057295560837e-01]
chi_y.m1_flow_nominal=[3.186743259429932e-01, 3.186743259429932e-01]
chi_y.sta_b1.T=[3.031499938964844e+02, 3.031499938964844e+02]
chi_y.TEva_nominal=[2.781499938964844e+02, 2.781499938964844e+02]
chi_y.sta_a1.T=[2.931499938964844e+02, 2.931499938964844e+02]
chi_y.sta_a2.T=[2.881499938964844e+02, 2.881499938964844e+02]
chi_y.sta_b2.T=[2.781499938964844e+02, 2.781499938964844e+02]
chi_y.TCon_nominal=[3.031499938964844e+02, 3.031499938964844e+02]
