last-generated=2026-08-26
statistics-initialization=
{
  "linear": "6",
  "nonlinear": "1, 1, 1, 1, 1, 1",
  "numerical Jacobians": "0"
}
statistics-simulation=
{
  "linear": " ",
  "nonlinear": "1",
  "number of continuous time states": "16",
  "numerical Jacobians": "0"
}
time=[0e+00, 1.8e+02]
roo.yCFD[1]=[2.831377258300781e+02, 2.831377258300781e+02, 2.831377258300781e+02, 2.831377258300781e+02, 2.611738395690918e+01, 2.611738395690918e+01, 2.611738395690918e+01, 1.834153747558594e+01, 1.834153747558594e+01, 1.834153747558594e+01, 1.834153747558594e+01, 1.422903060913086e+01, 1.422903060913086e+01, 1.422903060913086e+01, 1.699013137817383e+01, 1.699013137817383e+01, 1.699013137817383e+01, 1.620416831970215e+01, 1.620416831970215e+01, 1.620416831970215e+01, 1.620416831970215e+01, 1.389575386047363e+01, 1.389575386047363e+01, 1.389575386047363e+01, 1.980096626281738e+01, 1.980096626281738e+01, 1.980096626281738e+01, 1.108248615264893e+01, 1.108248615264893e+01, 1.108248615264893e+01, 1.108248615264893e+01, 1.091518402099609e+01, 1.091518402099609e+01, 1.091518402099609e+01, 9.900383949279785e+00, 9.900383949279785e+00, 9.900383949279785e+00, 1.591386222839355e+01, 1.591386222839355e+01, 1.591386222839355e+01, 1.591386222839355e+01, 1.333587551116943e+01, 1.333587551116943e+01, 1.333587551116943e+01, 1.462082004547119e+01, 1.462082004547119e+01, 1.462082004547119e+01, 1.398680400848389e+01, 1.398680400848389e+01, 1.398680400848389e+01, 1.398680400848389e+01, 1.162604522705078e+01, 1.162604522705078e+01, 1.162604522705078e+01, 1.108142948150635e+01, 1.108142948150635e+01, 1.108142948150635e+01, 1.064776229858398e+01, 1.064776229858398e+01, 1.064776229858398e+01, 1.064776229858398e+01, 1.098784732818604e+01, 1.098784732818604e+01, 1.098784732818604e+01, 1.875954818725586e+01, 1.875954818725586e+01, 1.875954818725586e+01, 1.111653423309326e+01, 1.111653423309326e+01, 1.111653423309326e+01, 1.111653423309326e+01, 1.546321105957031e+01, 1.546321105957031e+01, 1.546321105957031e+01, 1.523008155822754e+01, 1.523008155822754e+01, 1.523008155822754e+01, 1.445433807373047e+01, 1.445433807373047e+01, 1.445433807373047e+01, 1.445433807373047e+01, 1.639556884765625e+01, 1.639556884765625e+01, 1.639556884765625e+01, 1.522063541412354e+01, 1.522063541412354e+01, 1.522063541412354e+01, 1.169373798370361e+01, 1.169373798370361e+01, 1.169373798370361e+01, 1.169373798370361e+01, 1.286112117767334e+01, 1.286112117767334e+01, 1.286112117767334e+01, 1.183382225036621e+01, 1.183382225036621e+01, 1.183382225036621e+01, 1.228140449523926e+01, 1.228140449523926e+01, 1.228140449523926e+01, 1.228140449523926e+01]
roo.yCFD[2]=[0e+00, 0e+00, 0e+00, 0e+00, 0e+00, 0e+00, 0e+00, 0e+00, 0e+00, 0e+00, 0e+00, 0e+00, 0e+00, 0e+00, 0e+00, 0e+00, 0e+00, 0e+00, 0e+00, 0e+00, 0e+00, 0e+00, 0e+00, 0e+00, 0e+00, 0e+00, 0e+00, 0e+00, 0e+00, 0e+00, 0e+00, 0e+00, 0e+00, 0e+00, 0e+00, 0e+00, 0e+00, 0e+00, 0e+00, 0e+00, 0e+00, 0e+00, 0e+00, 0e+00, 0e+00, 0e+00, 0e+00, 0e+00, 0e+00, 0e+00, 0e+00, 0e+00, 0e+00, 0e+00, 0e+00, 0e+00, 0e+00, 0e+00, 0e+00, 0e+00, 0e+00, 0e+00, 0e+00, 0e+00, 0e+00, 0e+00, 0e+00, 0e+00, 0e+00, 0e+00, 0e+00, 0e+00, 0e+00, 0e+00, 0e+00, 0e+00, 0e+00, 0e+00, 0e+00, 0e+00, 0e+00, 0e+00, 0e+00, 0e+00, 0e+00, 0e+00, 0e+00, 0e+00, 0e+00, 0e+00, 0e+00, 0e+00, 0e+00, 0e+00, 0e+00, 0e+00, 0e+00, 0e+00, 0e+00, 0e+00, 0e+00]
TFlo.port.Q_flow=[7.251364707946777e+00, 7.251364707946777e+00, 7.251364707946777e+00, 7.251364707946777e+00, 9.758078002929688e+01, 9.758078002929688e+01, 9.758078002929688e+01, 9.884620666503906e+01, 9.884620666503906e+01, 9.884620666503906e+01, 9.884620666503906e+01, 1.009640655517578e+02, 1.009640655517578e+02, 1.009640655517578e+02, 9.946299743652344e+01, 9.946299743652344e+01, 9.946299743652344e+01, 1.002681503295898e+02, 1.002681503295898e+02, 1.002681503295898e+02, 1.002681503295898e+02, 1.01437873840332e+02, 1.01437873840332e+02, 1.01437873840332e+02, 9.855120849609375e+01, 9.855120849609375e+01, 9.855120849609375e+01, 1.024941024780273e+02, 1.024941024780273e+02, 1.024941024780273e+02, 1.024941024780273e+02, 1.02482551574707e+02, 1.02482551574707e+02, 1.02482551574707e+02, 1.028789825439453e+02, 1.028789825439453e+02, 1.028789825439453e+02, 1.005601119995117e+02, 1.005601119995117e+02, 1.005601119995117e+02, 1.005601119995117e+02, 1.014798278808594e+02, 1.014798278808594e+02, 1.014798278808594e+02, 1.013588104248047e+02, 1.013588104248047e+02, 1.013588104248047e+02, 1.011952972412109e+02, 1.011952972412109e+02, 1.011952972412109e+02, 1.011952972412109e+02, 1.023007431030273e+02, 1.023007431030273e+02, 1.023007431030273e+02, 1.025487060546875e+02, 1.025487060546875e+02, 1.025487060546875e+02, 1.02946418762207e+02, 1.02946418762207e+02, 1.02946418762207e+02, 1.02946418762207e+02, 1.028540344238281e+02, 1.028540344238281e+02, 1.028540344238281e+02, 9.882985687255859e+01, 9.882985687255859e+01, 9.882985687255859e+01, 1.027343139648438e+02, 1.027343139648438e+02, 1.027343139648438e+02, 1.027343139648438e+02, 1.011649322509766e+02, 1.011649322509766e+02, 1.011649322509766e+02, 1.005614776611328e+02, 1.005614776611328e+02, 1.005614776611328e+02, 1.011632308959961e+02, 1.011632308959961e+02, 1.011632308959961e+02, 1.011632308959961e+02, 1.004669876098633e+02, 1.004669876098633e+02, 1.004669876098633e+02, 1.007909317016602e+02, 1.007909317016602e+02, 1.007909317016602e+02, 1.027243347167969e+02, 1.027243347167969e+02, 1.027243347167969e+02, 1.027243347167969e+02, 1.021306228637695e+02, 1.021306228637695e+02, 1.021306228637695e+02, 1.024468612670898e+02, 1.024468612670898e+02, 1.024468612670898e+02, 1.021200866699219e+02, 1.021200866699219e+02, 1.021200866699219e+02, 1.021200866699219e+02]
TOthWal[1].port.Q_flow=[-1.082846894860268e-02, -1.082846894860268e-02, -1.082846894860268e-02, -1.082846894860268e-02, 1.084356689453125e+02, 1.084356689453125e+02, 1.084356689453125e+02, 1.125050048828125e+02, 1.125050048828125e+02, 1.125050048828125e+02, 1.125050048828125e+02, 1.142335205078125e+02, 1.142335205078125e+02, 1.142335205078125e+02, 1.126063385009766e+02, 1.126063385009766e+02, 1.126063385009766e+02, 1.12933349609375e+02, 1.12933349609375e+02, 1.12933349609375e+02, 1.12933349609375e+02, 1.146116790771484e+02, 1.146116790771484e+02, 1.146116790771484e+02, 1.116691055297852e+02, 1.116691055297852e+02, 1.116691055297852e+02, 1.157653350830078e+02, 1.157653350830078e+02, 1.157653350830078e+02, 1.157653350830078e+02, 1.160042037963867e+02, 1.160042037963867e+02, 1.160042037963867e+02, 1.167048721313477e+02, 1.167048721313477e+02, 1.167048721313477e+02, 1.142295379638672e+02, 1.142295379638672e+02, 1.142295379638672e+02, 1.142295379638672e+02, 1.150364761352539e+02, 1.150364761352539e+02, 1.150364761352539e+02, 1.140808410644531e+02, 1.140808410644531e+02, 1.140808410644531e+02, 1.148668823242188e+02, 1.148668823242188e+02, 1.148668823242188e+02, 1.148668823242188e+02, 1.156663360595703e+02, 1.156663360595703e+02, 1.156663360595703e+02, 1.155605392456055e+02, 1.155605392456055e+02, 1.155605392456055e+02, 1.161346969604492e+02, 1.161346969604492e+02, 1.161346969604492e+02, 1.161346969604492e+02, 1.16020866394043e+02, 1.16020866394043e+02, 1.16020866394043e+02, 1.118988189697266e+02, 1.118988189697266e+02, 1.118988189697266e+02, 1.162088241577148e+02, 1.162088241577148e+02, 1.162088241577148e+02, 1.162088241577148e+02, 1.132028884887695e+02, 1.132028884887695e+02, 1.132028884887695e+02, 1.141144027709961e+02, 1.141144027709961e+02, 1.141144027709961e+02, 1.142954559326172e+02, 1.142954559326172e+02, 1.142954559326172e+02, 1.142954559326172e+02, 1.131686248779297e+02, 1.131686248779297e+02, 1.131686248779297e+02, 1.138218612670898e+02, 1.138218612670898e+02, 1.138218612670898e+02, 1.158093948364258e+02, 1.158093948364258e+02, 1.158093948364258e+02, 1.158093948364258e+02, 1.150628204345703e+02, 1.150628204345703e+02, 1.150628204345703e+02, 1.153876419067383e+02, 1.153876419067383e+02, 1.153876419067383e+02, 1.153071899414062e+02, 1.153071899414062e+02, 1.153071899414062e+02, 1.153071899414062e+02]
TOthWal[2].port.Q_flow=[-1.179880741983652e-02, -1.179880741983652e-02, -1.179880741983652e-02, -1.179880741983652e-02, 1.076102981567383e+02, 1.076102981567383e+02, 1.076102981567383e+02, 1.114382934570312e+02, 1.114382934570312e+02, 1.114382934570312e+02, 1.114382934570312e+02, 1.141690216064453e+02, 1.141690216064453e+02, 1.141690216064453e+02, 1.126525497436523e+02, 1.126525497436523e+02, 1.126525497436523e+02, 1.134304428100586e+02, 1.134304428100586e+02, 1.134304428100586e+02, 1.134304428100586e+02, 1.147154312133789e+02, 1.147154312133789e+02, 1.147154312133789e+02, 1.108527221679688e+02, 1.108527221679688e+02, 1.108527221679688e+02, 1.161400146484375e+02, 1.161400146484375e+02, 1.161400146484375e+02, 1.161400146484375e+02, 1.159872436523438e+02, 1.159872436523438e+02, 1.159872436523438e+02, 1.165507507324219e+02, 1.165507507324219e+02, 1.165507507324219e+02, 1.130827560424805e+02, 1.130827560424805e+02, 1.130827560424805e+02, 1.130827560424805e+02, 1.145022811889648e+02, 1.145022811889648e+02, 1.145022811889648e+02, 1.142754287719727e+02, 1.142754287719727e+02, 1.142754287719727e+02, 1.142770767211914e+02, 1.142770767211914e+02, 1.142770767211914e+02, 1.142770767211914e+02, 1.155365982055664e+02, 1.155365982055664e+02, 1.155365982055664e+02, 1.15691520690918e+02, 1.15691520690918e+02, 1.15691520690918e+02, 1.161143112182617e+02, 1.161143112182617e+02, 1.161143112182617e+02, 1.161143112182617e+02, 1.16310920715332e+02, 1.16310920715332e+02, 1.16310920715332e+02, 1.119914932250977e+02, 1.119914932250977e+02, 1.119914932250977e+02, 1.161141204833984e+02, 1.161141204833984e+02, 1.161141204833984e+02, 1.161141204833984e+02, 1.134844284057617e+02, 1.134844284057617e+02, 1.134844284057617e+02, 1.137182006835938e+02, 1.137182006835938e+02, 1.137182006835938e+02, 1.139705505371094e+02, 1.139705505371094e+02, 1.139705505371094e+02, 1.139705505371094e+02, 1.129253463745117e+02, 1.129253463745117e+02, 1.129253463745117e+02, 1.136773376464844e+02, 1.136773376464844e+02, 1.136773376464844e+02, 1.158675918579102e+02, 1.158675918579102e+02, 1.158675918579102e+02, 1.158675918579102e+02, 1.148441925048828e+02, 1.148441925048828e+02, 1.148441925048828e+02, 1.154933319091797e+02, 1.154933319091797e+02, 1.154933319091797e+02, 1.155449752807617e+02, 1.155449752807617e+02, 1.155449752807617e+02, 1.155449752807617e+02]
