last-generated=2015-05-08
statistics-simulation={'numerical Jacobians': '0', 'nonlinear': ' ', 'number of continuous time states': '2', 'linear': ' '}
QSen_flow.H_flow=[0., 0., 0., 0., 0., 0., 0., 0., 0., 0., 0., 0., 0., 0., 0., 0., 0., 0., 0., 0., 0., 0., 0., 0., 0., 0., 0., 0., 0., 0., 0., 0., 0., 0., 0., 0., 0., 0., 0., 0., 0., 0., 0., 0., 0., 0., 0., 0., 0., 0., 0., 0., 0., 0., 0., 0., 0., 0., 0., 0., 0., 0., 0., 0., 0., 0., 0., 0., 0., 0., 0., 0., 0., 0., 0., 0., 0., 0., 0., 0., 0., 0., 0., 0., 0., 0., 0., 0., 0., 0., 0., 0., 0., 0., 0., 0., 0., 0., 0., 0., 0.]
time=[0., 3600.]
vol.T=[293.149993896484375, 293.26947021484375, 293.388946533203125, 293.50836181640625, 293.6278076171875, 293.747222900390625, 293.866607666015625, 293.985992431640625, 294.105377197265625, 294.2247314453125, 294.34405517578125, 294.46337890625, 294.58270263671875, 294.701995849609375, 294.8212890625, 294.9405517578125, 295.059783935546875, 295.17901611328125, 295.298248291015625, 295.417449951171875, 295.536651611328125, 295.65582275390625, 295.774993896484375, 295.894134521484375, 296.013275146484375, 296.13238525390625, 296.251495361328125, 296.370574951171875, 296.489654541015625, 296.60870361328125, 296.727752685546875, 296.846771240234375, 296.965789794921875, 297.08477783203125, 297.203765869140625, 297.322723388671875, 297.441680908203125, 297.560638427734375, 297.6795654296875, 297.7984619140625, 297.9173583984375, 298.036224365234375, 298.15509033203125, 298.273956298828125, 298.392791748046875, 298.5115966796875, 298.630401611328125, 298.74920654296875, 298.86798095703125, 298.986724853515625, 299.105499267578125, 299.224212646484375, 299.342926025390625, 299.461639404296875, 299.580322265625, 299.699005126953125, 299.817657470703125, 299.936309814453125, 300.054931640625, 300.173553466796875, 300.292144775390625, 300.410736083984375, 300.529296875, 300.647857666015625, 300.766387939453125, 300.884918212890625, 301.00341796875, 301.121917724609375, 301.240386962890625, 301.358856201171875, 301.477325439453125, 301.59576416015625, 301.71417236328125, 301.83258056640625, 301.95098876953125, 302.069366455078125, 302.187713623046875, 302.306060791015625, 302.424407958984375, 302.542724609375, 302.6610107421875, 302.779327392578125, 302.8975830078125, 303.015838623046875, 303.13409423828125, 303.2523193359375, 303.37054443359375, 303.488739013671875, 303.60693359375, 303.72509765625, 303.84326171875, 303.961395263671875, 304.07952880859375, 304.1976318359375, 304.31573486328125, 304.433837890625, 304.551910400390625, 304.669952392578125, 304.787994384765625, 304.906005859375, 305.024017333984375]
QLat_flow.H_flow=[500., 500., 500., 500., 500., 500., 500., 500., 500., 500., 500., 500., 500., 500., 500., 500., 500., 500., 500., 500., 500., 500., 500., 500., 500., 500., 500., 500., 500., 500., 500., 500., 500., 500., 500., 500., 500., 500., 500., 500., 500., 500., 500., 500., 500., 500., 500., 500., 500., 500., 500., 500., 500., 500., 500., 500., 500., 500., 500., 500., 500., 500., 500., 500., 500., 500., 500., 500., 500., 500., 500., 500., 500., 500., 500., 500., 500., 500., 500., 500., 500., 500., 500., 500., 500., 500., 500., 500., 500., 500., 500., 500., 500., 500., 500., 500., 500., 500., 500., 500., 500.]
