last-generated=2015-05-22
statistics-initialization={'numerical Jacobians': '0', 'nonlinear': '12', 'linear': '19'}
statistics-simulation={'numerical Jacobians': '0', 'nonlinear': '1, 12, 1, 1, 1, 1, 1', 'number of continuous time states': '41', 'linear': '0, 0, 0, 0, 0, 0, 0, 0, 0, 0, 0'}
staRes.minT.Max=[251.5500030517578125, 251.5500030517578125]
staRes.maxT.Max=[341.350006103515625, 341.350006103515625]
staRes.maxT.Min=[336.350006103515625, 336.350006103515625]
TRooHou.y=[0., 301.98530273437501136868, 270.69034423828122726263, 277.75341186523439773737, 310.829986572265625, 272.346893310546875, 278.23840942382810226263, 275.79071044921875, 264.42063598632813636868, 288.69284667968747726263, 283.894500732421875, 274.99020996093747726263, 309.61989746093752273737, 269.91327514648435226263, 272.35426025390626136868, 326.6895751953125, 279.30665283203126136868, 274.50335693359375, 314.87635498046876136868, 274.71049194335938636868, 275.815032958984375, 303.688232421875, 270.52650756835936363132, 281.63264160156251136868, 315.75092163085935226263, 278.60125732421875, 282.76336669921875, 297.65015258789060226263, 275.41077880859376136868, 293.31856079101561363132, 293.352386474609375, 284.27619628906251136868, 310.45948486328126136868, 284.74003906249998863132, 285.39945068359372726263, 309.31500244140625, 284.89434204101564773737, 288.67531127929686363132, 312.00386352539061363132, 282.45721435546875, 290.256805419921875, 307.47194213867186363132, 285.13221435546876136868, 296.4912109375, 286.21439819335938636868, 295.386322021484375, 289.51891479492189773737, 300.15366210937497726263, 290.24296264648438636868, 302.16016235351560226263, 308.24395751953125, 287.41042480468752273737, 315.462982177734375, 297.953155517578125, 291.87653198242185226263, 320.262908935546875, 296.7742919921875, 297.221710205078125, 323.11394653320314773737, 293.19679565429686363132, 291.527984619140625, 325.10350952148439773737, 287.56358642578123863132, 296.89847412109372726263, 316.74558715820313636868, 287.651275634765625, 302.69576416015627273737, 319.695037841796875, 288.06055908203126136868, 304.39231567382813636868, 306.2413330078125, 283.18666992187502273737, 315.69020996093752273737, 292.60833740234375, 281.75130615234377273737, 293.142608642578125, 285.63800048828125, 277.24408569335935226263, 310.09672241210938636868, 281.56646118164064773737, 283.38763427734375, 326.87022705078123863132, 281.7001953125, 276.48252563476563636868, 309.29304199218751136868, 275.092864990234375, 283.33133544921872726263, 281.017486572265625, 272.01750488281248863132, 290.75058593749997726263, 307.6058349609375, 283.73303833007810226263, 288.03657226562501136868, 275.15781249999997726263, 271.64583740234377273737, 295.169677734375, 270.62760620117188636868, 273.84598999023438636868, 321.2083740234375, 265.42597656250001136868, 274.957977294921875]
time=[0., 31536000.]
staRes.minT.Min=[250.149993896484375, 250.149993896484375]
staRes.minT.Mean=[250.4499969482421875, 250.4499969482421875]
staRes.maxT.Mean=[337.850006103515625, 337.850006103515625]
staRes.meanT.Min=[291.149993896484375, 291.149993896484375]
TRooAnn.y=[0., 0., 0., 0., 0., 0., 0., 0., 0., 0., 0., 0., 0., 0., 0., 0., 0., 0., 0., 0., 0., 0., 0., 0., 0., 0., 0., 0., 0., 0., 0., 0., 0., 0., 0., 0., 0., 0., 0., 0., 0., 0., 0., 0., 0., 0., 0., 0., 0., 0., 0., 0., 0., 0., 0., 0., 0., 0., 0., 0., 0., 0., 0., 0., 0., 0., 0., 0., 0., 0., 0., 0., 0., 0., 0., 0., 0., 0., 0., 0., 0., 0., 0., 0., 0., 0., 0., 0., 0., 0., 0., 0., 0., 0., 0., 0., 0., 0., 0., 0., 0.]
staRes.meanT.Mean=[291.850006103515625, 291.850006103515625]
staRes.meanT.Max=[292.75, 292.75]
