last-generated=2015-05-08
statistics-simulation={'numerical Jacobians': '0', 'nonlinear': ' ', 'linear': ' '}
wseCon.TWetBul=[278.149993896484375, 278.149993896484375]
wseCon.wseCHWST=[293.149993896484375, 293.149993896484375, 293.149993896484375, 293.149993896484375, 293.149993896484375, 278.149993896484375, 278.149993896484375, 278.149993896484375, 278.149993896484375, 293.149993896484375, 293.149993896484375, 293.149993896484375, 293.149993896484375, 278.149993896484375, 278.149993896484375, 278.149993896484375, 278.149993896484375, 293.149993896484375, 293.149993896484375, 293.149993896484375, 293.149993896484375, 278.149993896484375, 278.149993896484375, 278.149993896484375, 278.149993896484375, 278.149993896484375, 293.149993896484375, 293.149993896484375, 293.149993896484375, 293.149993896484375, 278.149993896484375, 278.149993896484375, 278.149993896484375, 278.149993896484375, 293.149993896484375, 293.149993896484375, 293.149993896484375, 293.149993896484375, 278.149993896484375, 278.149993896484375, 278.149993896484375, 278.149993896484375, 293.149993896484375, 293.149993896484375, 293.149993896484375, 293.149993896484375, 278.149993896484375, 278.149993896484375, 278.149993896484375, 278.149993896484375, 278.149993896484375, 293.149993896484375, 293.149993896484375, 293.149993896484375, 293.149993896484375, 278.149993896484375, 278.149993896484375, 278.149993896484375, 278.149993896484375, 293.149993896484375, 293.149993896484375, 293.149993896484375, 293.149993896484375, 278.149993896484375, 278.149993896484375, 278.149993896484375, 278.149993896484375, 293.149993896484375, 293.149993896484375, 293.149993896484375, 293.149993896484375, 278.149993896484375, 278.149993896484375, 278.149993896484375, 278.149993896484375, 278.149993896484375, 293.149993896484375, 293.149993896484375, 293.149993896484375, 293.149993896484375, 278.149993896484375, 278.149993896484375, 278.149993896484375, 278.149993896484375, 293.149993896484375, 293.149993896484375, 293.149993896484375, 293.149993896484375, 278.149993896484375, 278.149993896484375, 278.149993896484375, 278.149993896484375, 293.149993896484375, 293.149993896484375, 293.149993896484375, 293.149993896484375, 278.149993896484375, 278.149993896484375, 278.149993896484375, 278.149993896484375, 278.149993896484375]
wseCon.wseCWST=[283.149993896484375, 283.149993896484375]
time=[0., 3600.]
wseCon.y2=[1., 1., 1., 1., 1., 1., 1., 1., 1., 1., 1., 1., 1., 1., 1., 1., 1., 1., 1., 1., 1., 1., 1., 1., 1., 1., 1., 1., 1., 1., 1., 1., 1., 1., 0., 0., 0., 0., 0., 0., 0., 0., 0., 0., 0., 0., 0., 0., 0., 0., 0., 0., 0., 0., 0., 0., 0., 0., 0., 0., 0., 0., 0., 0., 0., 0., 0., 0., 0., 0., 0., 0., 0., 0., 0., 0., 0., 0., 0., 0., 0., 0., 0., 0., 0., 0., 0., 0., 0., 0., 0., 0., 0., 0., 0., 0., 0., 0., 0., 0., 0.]
wseCon.y1=[0., 0., 0., 0., 0., 0., 0., 0., 0., 0., 0., 0., 0., 0., 0., 0., 0., 0., 0., 0., 0., 0., 0., 0., 0., 0., 0., 0., 0., 0., 0., 0., 0., 0., 1., 1., 1., 1., 1., 1., 1., 1., 1., 1., 1., 1., 1., 1., 1., 1., 1., 1., 1., 1., 1., 1., 1., 1., 1., 1., 1., 1., 1., 1., 1., 1., 1., 1., 1., 1., 1., 1., 1., 1., 1., 1., 1., 1., 1., 1., 1., 1., 1., 1., 1., 1., 1., 1., 1., 1., 1., 1., 1., 1., 1., 1., 1., 1., 1., 1., 1.]
