last-generated=2016-02-12
statistics-initialization=
{
  "numerical Jacobians": "0", 
  "nonlinear": "18"
}
statistics-simulation=
{
  "numerical Jacobians": "0", 
  "nonlinear": " ", 
  "linear": " "
}
err_V3[3]=[285., 285.]
err_V4[1]=[735., 735.]
err_V4[3]=[862., 862.]
err_V4[2]=[514., 514.]
err_V2[3]=[88.55785369873046875, 88.55785369873046875]
err_V2[1]=[86.55785369873046875, 86.55785369873046875]
time=[0., 1.]
err_V3[2]=[188., 188.]
err_V2[2]=[55.557857513427734375, 55.557857513427734375]
err_V3[1]=[264., 264.]
err_Theta4[1]=[0.10122909396886825562, 0.10122909396886825562]
err_Theta4[3]=[0.19896753132343292236, 0.19896753132343292236]
err_Theta3[2]=[0.0663225129246711731, 0.0663225129246711731]
err_Theta4[2]=[0.17976891994476318359, 0.17976891994476318359]
err_Theta3[3]=[0.07504915446043014526, 0.07504915446043014526]
err_Theta3[1]=[0.04886921867728233337, 0.04886921867728233337]
err_Theta2[3]=[0.00872664619237184525, 0.00872664619237184525]
err_Theta2[2]=[0.0069813169538974762, 0.0069813169538974762]
err_Theta2[1]=[0.0034906584769487381, 0.0034906584769487381]
