last-generated=2014-09-24
probe_source.V=[1.00000000000000000000, 1.00000000000000000000]
probe_loadRL.V=[0.99563533067703247070, 0.99563533067703247070]
probe_loadRC.V=[0.99563533067703247070, 0.99563533067703247070]
time=[0.00000000000000000000, 1.00000000000000000000]
probe_loadRC.theta=[-0.00326948426663875580, -0.00326948426663875580]
probe_source.theta=[0.00000000000000000000, 0.00000000000000000000]
probe_loadRL.theta=[0.00326948426663875580, 0.00326948426663875580]
