last-generated=2015-05-08
statistics-initialization={'linear': '2, 2, 2'}
statistics-simulation={'numerical Jacobians': '0', 'nonlinear': ' ', 'number of continuous time states': '2', 'linear': ' '}
load_sc_1.v[1]=[0., 0.]
load_sc_1.v[2]=[0., 0.]
load_sc_2.v[2]=[-0., -0.]
load_sc_3.v[2]=[0., 0., 0., 0., 0., 0., 0., 0., 0., 0., 0., 0., 0., 0., 0., 0., 0., 0., 0., 0., 0., 0., 0., 0., 0., 0., 0., 0., 0., 0., 0., 0., 0., 0., 0., 0., 0., 0., 0., 0., 0., 0., 0., 0., 0., 0., 0., 0., 0., 0., 0., 0., 0., 0., 0., 0., 0., 0., 0., 0., 0., 0., 0., 0., 0., 0., 0., 0., 0., 0., 0., 0., 0., 0., 0., 0., 0., 0., 0., 0., 0., 0., 0., 0., 0., 0., 0., 0., 0., 0., 0., 0., 0., 0., 0., 0., 0., 0., 0., 0., -0.]
load_sc_2.v[1]=[0., 0.]
time=[0., 1.]
load_sc_3.v[1]=[0., 0., 0., 0., 0., 0., 0., 0., 0., 0., 0., 0., 0., 0., 0., 0., 0., 0., 0., 0., 0., 0., 0., 0., 0., 0., 0., 0., 0., 0., 0., 0., 0., 0., 0., 0., 0., 0., 0., 0., 0., 0., 0., 0., 0., 0., 0., 0., 0., 0., 0., 0., 0., 0., 0., 0., 0., 0., 0., 0., 0., 0., 0., 0., 0., 0., 0., 0., 0., 0., 0., 0., 0., 0., 0., 0., 0., 0., 0., 0., 0., 0., 0., 0., 0., 0., 0., 0., 0., 0., 0., 0., 0., 0., 0., 0., 0., 0., 0., 0., 0.]
load_sc_3.i[1]=[0., 6.03060387644216255865, 6.00201272966705090539, 5.99985742571687552527, 6.00001478195019899431, 5.99999284744333749586, 6.00000047683747794736, 6.00000095367438746052, 5.99999952316284179688, 5.99999999999914734872, 6., 6., 6., 6., 6., 6., 6., 6., 6., 6., 6., 6., 6., 6., 6., 6., 6., 6., 6., 6., 6., 6., 6., 6., 6., 6., 6., 6., 6., 6., 6., 6., 6., 6., 6., 6., 6., 6., 6., 6., 6., 6., 6., 6., 6., 6., 6., 6., 6., 6., 6., 6., 6., 6., 6., 6., 6., 6., 6., 6., 6., 6., 6., 6., 6., 6., 6., 6., 6., 6., 6., 6., 6., 6., 6., 6., 6., 6., 6., 6., 6., 6., 6., 6., 6., 6., 6., 6., 6., 6., 6.]
load_sc_2.i[1]=[6., 6.]
load_sc_2.i[2]=[-6., -6.]
load_sc_3.i[2]=[-0., -6.19327925327306338943, -5.99599170757407051724, -6.00008630747943172423, -6.00000619888454878037, -5.99999666214149129928, -5.99999952316316154111, -6.00000095367431640625, -6., -5.99999952316284179688, -6., -6., -6., -6., -6., -6., -6., -6., -6., -6., -6., -6., -6., -6., -6., -6., -6., -6., -6., -6., -6., -6., -6., -6., -6., -6., -6., -6., -6., -6., -6., -6., -6., -6., -6., -6., -6., -6., -6., -6., -6., -6., -6., -6., -6., -6., -6., -6., -6., -6., -6., -6., -6., -6., -6., -6., -6., -6., -6., -6., -6., -6., -6., -6., -6., -6., -6., -6., -6., -6., -6., -6., -6., -6., -6., -6., -6., -6., -6., -6., -6., -6., -6., -6., -6., -6., -6., -6., -6., -6., -6.]
load_sc_1.i[2]=[-6., -6.]
load_sc_1.i[1]=[6., 6.]
