last-generated=2015-05-08
statistics-initialization={'linear': '2, 2, 2'}
statistics-simulation={'numerical Jacobians': '0', 'nonlinear': ' ', 'number of continuous time states': '2', 'linear': ' '}
load_sc_1.v[1]=[0., 0.]
load_sc_1.v[2]=[0., 0.]
load_sc_2.v[2]=[-0., -0.]
load_sc_3.v[2]=[0., 0., 0., 0., 0., 0., 0., 0., 0., 0., 0., 0., 0., 0., 0., 0., 0., 0., 0., 0., 0., 0., 0., 0., 0., 0., 0., 0., 0., 0., 0., 0., 0., 0., 0., 0., 0., 0., 0., 0., 0., 0., 0., 0., 0., 0., 0., 0., 0., 0., 0., 0., 0., 0., 0., 0., 0., 0., 0., 0., 0., 0., 0., 0., 0., 0., 0., 0., 0., 0., 0., 0., 0., 0., 0., 0., 0., 0., 0., 0., 0., 0., 0., 0., 0., 0., 0., 0., 0., 0., 0., 0., 0., 0., 0., 0., 0., 0., 0., 0., -0.]
load_sc_2.v[1]=[0., 0.]
time=[0., 1.]
load_sc_3.v[1]=[0., 0., 0., 0., 0., 0., 0., 0., 0., 0., 0., 0., 0., 0., 0., 0., 0., 0., 0., 0., 0., 0., 0., 0., 0., 0., 0., 0., 0., 0., 0., 0., 0., 0., 0., 0., 0., 0., 0., 0., 0., 0., 0., 0., 0., 0., 0., 0., 0., 0., 0., 0., 0., 0., 0., 0., 0., 0., 0., 0., 0., 0., 0., 0., 0., 0., 0., 0., 0., 0., 0., 0., 0., 0., 0., 0., 0., 0., 0., 0., 0., 0., 0., 0., 0., 0., 0., 0., 0., 0., 0., 0., 0., 0., 0., 0., 0., 0., 0., 0., 0.]
load_sc_3.i[1]=[0., 24.13118358466470425583, 24.01304245015367655469, 23.99824905395315965961, 24.00052261366948869181, 24.00004959110850677462, 23.99983215332798636155, 23.99996948241619065811, 24.0000953674265247173, 24.00000953674998527276, 23.99999618530415546047, 23.9999904632568359375, 23.99999237060546875, 23.99999618530728184851, 24.00000190734806437831, 24.00000572204021409561, 24.000003814697265625, 24., 24., 24., 24., 24., 24., 24., 24., 24., 24., 24., 24., 24., 24., 24., 24., 24., 24., 24., 24., 24., 24., 24., 24., 24., 24., 24., 24., 24., 24., 24., 24., 24., 24., 24., 24., 24., 24., 24., 24., 24., 24., 24., 24., 24., 24., 24., 24., 24., 24., 24., 24., 24., 24., 24., 24., 24., 24., 24., 24., 24., 24., 24., 24., 24., 24., 24., 24., 24., 24., 24., 24., 24., 24., 24., 24., 24., 24., 24., 24., 24., 24., 24., 24.]
load_sc_2.i[1]=[24., 24.]
load_sc_2.i[2]=[-24., -24.]
load_sc_3.i[2]=[-0., -24.75666422805483790626, -23.97316360948985902724, -24.00025749165935451401, -23.99979019190448070731, -24.0002307892421242741, -23.99986457824067542788, -23.99992752074740565149, -24.00007247925657338783, -24.00003623964107646316, -24.00000190735289606891, -23.9999847412109375, -23.99998283386486264135, -23.99998855591275059851, -23.99999999999943156581, -24.00000762938884690811, -24.00000953673975345737, -24.00000190735033811507, -24.0000019073486328125, -24., -24., -24., -23.9999980926513671875, -23.9999980926513671875, -24., -24., -24., -24., -24., -24., -24., -24., -24., -24., -24., -24., -24., -24., -24., -24., -24., -24., -24., -24., -24., -24., -24., -24., -24., -24., -24., -24., -24., -24., -24., -24., -24., -24., -24., -24., -24., -24., -24., -24., -24., -24., -24., -24., -24., -24., -24., -24., -24., -24., -24., -24., -24., -24., -24., -24., -24., -24., -24., -24., -24., -24., -24., -24., -24., -24., -24., -24., -24., -24., -24., -24., -24., -24., -24., -24., -24.]
load_sc_1.i[2]=[-24., -24.]
load_sc_1.i[1]=[24., 24.]
