last-generated=2015-03-27
grid.P.real=[160.00000000000000000000, 160.00000000000000000000]
grid.P.apparent=[160.00000000000000000000, 160.00000000000000000000]
time=[0.00000000000000000000, 1.00000000000000000000]
resistor.S[1]=[-144.00000000000000000000, -144.00000000000000000000]
resistor.S[2]=[0.00000000000000000000, 0.00000000000000000000]
