last-generated=2015-05-08
statistics-initialization={'linear': '2, 2, 2'}
statistics-simulation={'numerical Jacobians': '0', 'nonlinear': ' ', 'linear': ' '}
Za.i[1]=[9.931034088134765625, 9.931034088134765625]
Za.i[2]=[-0.82758623361587524414, -0.82758623361587524414]
time=[0., 1.]
Zb.i[2]=[-8.1867351531982421875, -8.1867351531982421875]
Zb.i[1]=[-5.68222808837890625, -5.68222808837890625]
Zc.i[1]=[-4.24880647659301757812, -4.24880647659301757812]
Zc.i[2]=[9.01432132720947265625, 9.01432132720947265625]
