last-generated=2015-05-29
statistics-simulation={'numerical Jacobians': '0', 'nonlinear': ' ', 'number of continuous time states': '5', 'linear': ' '}
senTraSubOut.C=[0., 0.00000829873370360817, 0.00001652875326045848, 0.00002469066985099457, 0.00003278553121329992, 0.00004081375968282272, 0.00004877512143869788, 0.00005667164781883009, 0.00006450560752693335, 0.00007227514739045887, 0.00007998027171362452, 0.00008762097468043793, 0.00009519726356569228, 0.00010270913109871437, 0.00011017175667111301, 0.00011757610187777413, 0.00012492061330143271, 0.00013220525449694941, 0.00013943004372505774, 0.00014659497707619765, 0.00015370006229174343, 0.00016074530599595308, 0.00016773068719965622, 0.00017465620188332888, 0.00018152188934288403, 0.00018832771456800401, 0.00019507368327682887, 0.00020180317376173009, 0.00020849176428422249, 0.00021512843346554932, 0.00022171319087323772, 0.00022824607576047882, 0.00023472703930779473, 0.00024115607699121797, 0.00024753325624311237, 0.00025385851415633056, 0.00026013183211548864, 0.00026635327662829264, 0.0002725228289075867, 0.00027864045984933209, 0.00028470618057185214, 0.00029072002721699641, 0.00029668195252355122, 0.00030259196807353052, 0.00030845007998097219, 0.0003142562996522324, 0.00032001058092604866, 0.00032571298719935788, 0.00033136350123537546, 0.00033696207733675511, 0.00034250877797603607, 0.00034800358637659463, 0.0003534464734448102, 0.00035888921516151435, 0.00036432415365231479, 0.00036971401364930146, 0.00037505873351948333, 0.000380358284152274, 0.00038561272375959237, 0.00039082199413600113, 0.00039598612284856511, 0.0004011051423521275, 0.00040617899262484965, 0.00041120773186981277, 0.0004161913309831865, 0.00042112976086606689, 0.00042602305069687621, 0.00043087122970670211, 0.00043567423948572237, 0.00044043213823913356, 0.00044514489685877184, 0.000449812486247881, 0.00045443493719735198, 0.00045901227571330257, 0.00046354447410217395, 0.00046803150326013565, 0.00047247342138624448, 0.00047687019938499658, 0.0004812218372568082, 0.00048556192419614525, 0.00048992223519667589, 0.00049424450741836277, 0.00049852876995940378, 0.00050277490640799336, 0.00050698303318205142, 0.0005111530673352361, 0.00051528511678460259, 0.00051937904014418522, 0.00052343495382458716, 0.00052745285782580852, 0.00053143263573724581, 0.00053537438059547086, 0.00053927808118221668, 0.00054314371388697823, 0.00054697133691425153, 0.00055076089205331085, 0.00055451237931006595, 0.00055822583487187419, 0.00056190118659683202, 0.00056553852864649494, 0.00056913786102086306]
senTraSubIn.C=[0.00100000004749745131, 0.00100000004749745131]
time=[0., 1.]
