last-generated=2015-06-05
statistics-initialization={'numerical Jacobians': '0', 'nonlinear': '12', 'linear': '19'}
statistics-simulation={'numerical Jacobians': '0', 'nonlinear': '1, 12, 1, 1, 1, 1, 1', 'number of continuous time states': '41', 'linear': '0, 0, 0, 0, 0, 0, 0, 0, 0, 0, 0'}
staRes.minT.Max=[251.5500030517578125, 251.5500030517578125]
staRes.maxT.Max=[341.350006103515625, 341.350006103515625]
staRes.maxT.Min=[336.350006103515625, 336.350006103515625]
TRooHou.y=[0., 301.98455810546875, 270.690399169921875, 277.75379028320310226263, 310.836883544921875, 272.346893310546875, 278.23842163085936363132, 275.79090576171876136868, 264.42075805664063636868, 288.69265136718752273737, 283.878631591796875, 274.99017944335935226263, 309.61973266601563636868, 269.91260375976560226263, 272.35426025390626136868, 326.68621826171875, 279.30794677734377273737, 274.50321044921872726263, 314.87764282226561363132, 274.70976562499998863132, 275.815093994140625, 303.68717041015622726263, 270.52651367187502273737, 281.63277587890627273737, 315.7542724609375, 278.601287841796875, 282.76306762695310226263, 297.65281982421873863132, 275.41081542968748863132, 293.319488525390625, 293.36328125, 284.27618408203125, 310.45889892578122726263, 284.73045654296873863132, 285.39940185546873863132, 309.311187744140625, 284.8961181640625, 288.67531127929686363132, 312.00295410156252273737, 282.45667724609376136868, 290.256561279296875, 307.471282958984375, 285.13237304687498863132, 296.49141235351561363132, 286.21394042968751136868, 295.386322021484375, 289.51915283203123863132, 300.15625610351560226263, 290.24293823242186363132, 302.160400390625, 308.244354248046875, 287.41041259765626136868, 315.462921142578125, 297.94733276367185226263, 291.87666015625001136868, 320.2635498046875, 296.77603759765622726263, 297.22166748046873863132, 323.11744384765626136868, 293.195709228515625, 291.52789306640625, 325.10443115234375, 287.56364746093748863132, 296.89850463867185226263, 316.74890747070310226263, 287.651275634765625, 302.69566650390623863132, 319.6964111328125, 288.06049194335935226263, 304.39207763671873863132, 306.247344970703125, 283.18663940429689773737, 315.698028564453125, 292.61258544921872726263, 281.75127563476564773737, 293.14105224609375, 285.637664794921875, 277.24415283203126136868, 310.10088500976564773737, 281.56471557617186363132, 283.387847900390625, 326.87308959960938636868, 281.699951171875, 276.482330322265625, 309.29204101562498863132, 275.0928955078125, 283.331939697265625, 281.01815185546877273737, 272.01757202148439773737, 290.75226440429685226263, 307.598480224609375, 283.73297729492185226263, 288.01693115234377273737, 275.15650024414060226263, 271.64581909179685226263, 295.161163330078125, 270.62717285156247726263, 273.84615478515627273737, 321.21446533203123863132, 265.42578125, 274.95782470703125]
time=[0., 31536000.]
staRes.minT.Min=[250.149993896484375, 250.149993896484375]
staRes.minT.Mean=[250.4499969482421875, 250.4499969482421875]
staRes.maxT.Mean=[337.850006103515625, 337.850006103515625]
staRes.meanT.Min=[291.149993896484375, 291.149993896484375]
TRooAnn.y=[0., 0., 0., 0., 0., 0., 0., 0., 0., 0., 0., 0., 0., 0., 0., 0., 0., 0., 0., 0., 0., 0., 0., 0., 0., 0., 0., 0., 0., 0., 0., 0., 0., 0., 0., 0., 0., 0., 0., 0., 0., 0., 0., 0., 0., 0., 0., 0., 0., 0., 0., 0., 0., 0., 0., 0., 0., 0., 0., 0., 0., 0., 0., 0., 0., 0., 0., 0., 0., 0., 0., 0., 0., 0., 0., 0., 0., 0., 0., 0., 0., 0., 0., 0., 0., 0., 0., 0., 0., 0., 0., 0., 0., 0., 0., 0., 0., 0., 0., 0., 0.]
staRes.meanT.Mean=[291.850006103515625, 291.850006103515625]
staRes.meanT.Max=[292.75, 292.75]
