last-generated=2015-06-05
statistics-simulation={'numerical Jacobians': '0', 'nonlinear': ' ', 'number of continuous time states': '2', 'linear': ' '}
vol.T=[293.149993896484375, 293.96624754663162093493, 294.74914548487049614778, 295.5000914646953447118, 296.22039790699091099668, 296.911285400390625, 297.57397445399726620963, 298.20962531804599393581, 298.81933586603207686494, 299.40417494067486359199, 299.96514892578125, 300.50323473711603128322, 301.01934790253409346406, 301.51440452715792162053, 301.98928844049089548207, 302.44476318359375, 302.88165272958565310546, 303.30068950081573575517, 303.70266742324656661367, 304.08822640799922965016, 304.458038330078125, 304.81274447051725928759, 305.1530149771568289907, 305.47937026896414636212, 305.79241913993581647446, 306.092681884765625, 306.38067653743223672791, 306.65695177471195620456, 306.92193615833832609496, 307.17611670485325703339, 307.419891357421875, 307.65374777614511003776, 307.87805165260203921207, 308.09320078363828088186, 308.29956035333435693246, 308.497528076171875, 308.68737810634792140263, 308.86950675051770076607, 309.04418953439750339385, 309.21176131744852000338, 309.372467041015625, 309.52664198903960368625, 309.67449978675023203323, 309.81631443125638725178, 309.95236193307198391267, 310.082855224609375, 310.20803844649356051377, 310.32809470593952028139, 310.44326760631497563736, 310.55371083403576903947, 310.65966796875, 310.76132211592641851894, 310.85879534733265927571, 310.95230084989435681564, 311.04199210338987313662, 311.128021240234375, 311.21054084817302509691, 311.28967299882799579791, 311.36560044361965537973, 311.43841545909521073554, 311.508270263671875, 311.57525641008402317311, 311.63952648680435686401, 311.70117175945767939993, 311.7603148859633961365, 311.8170166015625, 311.87142949385457768585, 311.92358408158190741233, 311.97363271878555224248, 312.02163691792515010093, 312.06768798828125, 312.11187748244270778741, 312.15423591871518738117, 312.19488517765415735994, 312.23385616464651093338, 312.271240234375, 312.30709842199581771638, 312.34149176324723384823, 312.37448113947169758831, 312.40612790014711208642, 312.436492919921875, 312.46560658060730020225, 312.49356084281924950119, 312.5203246569737984828, 312.54602060385292361389, 312.5706787109375, 312.59432974492870016547, 312.61700443673083782414, 312.63876338669894039413, 312.65960701159025347806, 312.67962646484375, 312.69882194930852392645, 312.71722415543547413108, 312.73489376565049724377, 312.75183111813237246679, 312.768096923828125, 312.78366083046552148517, 312.79861452989217696086, 312.81295773689697625741, 312.82672124262779789206, 312.83990478515625]
time=[0., 10.]
