last-generated=2026-10-10
statistics-simulation=
{
  "linear": " ",
  "nonlinear": " ",
  "number of continuous time states": "4",
  "numerical Jacobians": "0"
}
time=[0e+00, 7.2e+03]
masFraSou.V=[6.581559777259827e-01, 6.581559777259827e-01]
vol.C[1]=[0e+00, 2.70383243332617e-05, 5.363252785173245e-05, 7.979415386216715e-05, 1.055176398949698e-04, 1.308381179114804e-04, 1.557477808091789e-04, 1.802415790734813e-04, 2.043184649664909e-04, 2.279901236761361e-04, 2.51285033300519e-04, 2.741891366895288e-04, 2.967064210679382e-04, 3.188408154528588e-04, 3.406114701647312e-04, 3.620212082751095e-04, 3.830734640359879e-04, 4.037743201479316e-04, 4.241301212459803e-04, 4.44147561211139e-04, 4.638325190171599e-04, 4.831911064684391e-04, 5.022295517846942e-04, 5.209466908127069e-04, 5.393498577177525e-04, 5.57446910534054e-04, 5.75243670027703e-04, 5.927461315877737e-04, 6.099601159803569e-04, 6.268915603868663e-04, 6.43546343781054e-04, 6.599234766326845e-04, 6.760181277059019e-04, 6.918461294844747e-04, 7.074125460349023e-04, 7.227225578390062e-04, 7.377812289632857e-04, 7.525936816819012e-04, 7.671650382690132e-04, 7.815004209987819e-04, 7.955832988955081e-04, 8.094314252957702e-04, 8.230503299273551e-04, 8.364442037418485e-04, 8.49617354106158e-04, 8.625740883871913e-04, 8.753187139518559e-04, 8.878554217517376e-04, 9.001813014037907e-04, 9.122978080995381e-04, 9.242140804417431e-04, 9.359337855130434e-04, 9.474607650190592e-04, 9.587987442500889e-04, 9.699514484964312e-04, 9.809226030483842e-04, 9.917144197970629e-04, 1.002318342216313e-03, 1.012746943160892e-03, 1.023003249429166e-03, 1.033090753480792e-03, 1.043012598529458e-03, 1.052771927788854e-03, 1.06237200088799e-03, 1.071815961040556e-03, 1.081099035218358e-03, 1.090225763618946e-03, 1.09920185059309e-03, 1.108029973693192e-03, 1.116712926886976e-03, 1.125253504142165e-03, 1.133654499426484e-03, 1.141918706707656e-03, 1.150046242401004e-03, 1.158033846877515e-03, 1.165889436379075e-03, 1.173615455627441e-03, 1.181214232929051e-03, 1.188688213005662e-03, 1.196039840579033e-03, 1.203271560370922e-03, 1.210385817103088e-03, 1.217377139255404e-03, 1.224252046085894e-03, 1.231013447977602e-03, 1.237663323991001e-03, 1.244204002432525e-03, 1.250637345947325e-03, 1.256965682841837e-03, 1.263190875761211e-03, 1.269311760552227e-03, 1.275328337214887e-03, 1.281245611608028e-03, 1.287065097130835e-03, 1.2927888892591e-03, 1.298418734222651e-03, 1.303956378251314e-03, 1.309403800405562e-03, 1.314762164838612e-03, 1.320027629844844e-03, 1.32520601619035e-03]
senTraSub.C=[0e+00, 2.70383243332617e-05, 5.363252785173245e-05, 7.979415386216715e-05, 1.055176398949698e-04, 1.308381179114804e-04, 1.557477808091789e-04, 1.802415790734813e-04, 2.043184649664909e-04, 2.279901236761361e-04, 2.51285033300519e-04, 2.741891366895288e-04, 2.967064210679382e-04, 3.188408154528588e-04, 3.406114701647312e-04, 3.620212082751095e-04, 3.830734640359879e-04, 4.037743201479316e-04, 4.241301212459803e-04, 4.44147561211139e-04, 4.638325190171599e-04, 4.831911064684391e-04, 5.022295517846942e-04, 5.209466908127069e-04, 5.393498577177525e-04, 5.57446910534054e-04, 5.75243670027703e-04, 5.927461315877737e-04, 6.099601159803569e-04, 6.268915603868663e-04, 6.43546343781054e-04, 6.599234766326845e-04, 6.760181277059019e-04, 6.918461294844747e-04, 7.074125460349023e-04, 7.227225578390062e-04, 7.377812289632857e-04, 7.525936816819012e-04, 7.671650382690132e-04, 7.815004209987819e-04, 7.955832988955081e-04, 8.094314252957702e-04, 8.230503299273551e-04, 8.364442037418485e-04, 8.49617354106158e-04, 8.625740883871913e-04, 8.753187139518559e-04, 8.878554217517376e-04, 9.001813014037907e-04, 9.122978080995381e-04, 9.242140804417431e-04, 9.359337855130434e-04, 9.474607650190592e-04, 9.587987442500889e-04, 9.699514484964312e-04, 9.809226030483842e-04, 9.917144197970629e-04, 1.002318342216313e-03, 1.012746943160892e-03, 1.023003249429166e-03, 1.033090753480792e-03, 1.043012598529458e-03, 1.052771927788854e-03, 1.06237200088799e-03, 1.071815961040556e-03, 1.081099035218358e-03, 1.090225763618946e-03, 1.09920185059309e-03, 1.108029973693192e-03, 1.116712926886976e-03, 1.125253504142165e-03, 1.133654499426484e-03, 1.141918706707656e-03, 1.150046242401004e-03, 1.158033846877515e-03, 1.165889436379075e-03, 1.173615455627441e-03, 1.181214232929051e-03, 1.188688213005662e-03, 1.196039840579033e-03, 1.203271560370922e-03, 1.210385817103088e-03, 1.217377139255404e-03, 1.224252046085894e-03, 1.231013447977602e-03, 1.237663323991001e-03, 1.244204002432525e-03, 1.250637345947325e-03, 1.256965682841837e-03, 1.263190875761211e-03, 1.269311760552227e-03, 1.275328337214887e-03, 1.281245611608028e-03, 1.287065097130835e-03, 1.2927888892591e-03, 1.298418734222651e-03, 1.303956378251314e-03, 1.309403800405562e-03, 1.314762164838612e-03, 1.320027629844844e-03, 1.32520601619035e-03]
senTraSubNoFlorRev.C=[0e+00, 2.70383243332617e-05, 5.363252785173245e-05, 7.979415386216715e-05, 1.055176398949698e-04, 1.308381179114804e-04, 1.557477808091789e-04, 1.802415790734813e-04, 2.043184649664909e-04, 2.279901236761361e-04, 2.51285033300519e-04, 2.741891366895288e-04, 2.967064210679382e-04, 3.188408154528588e-04, 3.406114701647312e-04, 3.620212082751095e-04, 3.830734640359879e-04, 4.037743201479316e-04, 4.241301212459803e-04, 4.44147561211139e-04, 4.638325190171599e-04, 4.831911064684391e-04, 5.022295517846942e-04, 5.209466908127069e-04, 5.393498577177525e-04, 5.57446910534054e-04, 5.75243670027703e-04, 5.927461315877737e-04, 6.099601159803569e-04, 6.268915603868663e-04, 6.43546343781054e-04, 6.599234766326845e-04, 6.760181277059019e-04, 6.918461294844747e-04, 7.074125460349023e-04, 7.227225578390062e-04, 7.377812289632857e-04, 7.525936816819012e-04, 7.671650382690132e-04, 7.815004209987819e-04, 7.955832988955081e-04, 8.094314252957702e-04, 8.230503299273551e-04, 8.364442037418485e-04, 8.49617354106158e-04, 8.625740883871913e-04, 8.753187139518559e-04, 8.878554217517376e-04, 9.001813014037907e-04, 9.122978080995381e-04, 9.242140804417431e-04, 9.359337855130434e-04, 9.474607650190592e-04, 9.587987442500889e-04, 9.699514484964312e-04, 9.809226030483842e-04, 9.917144197970629e-04, 1.002318342216313e-03, 1.012746943160892e-03, 1.023003249429166e-03, 1.033090753480792e-03, 1.043012598529458e-03, 1.052771927788854e-03, 1.06237200088799e-03, 1.071815961040556e-03, 1.081099035218358e-03, 1.090225763618946e-03, 1.09920185059309e-03, 1.108029973693192e-03, 1.116712926886976e-03, 1.125253504142165e-03, 1.133654499426484e-03, 1.141918706707656e-03, 1.150046242401004e-03, 1.158033846877515e-03, 1.165889436379075e-03, 1.173615455627441e-03, 1.181214232929051e-03, 1.188688213005662e-03, 1.196039840579033e-03, 1.203271560370922e-03, 1.210385817103088e-03, 1.217377139255404e-03, 1.224252046085894e-03, 1.231013447977602e-03, 1.237663323991001e-03, 1.244204002432525e-03, 1.250637345947325e-03, 1.256965682841837e-03, 1.263190875761211e-03, 1.269311760552227e-03, 1.275328337214887e-03, 1.281245611608028e-03, 1.287065097130835e-03, 1.2927888892591e-03, 1.298418734222651e-03, 1.303956378251314e-03, 1.309403800405562e-03, 1.314762164838612e-03, 1.320027629844844e-03, 1.32520601619035e-03]
senPPM.ppm=[0e+00, 1.768792724609375e+01, 3.508531951904297e+01, 5.219972610473633e+01, 6.902751159667969e+01, 8.559165954589844e+01, 1.018870544433594e+02, 1.179104080200195e+02, 1.336610107421875e+02, 1.491465454101562e+02, 1.643855895996094e+02, 1.793690185546875e+02, 1.94099365234375e+02, 2.085792388916016e+02, 2.228211669921875e+02, 2.368269653320312e+02, 2.505989379882812e+02, 2.641410217285156e+02, 2.774573669433594e+02, 2.905523681640625e+02, 3.034298706054688e+02, 3.160938720703125e+02, 3.285484619140625e+02, 3.407928161621094e+02, 3.52831787109375e+02, 3.646705017089844e+02, 3.763128051757812e+02, 3.877625427246094e+02, 3.990235900878907e+02, 4.100997924804688e+02, 4.209950256347656e+02, 4.317086486816406e+02, 4.422374267578125e+02, 4.525917663574219e+02, 4.627750244140625e+02, 4.727904968261719e+02, 4.826416015625e+02, 4.923316040039062e+02, 5.018638916015625e+02, 5.112417907714844e+02, 5.204545288085938e+02, 5.295137329101562e+02, 5.384229125976562e+02, 5.471849365234375e+02, 5.558025512695312e+02, 5.64278564453125e+02, 5.726158447265625e+02, 5.808170776367188e+02, 5.888804321289062e+02, 5.968068237304688e+02, 6.046022338867188e+02, 6.1226904296875e+02, 6.198097534179688e+02, 6.27226806640625e+02, 6.345226440429688e+02, 6.416997680664062e+02, 6.487595825195312e+02, 6.556964721679688e+02, 6.625186157226562e+02, 6.692281494140625e+02, 6.758271484375e+02, 6.823178100585938e+02, 6.887021484375e+02, 6.949822998046875e+02, 7.01160400390625e+02, 7.07233154296875e+02, 7.132037353515625e+02, 7.1907568359375e+02, 7.24850830078125e+02, 7.305310668945312e+02, 7.361181640625e+02, 7.416138916015625e+02, 7.470202026367188e+02, 7.523370361328125e+02, 7.575623779296875e+02, 7.627013549804688e+02, 7.677555541992188e+02, 7.727265014648438e+02, 7.776158447265625e+02, 7.824251708984375e+02, 7.87156005859375e+02, 7.918099975585938e+02, 7.96383544921875e+02, 8.008809814453125e+02, 8.053041381835938e+02, 8.096544189453125e+02, 8.139331665039062e+02, 8.181417236328125e+02, 8.222815551757812e+02, 8.2635400390625e+02, 8.30358154296875e+02, 8.342941284179688e+02, 8.381649780273438e+02, 8.419720458984375e+02, 8.457164306640625e+02, 8.493992919921875e+02, 8.5302197265625e+02, 8.565855102539062e+02, 8.600909423828125e+02, 8.635354614257812e+02, 8.669230346679688e+02]
masFraVol.V=[0e+00, 1.779543526936322e-05, 3.529856985551305e-05, 5.251699985819869e-05, 6.94470654707402e-05, 8.611188968643546e-05, 1.025063320412301e-04, 1.186270746984519e-04, 1.344734191661701e-04, 1.500530634075403e-04, 1.653847430134192e-04, 1.804592320695519e-04, 1.952791208168492e-04, 2.098469994962215e-04, 2.241754846181721e-04, 2.382664242759347e-04, 2.521220885682851e-04, 2.657464938238263e-04, 2.791437727864832e-04, 2.923183783423156e-04, 3.052741521969438e-04, 3.180151106789708e-04, 3.305453865323216e-04, 3.428641648497432e-04, 3.549763350747526e-04, 3.668870194815099e-04, 3.786000597756356e-04, 3.901193849742413e-04, 4.014488949906082e-04, 4.12592402426526e-04, 4.235538654029369e-04, 4.343325854279101e-04, 4.449253901839256e-04, 4.553426697384566e-04, 4.65587800135836e-04, 4.756641574203968e-04, 4.85575117636472e-04, 4.953240277245641e-04, 5.049142637290061e-04, 5.143492016941309e-04, 5.236178985796869e-04, 5.327321705408394e-04, 5.416955100372434e-04, 5.505107692442834e-04, 5.591807421296835e-04, 5.677083390764892e-04, 5.760962376371026e-04, 5.843473481945693e-04, 5.924596916884184e-04, 6.004342576488853e-04, 6.08277041465044e-04, 6.159904296509922e-04, 6.235769833438098e-04, 6.310391472652555e-04, 6.383793079294264e-04, 6.456000846810639e-04, 6.527028162963688e-04, 6.596817984245718e-04, 6.665454129688442e-04, 6.73295755404979e-04, 6.799349212087691e-04, 6.864650058560073e-04, 6.928881630301476e-04, 6.992064882069826e-04, 7.054220768623054e-04, 7.115317857824266e-04, 7.175386417657137e-04, 7.234462536871433e-04, 7.292565423995256e-04, 7.34971312340349e-04, 7.405923097394407e-04, 7.461215136572719e-04, 7.515606703236699e-04, 7.569097797386348e-04, 7.621669210493565e-04, 7.673371001146734e-04, 7.724220049567521e-04, 7.774232071824372e-04, 7.823422783985734e-04, 7.871807902120054e-04, 7.919404306448996e-04, 7.966226548887789e-04, 8.012240286916494e-04, 8.057488012127578e-04, 8.101988350972533e-04, 8.145755273289979e-04, 8.188802748918533e-04, 8.231144747696817e-04, 8.272794657386839e-04, 8.31376644782722e-04, 8.354051387868822e-04, 8.393650059588253e-04, 8.432594477199018e-04, 8.470896282233298e-04, 8.508567698299885e-04, 8.545620366930962e-04, 8.582067093811929e-04, 8.61791952047497e-04, 8.653186378069222e-04, 8.687840891070664e-04, 8.721922640688717e-04]
