last-generated=2015-07-15
statistics-simulation={'numerical Jacobians': '0', 'nonlinear': ' ', 'number of continuous time states': '500', 'linear': ' '}
T[2]=[273.149993896484375, 273.2113037109375, 273.2860107421875, 273.248291015625, 273.120697021484375, 273.006103515625, 272.995452880859375, 273.115447998046875, 273.271087646484375, 273.2982177734375, 273.1837158203125, 273.041229248046875, 272.990814208984375, 273.07586669921875, 273.232147216796875, 273.323089599609375, 273.240142822265625, 273.098968505859375, 273.007232666015625, 273.06024169921875, 273.200408935546875, 273.307769775390625, 273.282562255859375, 273.132965087890625, 272.986480712890625, 273.00848388671875, 273.15576171875, 273.287078857421875, 273.292999267578125, 273.20062255859375, 273.0640869140625, 273.0137939453125, 273.119171142578125, 273.28094482421875, 273.322967529296875, 273.22198486328125, 273.073272705078125, 273.001251220703125, 273.067413330078125, 273.222137451171875, 273.32989501953125, 273.26824951171875, 273.13427734375, 273.0269775390625, 273.060302734375, 273.190948486328125, 273.3118896484375, 273.306976318359375, 273.159454345703125, 273.010101318359375, 273.010589599609375, 273.13946533203125, 273.27545166015625, 273.304473876953125, 273.22113037109375, 273.07763671875, 273.00079345703125, 273.106109619140625, 273.26123046875, 273.32177734375, 273.243743896484375, 273.095306396484375, 273.00054931640625, 273.0472412109375, 273.208221435546875, 273.328125, 273.27789306640625, 273.1580810546875, 273.040191650390625, 273.04754638671875, 273.17071533203125, 273.310272216796875, 273.327789306640625, 273.18035888671875, 273.031036376953125, 273.009124755859375, 273.11883544921875, 273.260711669921875, 273.313873291015625, 273.2392578125, 273.090911865234375, 273.001983642578125, 273.09326171875, 273.240966796875, 273.3199462890625, 273.26422119140625, 273.1160888671875, 272.9990234375, 273.026397705078125, 273.190155029296875, 273.31292724609375, 273.28692626953125, 273.1798095703125, 273.05267333984375, 273.034210205078125, 273.149932861328125, 273.308074951171875, 273.32952880859375, 273.2005615234375, 273.051513671875, 272.95440673828125]
time=[0., 100.]
