last-generated=2026-09-20
statistics-initialization=
{
  "nonlinear": "1",
  "numerical Jacobians": "0"
}
statistics-simulation=
{
  "linear": " ",
  "nonlinear": "1",
  "number of continuous time states": "4",
  "numerical Jacobians": "0"
}
time=[0e+00, 5.4e+02]
rac.dat.m_flow_nominal=[1.033797264099121e+00, 1.033797264099121e+00]
rac.port_a.m_flow=[0e+00, 9.387941955378686e-01, 9.449605343607017e-01, 9.507156006537425e-01, 9.560800191057263e-01, 5.843179821968079e-01, 5.854952928179624e-01, 5.865819455654621e-01, 5.875833033146509e-01, 5.885058643915453e-01, 5.893557071685791e-01, 5.901382563360201e-01, 9.729635096892847e-01, 9.767760058980928e-01, 9.803159246471111e-01, 9.836010336875916e-01, 5.998135808795768e-01, 5.997413993218624e-01, 5.996885895441059e-01, 5.996392965184559e-01, 5.995941758155823e-01, 5.99552690994103e-01, 5.995146036355233e-01, 9.871087686597739e-01, 9.899005859293186e-01, 9.924873113632202e-01, 9.94883480273491e-01, 6.062789914432132e-01, 6.056680080103405e-01, 6.051254874429196e-01, 6.046280264854431e-01, 6.041718716498718e-01, 6.037536265748036e-01, 6.03369951042354e-01, 9.9270993190887e-01, 9.950899481773376e-01, 9.972934746671847e-01, 9.993331421170921e-01, 6.095880246754932e-01, 6.081222304667404e-01, 6.073746681213379e-01, 6.066896312046028e-01, 6.06061935767212e-01, 6.054865118757575e-01, 6.049590712582011e-01, 9.948123097419739e-01, 9.970361614382582e-01, 9.990950215506037e-01, 1.001000400183732e+00, 6.370830288356608e-01, 6.091676354408264e-01, 6.08332215843648e-01, 6.075669510649503e-01, 6.068658844034831e-01, 6.062234051084747e-01, 6.056345701217651e-01, 9.955054546766747e-01, 9.976765560302131e-01, 9.996877268594212e-01, 1.00154876505126e+00, 1.003270387649536e+00, 6.09647928642398e-01, 6.087720375345332e-01, 6.079698222496644e-01, 6.072349556356744e-01, 6.065616607666016e-01, 6.059445732176792e-01, 9.956147126991152e-01, 9.977937293335623e-01, 9.997962095256443e-01, 1.001649141311646e+00, 1.003363134328495e+00, 6.099024394037496e-01, 6.09005393554141e-01, 6.08183563651928e-01, 6.074308156967163e-01, 6.067410700080017e-01, 6.061090217387147e-01, 9.952521446393758e-01, 9.977011060775354e-01, 9.997105002403259e-01, 1.001569749930377e+00, 1.003289822473065e+00, 6.100667141055818e-01, 6.091569672014189e-01, 6.083223819732666e-01, 6.075580111891242e-01, 6.068576559309031e-01, 6.062158956228592e-01, 9.733529609537919e-01, 9.975237250328064e-01, 9.995462916253751e-01, 1.001417879326662e+00, 1.003149267218483e+00, 6.101976644413456e-01, 6.092764139175415e-01, 6.084318793907985e-01, 6.076583249672014e-01, 6.069495693415901e-01, 6.063001127989489e-01, 6.057048439979553e-01]
rac.utiIT=[6.000000238418579e-01, 1e+00, 1e+00, 1e+00, 1e+00, 6.000000238418579e-01, 6.000000238418579e-01, 6.000000238418579e-01, 6.000000238418579e-01, 6.000000238418579e-01, 6.000000238418579e-01, 6.000000238418579e-01, 1e+00, 1e+00, 1e+00, 1e+00, 6.000000238418579e-01, 6.000000238418579e-01, 6.000000238418579e-01, 6.000000238418579e-01, 6.000000238418579e-01, 6.000000238418579e-01, 6.000000238418579e-01, 1e+00, 1e+00, 1e+00, 1e+00, 6.000000238418579e-01, 6.000000238418579e-01, 6.000000238418579e-01, 6.000000238418579e-01, 6.000000238418579e-01, 6.000000238418579e-01, 6.000000238418579e-01, 1e+00, 1e+00, 1e+00, 1e+00, 6.000000238418579e-01, 6.000000238418579e-01, 6.000000238418579e-01, 6.000000238418579e-01, 6.000000238418579e-01, 6.000000238418579e-01, 6.000000238418579e-01, 1e+00, 1e+00, 1e+00, 1e+00, 6.0000612745023e-01, 6.000000238418579e-01, 6.000000238418579e-01, 6.000000238418579e-01, 6.000000238418579e-01, 6.000000238418579e-01, 6.000000238418579e-01, 1e+00, 1e+00, 1e+00, 1e+00, 1e+00, 6.000000238418579e-01, 6.000000238418579e-01, 6.000000238418579e-01, 6.000000238418579e-01, 6.000000238418579e-01, 6.000000238418579e-01, 1e+00, 1e+00, 1e+00, 1e+00, 1e+00, 6.000000238418579e-01, 6.000000238418579e-01, 6.000000238418579e-01, 6.000000238418579e-01, 6.000000238418579e-01, 6.000000238418579e-01, 9.999951171877866e-01, 1e+00, 1e+00, 1e+00, 1e+00, 6.000000238418579e-01, 6.000000238418579e-01, 6.000000238418579e-01, 6.000000238418579e-01, 6.000000238418579e-01, 6.000000238418579e-01, 9.999938963916279e-01, 1e+00, 1e+00, 1e+00, 1e+00, 6.000000238418579e-01, 6.000000238418579e-01, 6.000000238418579e-01, 6.000000238418579e-01, 6.000000238418579e-01, 6.000000238418579e-01, 6.000000238418579e-01]
senTIn.T=[2.931499938964844e+02, 2.931499938964844e+02]
senTOut.T=[2.931499938964844e+02, 3.039936523449923e+02, 3.039267578147852e+02, 3.038652038658296e+02, 3.038086242714371e+02, 3.034078979492188e+02, 3.033867797909339e+02, 3.033674011204383e+02, 3.033496093774361e+02, 3.033332824663484e+02, 3.033182983398438e+02, 3.033045349158605e+02, 3.036351318586169e+02, 3.035968932900233e+02, 3.035617065335262e+02, 3.03529296875e+02, 3.0313790893559e+02, 3.031388549799514e+02, 3.031397705083299e+02, 3.031406250002156e+02, 3.031413879394531e+02, 3.031420898435344e+02, 3.031427307125457e+02, 3.034949951013206e+02, 3.034678650198987e+02, 3.034429016113281e+02, 3.034199218501648e+02, 3.030297546680775e+02, 3.030395202690183e+02, 3.030485534569663e+02, 3.030568237304688e+02, 3.030644226155278e+02, 3.030713806114401e+02, 3.030777893100899e+02, 3.034407654079367e+02, 3.034179382324219e+02, 3.033969115985006e+02, 3.033775329695911e+02, 3.029862670958801e+02, 3.029990234228403e+02, 3.030113220214844e+02, 3.030226135376358e+02, 3.030330200138399e+02, 3.030425415090803e+02, 3.030513000393424e+02, 3.034205932617188e+02, 3.033993530045781e+02, 3.033797912704586e+02, 3.033617859279938e+02, 3.029940544484072e+02, 3.029818725585938e+02, 3.029955749658313e+02, 3.030081482206087e+02, 3.030197143302889e+02, 3.030303344611011e+02, 3.030401000976562e+02, 3.034139709231206e+02, 3.033932799844561e+02, 3.03374176067127e+02, 3.033566284371123e+02, 3.033404235839844e+02, 3.029740295577447e+02, 3.029883423161999e+02, 3.030015258502772e+02, 3.030136413441421e+02, 3.030247497558594e+02, 3.030349426379909e+02, 3.034127501961955e+02, 3.033921509240919e+02, 3.033731689660082e+02, 3.033556823730469e+02, 3.033395385569897e+02, 3.029698486673054e+02, 3.029845275558122e+02, 3.029980163427624e+02, 3.030104064941406e+02, 3.030217895628538e+02, 3.030322265849204e+02, 3.034134475909174e+02, 3.033930359112647e+02, 3.033739624023438e+02, 3.033564147761232e+02, 3.033402404436778e+02, 3.029671630504099e+02, 3.029820556476784e+02, 3.029957275390625e+02, 3.030083007947022e+02, 3.030198669678493e+02, 3.030304565198585e+02, 3.033928473916945e+02, 3.033947143554688e+02, 3.033755187783049e+02, 3.033578490831516e+02, 3.033415527699026e+02, 3.029650268375324e+02, 3.029801025390625e+02, 3.029939269419355e+02, 3.030066528592806e+02, 3.030183410389284e+02, 3.030290527805955e+02, 3.030389404296875e+02]
rac.PTot=[6e+03, 1.029997265614074e+04, 1.030592285135692e+04, 1.03115458976614e+04, 1.031684960900937e+04, 6.07234423828125e+03, 6.072782226442463e+03, 6.073187988336094e+03, 6.073563476511104e+03, 6.073910644625072e+03, 6.0742314453125e+03, 6.074527343669285e+03, 1.033393456799179e+04, 1.033787500214135e+04, 1.034156250100031e+04, 1.03450078125e+04, 6.078253418116382e+03, 6.078225097668667e+03, 6.078204101551462e+03, 6.078185058588231e+03, 6.07816748046875e+03, 6.078150878911079e+03, 6.078136230477028e+03, 1.034871191578717e+04, 1.035167870768133e+04, 1.0354443359375e+04, 1.035701660434956e+04, 6.080811050155347e+03, 6.080566894404315e+03, 6.080350586172055e+03, 6.08015234375e+03, 6.079971191213087e+03, 6.079805175872312e+03, 6.079653320231096e+03, 1.03546816376227e+04, 1.03572392578125e+04, 1.035961719007734e+04, 1.036182910034833e+04, 6.082149901380695e+03, 6.081550293324722e+03, 6.08124951171875e+03, 6.080975097360987e+03, 6.080724121230343e+03, 6.080494140502204e+03, 6.080284179916536e+03, 1.03569404296875e+04, 1.03593398463439e+04, 1.03615703112748e+04, 1.036364257357746e+04, 6.094252674977823e+03, 6.08197119140625e+03, 6.081634765263515e+03, 6.081326659499506e+03, 6.081045899050094e+03, 6.080788574500212e+03, 6.08055322265625e+03, 1.03576865261583e+04, 1.036003223163985e+04, 1.036221386239713e+04, 1.03642412087134e+04, 1.03661220703125e+04, 6.082165526927076e+03, 6.081811522681416e+03, 6.081488770237665e+03, 6.081193847976344e+03, 6.080923828125e+03, 6.080677245828844e+03, 1.035780371658881e+04, 1.036015917455496e+04, 1.036233202886585e+04, 1.03643505859375e+04, 1.036622363484646e+04, 6.082268065561864e+03, 6.081905762507947e+03, 6.081574707392735e+03, 6.0812724609375e+03, 6.080995605173491e+03, 6.080742675240402e+03, 1.035734720646138e+04, 1.036005859117821e+04, 1.03622392578125e+04, 1.036426367406599e+04, 1.036614355874938e+04, 6.082334961826036e+03, 6.081966797277877e+03, 6.08163037109375e+03, 6.081323241859128e+03, 6.081042479867194e+03, 6.080785645088655e+03, 1.033276226311287e+04, 1.03598671875e+04, 1.036206054924259e+04, 1.036409766065405e+04, 1.036599023022482e+04, 6.082387695773325e+03, 6.08201513671875e+03, 6.081674806166555e+03, 6.081363768863468e+03, 6.081079102186131e+03, 6.08081933482269e+03, 6.08058154296875e+03]
