last-generated=2022-08-05
statistics-initialization=
{
  "nonlinear": "8",
  "numerical Jacobians": "0"
}
statistics-simulation=
{
  "linear": " ",
  "nonlinear": " ",
  "numerical Jacobians": "0"
}
time=[0e+00, 1e+00]
err_V2[1]=[4.316007792949677e-01, 4.316007792949677e-01]
err_V2[2]=[1.223235204815865e-01, 1.223235204815865e-01]
err_V2[3]=[3.146919012069702e-01, 3.146919012069702e-01]
err_V3[1]=[4.345533847808838e-01, 4.345533847808838e-01]
err_V3[2]=[1.895345561206341e-02, 1.895345561206341e-02]
err_V3[3]=[-3.36284339427948e-01, -3.36284339427948e-01]
err_V4[1]=[-4.393883049488068e-01, -4.393883049488068e-01]
err_V4[2]=[-3.885388374328613e-03, -3.885388374328613e-03]
err_V4[3]=[1.918086968362331e-02, 1.918086968362331e-02]
err_Theta2[1]=[-3.347003948874772e-04, -3.347003948874772e-04]
err_Theta2[2]=[-8.522665593773127e-04, -8.522665593773127e-04]
err_Theta2[3]=[8.101001149043441e-04, 8.101001149043441e-04]
err_Theta3[1]=[8.671750547364354e-04, 8.671750547364354e-04]
err_Theta3[2]=[4.697704571299255e-04, 4.697704571299255e-04]
err_Theta3[3]=[4.43353143054992e-04, 4.43353143054992e-04]
err_Theta4[1]=[-5.222568870522082e-04, -5.222568870522082e-04]
err_Theta4[2]=[-4.375595890451223e-04, -4.375595890451223e-04]
err_Theta4[3]=[-6.583689828403294e-04, -6.583689828403294e-04]
