last-generated=2015-05-08
statistics-simulation={'numerical Jacobians': '0', 'nonlinear': '1', 'linear': '2, 0, 2'}
res.S[1]=[-3600., -3600.]
load.S[1]=[-200., -200., -200., -200., -200., -200., -200., -200., -200., -200., -200., -200., -200., -200., -200., -200., -200., -200., -200., -200., -200., -95.99993181241464412778, 8.00001239774054617726, 111.99995660790027329767, 216.0000557898425483927, 320., 424.00009918186981394683, 527.99988842039681458118, 631.99998760226651484118, 736.00008678413576035382, 839.99987602266276098817, 943.999975204532574935, 1048.00007438662055392342, 1151.99986362452909816056, 1255.9999628066900640988, 1360.00006198885012054234, 1463.99985122675866477948, 1567.99995040891963071772, 1672.00004959108036928228, 1776.00014877324133522052, 1879.99993801114987945766, 1984.0000371933099359012, 2088.00013637547090183944, 2191.9999256133792187029, 2296.00002479554041201482, 2400.00012397770115057938, 2503.99991321560946744285, 2608.00001239776975126006, 2712.00011157993048982462, 2815.99990081783926143544, 2920., 3024.00009918068280967418, 3128.00019836136607409571, 3232.00029754204888376989, 3335.99977684346413298044, 3439.99987602414694265462, 3543.99997520409078788362, 3648.00007438551165250828, 3752.00017356619446218247, 3856.00027274687727185665, 3959.9997520482925210672, 4063.99985122897578548873, 4167.99995041024067177204, 4272.00004958975932822796, 4376.00014876927798468387, 4480.00024794879664113978, 4583.99972725632414949359, 4687.99982643584280594951, 4791.99992561536146240542, 4896.00002479561771906447, 5000., 5000., 5000., 5000., 5000., 5000., 5000., 5000., 5000., 5000., 5000., 5000., 5000., 5000., 5000., 5000., 5000., 5000., 5000., 5000., 5000., 5000., 5000., 5000., 5000., 5000., 5000., 5000., 5000., 5000., 5000.]
time=[0., 1.]
sou.S[1]=[-4222.22216796875, -4222.22216796875, -4222.22216796875, -4222.22216796875, -4222.22216796875, -4222.22216796875, -4222.22216796875, -4222.22216796875, -4222.22216796875, -4222.22216796875, -4222.22216796875, -4222.22216796875, -4222.22216796875, -4222.22216796875, -4222.22216796875, -4222.22216796875, -4222.22216796875, -4222.22216796875, -4222.22216796875, -4222.22216796875, -4222.22216796875, -4106.66642814316674048314, -3991.11107020912322695949, -3875.55571227588052352075, -3759.99993801136770343874, -3644.4443359375, -3528.88880581361217991798, -3413.33337593038913837518, -3297.77784580650131829316, -3182.22207154198895295849, -3066.66688579939091141568, -2951.11111153487809133367, -2835.55558141011715633795, -2720.00015152776722970884, -2604.44437726369096708368, -2488.88884713936749903951, -2373.3334172561444574967, -2257.77788713225663741468, -2142.22211286774336258532, -2026.66646067354326987697, -1911.11115286063272833417, -1795.55550066643309037318, -1679.99984847223254291748, -1564.44454065932222874835, -1448.88888846512168129266, -1333.33323627019376544922, -1217.77792845801104704151, -1102.22215419349868170684, -986.66656303412719353219, -871.11119418667885838659, -755.5555419921875, -639.99988979962927260203, -524.44423760677989321266, -408.88855489649802166241, -293.33359145702036130388, -177.77790874673846133192, -62.22224892546121566284, 43.20006770973347443032, 136.80015926097638612191, 230.40023936811385851797, 323.99977684397271104899, 417.59987220989927436676, 511.19996757582578084111, 604.80003242424697873503, 698.40015830746062874823, 792.00022315566343422688, 885.59973011470822257252, 979.19985599755807470501, 1072.7999818809898897598, 1166.40004673029329751444, 1260., 1260., 1260., 1260., 1260., 1260., 1260., 1260., 1260., 1260., 1260., 1260., 1260., 1260., 1260., 1260., 1260., 1260., 1260., 1260., 1260., 1260., 1260., 1260., 1260., 1260., 1260., 1260., 1260., 1260., 1260.]
