last-generated=2026-08-06
statistics-initialization=
{
  "linear": "0",
  "nonlinear": "1",
  "numerical Jacobians": "0"
}
statistics-simulation=
{
  "linear": "0, 0, 0, 0, 0, 0, 0, 0, 0, 0, 0, 0, 0, 0, 0, 0, 0, 0, 0, 0, 0, 0, 0, 0, 0, 0, 0,   0, 0, 0, 0, 0, 0, 0, 0, 0, 0, 0, 0, 0",
  "nonlinear": "1",
  "number of continuous time states": "120",
  "numerical Jacobians": "0"
}
time=[0e+00, 2.592e+06]
TIn=[2.858249206542969e+02, 2.878043518066406e+02, 2.879603271484375e+02, 2.877360229492188e+02, 2.872662963867188e+02, 2.866216735839844e+02, 2.858673706054688e+02, 2.850688781738281e+02, 2.842913208007812e+02, 2.837633361816406e+02, 2.834344177246094e+02, 2.831835632324219e+02, 2.83031005859375e+02, 2.829903564453125e+02, 2.83062744140625e+02, 2.832984924316406e+02, 2.83956298828125e+02, 2.847383728027344e+02, 2.855894470214844e+02, 2.864513549804688e+02, 2.872629089355469e+02, 2.879665832519531e+02, 2.885127258300781e+02, 2.888628540039062e+02, 2.8899365234375e+02, 2.888965454101562e+02, 2.885792846679688e+02, 2.88064697265625e+02, 2.873915100097656e+02, 2.866088562011719e+02, 2.85773681640625e+02, 2.849469299316406e+02, 2.842762756347656e+02, 2.839010009765625e+02, 2.836024475097656e+02, 2.833991088867188e+02, 2.833053894042969e+02, 2.833282165527344e+02, 2.834662475585938e+02, 2.839935302734375e+02, 2.847323913574219e+02, 2.855610656738281e+02, 2.864207763671875e+02, 2.87250732421875e+02, 2.879921875e+02, 2.885924072265625e+02, 2.890088500976562e+02, 2.892121276855469e+02, 2.891885986328125e+02, 2.889406127929688e+02, 2.884864807128906e+02, 2.878596496582031e+02, 2.871062622070312e+02, 2.86281005859375e+02, 2.854437866210938e+02, 2.846555480957031e+02, 2.842506103515625e+02, 2.839237060546875e+02, 2.836860656738281e+02, 2.835539855957031e+02, 2.835371704101562e+02, 2.836371154785156e+02, 2.839969787597656e+02, 2.846932678222656e+02, 2.854974975585938e+02, 2.863534545898438e+02, 2.872000732421875e+02, 2.879768371582031e+02, 2.886288757324219e+02, 2.891101989746094e+02, 2.893867797851562e+02, 2.894391479492188e+02, 2.892643737792969e+02, 2.888758544921875e+02, 2.883020324707031e+02, 2.875846557617188e+02, 2.867762451171875e+02, 2.859360656738281e+02, 2.851250610351562e+02, 2.84599609375e+02, 2.84246826171875e+02, 2.839769592285156e+02, 2.838080749511719e+02, 2.837520141601562e+02, 2.8381298828125e+02, 2.840112915039062e+02, 2.846611938476562e+02, 2.854351806640625e+02, 2.86280029296875e+02, 2.871360778808594e+02, 2.879425964355469e+02, 2.886419677734375e+02, 2.89184326171875e+02, 2.895317077636719e+02, 2.896597900390625e+02, 2.895599365234375e+02, 2.892398986816406e+02, 2.887236328125e+02, 2.880489196777344e+02, 2.872647094726562e+02, 2.864280090332031e+02]
TOut=[2.831499938964844e+02, 2.85187255859375e+02, 2.855126037597656e+02, 2.855569152832031e+02, 2.85435791015625e+02, 2.851945495605469e+02, 2.848694152832031e+02, 2.84494873046875e+02, 2.841054992675781e+02, 2.836246337890625e+02, 2.83058349609375e+02, 2.826743774414062e+02, 2.825025024414062e+02, 2.825577087402344e+02, 2.828342895507812e+02, 2.832292175292969e+02, 2.835171203613281e+02, 2.838838195800781e+02, 2.843040161132812e+02, 2.847506103515625e+02, 2.851922607421875e+02, 2.855981750488281e+02, 2.859401245117188e+02, 2.861943664550781e+02, 2.863445129394531e+02, 2.863805541992188e+02, 2.863006591796875e+02, 2.861105346679688e+02, 2.858255615234375e+02, 2.854668884277344e+02, 2.850608520507812e+02, 2.846375122070312e+02, 2.842371215820312e+02, 2.835931701660156e+02, 2.831253051757812e+02, 2.828641357421875e+02, 2.828282165527344e+02, 2.830204162597656e+02, 2.834270935058594e+02, 2.8368408203125e+02, 2.840195617675781e+02, 2.844190979003906e+02, 2.848548278808594e+02, 2.852966003417969e+02, 2.857135620117188e+02, 2.86076416015625e+02, 2.863597106933594e+02, 2.865436706542969e+02, 2.866159973144531e+02, 2.865722045898438e+02, 2.864158325195312e+02, 2.861588745117188e+02, 2.858208312988281e+02, 2.854264831542969e+02, 2.850046081542969e+02, 2.845862426757812e+02, 2.840221557617188e+02, 2.834910583496094e+02, 2.831575317382812e+02, 2.830447998046875e+02, 2.831611328125e+02, 2.834984436035156e+02, 2.838111877441406e+02, 2.841192626953125e+02, 2.844995422363281e+02, 2.849263610839844e+02, 2.853695678710938e+02, 2.857977294921875e+02, 2.8618115234375e+02, 2.864931030273438e+02, 2.867118530273438e+02, 2.868220520019531e+02, 2.868166198730469e+02, 2.866967468261719e+02, 2.864715270996094e+02, 2.861575317382812e+02, 2.857782897949219e+02, 2.85362060546875e+02, 2.849392395019531e+02, 2.844609375e+02, 2.838707885742188e+02, 2.834677734375e+02, 2.83279541015625e+02, 2.833193664550781e+02, 2.835845031738281e+02, 2.839419860839844e+02, 2.842219848632812e+02, 2.845806579589844e+02, 2.8499462890625e+02, 2.854353332519531e+02, 2.858719482421875e+02, 2.862735595703125e+02, 2.866117248535156e+02, 2.868632202148438e+02, 2.870106201171875e+02, 2.870439147949219e+02, 2.869612731933594e+02, 2.867695007324219e+02, 2.864829711914062e+02, 2.861227416992188e+02, 2.857151794433594e+02]
m_flow=[4e+01, 4e+01, 4e+01, 4e+01, 4e+01, 4e+01, 4e+01, 4e+01, 4e+01, -4e+01, -4e+01, -4e+01, -4e+01, -4e+01, -4e+01, 4e+01, 4e+01, 4e+01, 4e+01, 4e+01, 4e+01, 4e+01, 4e+01, 4e+01, 4e+01, 4e+01, 4e+01, 4e+01, 4e+01, 4e+01, 4e+01, 4e+01, -4e+01, -4e+01, -4e+01, -4e+01, -4e+01, -4e+01, -4e+01, 4e+01, 4e+01, 4e+01, 4e+01, 4e+01, 4e+01, 4e+01, 4e+01, 4e+01, 4e+01, 4e+01, 4e+01, 4e+01, 4e+01, 4e+01, 4e+01, 4e+01, -4e+01, -4e+01, -4e+01, -4e+01, -4e+01, -4e+01, 4e+01, 4e+01, 4e+01, 4e+01, 4e+01, 4e+01, 4e+01, 4e+01, 4e+01, 4e+01, 4e+01, 4e+01, 4e+01, 4e+01, 4e+01, 4e+01, 4e+01, -4e+01, -4e+01, -4e+01, -4e+01, -4e+01, -4e+01, 4e+01, 4e+01, 4e+01, 4e+01, 4e+01, 4e+01, 4e+01, 4e+01, 4e+01, 4e+01, 4e+01, 4e+01, 4e+01, 4e+01, 4e+01, 4e+01]
dpBorFie=[6.62324453125e+04, 6.62324453125e+04, 6.62324453125e+04, 6.62324453125e+04, 6.62324453125e+04, 6.62324453125e+04, 6.62324453125e+04, 6.62324453125e+04, 6.62324453125e+04, -6.62324453125e+04, -6.62324453125e+04, -6.62324453125e+04, -6.62324453125e+04, -6.62324453125e+04, -6.62324453125e+04, 6.62324453125e+04, 6.62324453125e+04, 6.62324453125e+04, 6.62324453125e+04, 6.62324453125e+04, 6.62324453125e+04, 6.62324453125e+04, 6.62324453125e+04, 6.62324453125e+04, 6.62324453125e+04, 6.62324453125e+04, 6.62324453125e+04, 6.62324453125e+04, 6.62324453125e+04, 6.62324453125e+04, 6.62324453125e+04, 6.62324453125e+04, -6.62324453125e+04, -6.62324453125e+04, -6.62324453125e+04, -6.62324453125e+04, -6.62324453125e+04, -6.62324453125e+04, -6.62324453125e+04, 6.62324453125e+04, 6.62324453125e+04, 6.62324453125e+04, 6.62324453125e+04, 6.62324453125e+04, 6.62324453125e+04, 6.62324453125e+04, 6.62324453125e+04, 6.62324453125e+04, 6.62324453125e+04, 6.62324453125e+04, 6.62324453125e+04, 6.62324453125e+04, 6.62324453125e+04, 6.62324453125e+04, 6.62324453125e+04, 6.62324453125e+04, -6.62324453125e+04, -6.62324453125e+04, -6.62324453125e+04, -6.62324453125e+04, -6.62324453125e+04, -6.62324453125e+04, 6.62324453125e+04, 6.62324453125e+04, 6.62324453125e+04, 6.62324453125e+04, 6.62324453125e+04, 6.62324453125e+04, 6.62324453125e+04, 6.62324453125e+04, 6.62324453125e+04, 6.62324453125e+04, 6.62324453125e+04, 6.62324453125e+04, 6.62324453125e+04, 6.62324453125e+04, 6.62324453125e+04, 6.62324453125e+04, 6.62324453125e+04, -6.62324453125e+04, -6.62324453125e+04, -6.62324453125e+04, -6.62324453125e+04, -6.62324453125e+04, -6.62324453125e+04, 6.62324453125e+04, 6.62324453125e+04, 6.62324453125e+04, 6.62324453125e+04, 6.62324453125e+04, 6.62324453125e+04, 6.62324453125e+04, 6.62324453125e+04, 6.62324453125e+04, 6.62324453125e+04, 6.62324453125e+04, 6.62324453125e+04, 6.62324453125e+04, 6.62324453125e+04, 6.62324453125e+04, 6.62324453125e+04]
pum.m_flow=[4e+01, 4e+01, 4e+01, 4e+01, 4e+01, 4e+01, 4e+01, 4e+01, 4e+01, -4e+01, -4e+01, -4e+01, -4e+01, -4e+01, -4e+01, 4e+01, 4e+01, 4e+01, 4e+01, 4e+01, 4e+01, 4e+01, 4e+01, 4e+01, 4e+01, 4e+01, 4e+01, 4e+01, 4e+01, 4e+01, 4e+01, 4e+01, -4e+01, -4e+01, -4e+01, -4e+01, -4e+01, -4e+01, -4e+01, 4e+01, 4e+01, 4e+01, 4e+01, 4e+01, 4e+01, 4e+01, 4e+01, 4e+01, 4e+01, 4e+01, 4e+01, 4e+01, 4e+01, 4e+01, 4e+01, 4e+01, -4e+01, -4e+01, -4e+01, -4e+01, -4e+01, -4e+01, 4e+01, 4e+01, 4e+01, 4e+01, 4e+01, 4e+01, 4e+01, 4e+01, 4e+01, 4e+01, 4e+01, 4e+01, 4e+01, 4e+01, 4e+01, 4e+01, 4e+01, -4e+01, -4e+01, -4e+01, -4e+01, -4e+01, -4e+01, 4e+01, 4e+01, 4e+01, 4e+01, 4e+01, 4e+01, 4e+01, 4e+01, 4e+01, 4e+01, 4e+01, 4e+01, 4e+01, 4e+01, 4e+01, 4e+01]
borHol.port_a[1].m_flow=[4e+01, 4e+01, 4e+01, 4e+01, 4e+01, 4e+01, 4e+01, 4e+01, 4e+01, -4e+01, -4e+01, -4e+01, -4e+01, -4e+01, -4e+01, 4e+01, 4e+01, 4e+01, 4e+01, 4e+01, 4e+01, 4e+01, 4e+01, 4e+01, 4e+01, 4e+01, 4e+01, 4e+01, 4e+01, 4e+01, 4e+01, 4e+01, -4e+01, -4e+01, -4e+01, -4e+01, -4e+01, -4e+01, -4e+01, 4e+01, 4e+01, 4e+01, 4e+01, 4e+01, 4e+01, 4e+01, 4e+01, 4e+01, 4e+01, 4e+01, 4e+01, 4e+01, 4e+01, 4e+01, 4e+01, 4e+01, -4e+01, -4e+01, -4e+01, -4e+01, -4e+01, -4e+01, 4e+01, 4e+01, 4e+01, 4e+01, 4e+01, 4e+01, 4e+01, 4e+01, 4e+01, 4e+01, 4e+01, 4e+01, 4e+01, 4e+01, 4e+01, 4e+01, 4e+01, -4e+01, -4e+01, -4e+01, -4e+01, -4e+01, -4e+01, 4e+01, 4e+01, 4e+01, 4e+01, 4e+01, 4e+01, 4e+01, 4e+01, 4e+01, 4e+01, 4e+01, 4e+01, 4e+01, 4e+01, 4e+01, 4e+01]
borHol.port_b[2].m_flow=[-4e+01, -4e+01, -4e+01, -4e+01, -4e+01, -4e+01, -4e+01, -4e+01, -4e+01, 4e+01, 4e+01, 4e+01, 4e+01, 4e+01, 4e+01, -4e+01, -4e+01, -4e+01, -4e+01, -4e+01, -4e+01, -4e+01, -4e+01, -4e+01, -4e+01, -4e+01, -4e+01, -4e+01, -4e+01, -4e+01, -4e+01, -4e+01, 4e+01, 4e+01, 4e+01, 4e+01, 4e+01, 4e+01, 4e+01, -4e+01, -4e+01, -4e+01, -4e+01, -4e+01, -4e+01, -4e+01, -4e+01, -4e+01, -4e+01, -4e+01, -4e+01, -4e+01, -4e+01, -4e+01, -4e+01, -4e+01, 4e+01, 4e+01, 4e+01, 4e+01, 4e+01, 4e+01, -4e+01, -4e+01, -4e+01, -4e+01, -4e+01, -4e+01, -4e+01, -4e+01, -4e+01, -4e+01, -4e+01, -4e+01, -4e+01, -4e+01, -4e+01, -4e+01, -4e+01, 4e+01, 4e+01, 4e+01, 4e+01, 4e+01, 4e+01, -4e+01, -4e+01, -4e+01, -4e+01, -4e+01, -4e+01, -4e+01, -4e+01, -4e+01, -4e+01, -4e+01, -4e+01, -4e+01, -4e+01, -4e+01, -4e+01]
