last-generated=2026-08-06
statistics-initialization=
{
  "linear": "0",
  "nonlinear": "0, 0, 0, 0",
  "numerical Jacobians": "0"
}
statistics-simulation=
{
  "linear": "0",
  "nonlinear": " ",
  "number of continuous time states": "4",
  "numerical Jacobians": "0"
}
time=[0e+00, 1.728e+05]
PLig.y=[0e+00, 0e+00, 0e+00, 0e+00, 0e+00, 0e+00, 0e+00, 0e+00, 0e+00, 0e+00, 0e+00, 0e+00, 0e+00, 0e+00, 0e+00, 0e+00, 0e+00, 0e+00, 0e+00, 0e+00, 0e+00, 0e+00, 0e+00, 0e+00, 0e+00, 0e+00, 0e+00, 0e+00, 0e+00, 0e+00, 0e+00, 0e+00, 0e+00, 0e+00, 1e+03, 1e+03, 1e+03, 1e+03, 1e+03, 1e+03, 1e+03, 1e+03, 1e+03, 1e+03, 1e+03, 1e+03, 0e+00, 0e+00, 0e+00, 0e+00, 0e+00, 0e+00, 0e+00, 0e+00, 0e+00, 0e+00, 0e+00, 0e+00, 0e+00, 0e+00, 0e+00, 0e+00, 0e+00, 0e+00, 0e+00, 0e+00, 0e+00, 0e+00, 0e+00, 0e+00, 0e+00, 0e+00, 0e+00, 0e+00, 0e+00, 0e+00, 0e+00, 0e+00, 0e+00, 0e+00, 0e+00, 0e+00, 0e+00, 0e+00, 1e+03, 1e+03, 1e+03, 1e+03, 1e+03, 1e+03, 1e+03, 1e+03, 1e+03, 1e+03, 1e+03, 1e+03, 0e+00, 0e+00, 0e+00, 0e+00, 0e+00]
ligPow.y=[0e+00, 0e+00, 0e+00, 0e+00, 0e+00, 0e+00, 0e+00, 0e+00, 0e+00, 0e+00, 0e+00, 0e+00, 0e+00, 0e+00, 0e+00, 0e+00, 0e+00, 0e+00, 0e+00, 0e+00, 0e+00, 0e+00, 0e+00, 0e+00, 0e+00, 0e+00, 0e+00, 0e+00, 0e+00, 0e+00, 0e+00, 0e+00, 0e+00, 0e+00, 1e+03, 1e+03, 1e+03, 1e+03, 1e+03, 1e+03, 1e+03, 1e+03, 1e+03, 1e+03, 1e+03, 1e+03, 0e+00, 0e+00, 0e+00, 0e+00, 0e+00, 0e+00, 0e+00, 0e+00, 0e+00, 0e+00, 0e+00, 0e+00, 0e+00, 0e+00, 0e+00, 0e+00, 0e+00, 0e+00, 0e+00, 0e+00, 0e+00, 0e+00, 0e+00, 0e+00, 0e+00, 0e+00, 0e+00, 0e+00, 0e+00, 0e+00, 0e+00, 0e+00, 0e+00, 0e+00, 0e+00, 0e+00, 0e+00, 0e+00, 1e+03, 1e+03, 1e+03, 1e+03, 1e+03, 1e+03, 1e+03, 1e+03, 1e+03, 1e+03, 1e+03, 1e+03, 0e+00, 0e+00, 0e+00, 0e+00, 0e+00]
zon.TAir=[2.931499938964844e+02, 2.897815551757812e+02, 2.890986022949219e+02, 2.8847021484375e+02, 2.879378356933594e+02, 2.874756164550781e+02, 2.870654907226562e+02, 2.866681823730469e+02, 2.862765808105469e+02, 2.859261169433594e+02, 2.856129150390625e+02, 2.853024597167969e+02, 2.849971618652344e+02, 2.847006225585938e+02, 2.844098205566406e+02, 2.841344299316406e+02, 2.841356201171875e+02, 2.846519775390625e+02, 2.853707885742188e+02, 2.860830688476562e+02, 2.868332214355469e+02, 2.874642639160156e+02, 2.88014404296875e+02, 2.883547668457031e+02, 2.886093139648438e+02, 2.886016845703125e+02, 2.884585571289062e+02, 2.883843994140625e+02, 2.882759399414062e+02, 2.882126159667969e+02, 2.881266784667969e+02, 2.879358215332031e+02, 2.876266174316406e+02, 2.87290771484375e+02, 2.878954162597656e+02, 2.876939086914062e+02, 2.875412902832031e+02, 2.873562927246094e+02, 2.871611938476562e+02, 2.869544067382812e+02, 2.867699279785156e+02, 2.866859741210938e+02, 2.86620361328125e+02, 2.8650830078125e+02, 2.863941650390625e+02, 2.862947387695312e+02, 2.861955871582031e+02, 2.849975891113281e+02, 2.847500610351562e+02, 2.845018005371094e+02, 2.842842102050781e+02, 2.843942260742188e+02, 2.84093994140625e+02, 2.839325256347656e+02, 2.838304138183594e+02, 2.8367626953125e+02, 2.834995422363281e+02, 2.833637084960938e+02, 2.832614440917969e+02, 2.831935424804688e+02, 2.8317822265625e+02, 2.831362915039062e+02, 2.830477294921875e+02, 2.826654968261719e+02, 2.825326538085938e+02, 2.825697021484375e+02, 2.825477294921875e+02, 2.830721435546875e+02, 2.835030822753906e+02, 2.837613830566406e+02, 2.840616149902344e+02, 2.842887268066406e+02, 2.845220336914062e+02, 2.848024291992188e+02, 2.850622253417969e+02, 2.852939147949219e+02, 2.85298095703125e+02, 2.854877319335938e+02, 2.857875671386719e+02, 2.857541198730469e+02, 2.856985778808594e+02, 2.856051940917969e+02, 2.85474365234375e+02, 2.853742065429688e+02, 2.860601501464844e+02, 2.861108093261719e+02, 2.858701782226562e+02, 2.856958923339844e+02, 2.85408447265625e+02, 2.852980346679688e+02, 2.852854309082031e+02, 2.852630615234375e+02, 2.852522583007812e+02, 2.852537841796875e+02, 2.852644348144531e+02, 2.8528515625e+02, 2.85304443359375e+02, 2.8409423828125e+02, 2.837125244140625e+02, 2.835157775878906e+02, 2.833348693847656e+02]
