last-generated=2015-05-22
statistics-initialization={'numerical Jacobians': '0', 'nonlinear': '12', 'linear': '19'}
statistics-simulation={'numerical Jacobians': '0', 'nonlinear': '1, 12, 1, 1, 1, 1, 1', 'number of continuous time states': '49', 'linear': '0, 0, 0, 0, 0, 0, 0, 0, 0, 0, 0'}
staRes.minT.Max=[271.54998779296875, 271.54998779296875]
staRes.maxT.Max=[317.95001220703125, 317.95001220703125]
staRes.maxT.Min=[314.75, 314.75]
TRooHou.y=[0., 281.142303466796875, 288.92598266601561363132, 296.08698120117185226263, 296.074127197265625, 292.389739990234375, 289.69151000976563636868, 291.89977416992189773737, 290.54143676757814773737, 298.91597290039061363132, 278.71173095703125, 284.58036499023438636868, 300.31837158203126136868, 281.58243408203122726263, 291.77656860351561363132, 299.208740234375, 293.41162719726560226263, 292.00107421874997726263, 293.90755615234377273737, 289.621429443359375, 297.026824951171875, 296.10822753906251136868, 292.34999389648436363132, 292.82683715820314773737, 303.65861816406248863132, 296.140228271484375, 293.11693115234373863132, 298.08765869140626136868, 290.02028808593752273737, 296.68078002929689773737, 297.76568603515625, 297.75614624023438636868, 305.837249755859375, 293.26820678710936363132, 297.77973022460935226263, 298.56597900390625, 291.62856445312502273737, 299.26109619140623863132, 305.12781982421876136868, 296.25609130859373863132, 301.48785400390625, 300.57604370117189773737, 297.43449096679688636868, 303.33076782226561363132, 292.44833984374997726263, 300.480255126953125, 298.57257690429685226263, 300.70805053710938636868, 301.339111328125, 307.18689575195310226263, 309.136260986328125, 297.94701538085939773737, 307.12489013671876136868, 303.26105346679685226263, 304.442169189453125, 310.206787109375, 305.93889770507814773737, 308.83685302734375, 312.3541259765625, 303.22212524414061363132, 305.72003173828125, 310.32871093749997726263, 302.1671142578125, 309.18441162109377273737, 306.92246704101563636868, 302.788238525390625, 311.36655883789063636868, 312.83753051757810226263, 306.10005493164061363132, 310.19487304687498863132, 306.607421875, 300.78644409179685226263, 304.37916259765626136868, 302.85305175781252273737, 299.42545166015622726263, 300.73748779296875, 300.34038696289064773737, 294.48084716796876136868, 302.34631958007810226263, 300.16314086914064773737, 304.649169921875, 310.19640502929689773737, 297.69420776367189773737, 292.91107177734375, 295.54981079101560226263, 295.63006591796875, 299.14014892578126136868, 286.461669921875, 292.27555541992188636868, 300.52593994140625, 297.112060546875, 293.48580322265627273737, 286.3739013671875, 287.37196044921876136868, 284.02001953125, 291.098876953125, 285.84686889648435226263, 293.41654663085938636868, 303.21694335937502273737, 289.70314331054686363132, 294.1387939453125]
time=[0., 31536000.]
staRes.minT.Min=[266.75, 266.75]
staRes.minT.Mean=[268.95001220703125, 268.95001220703125]
staRes.maxT.Mean=[316.25, 316.25]
staRes.meanT.Min=[297.649993896484375, 297.649993896484375]
TRooAnn.y=[0., 0., 0., 0., 0., 0., 0., 0., 0., 0., 0., 0., 0., 0., 0., 0., 0., 0., 0., 0., 0., 0., 0., 0., 0., 0., 0., 0., 0., 0., 0., 0., 0., 0., 0., 0., 0., 0., 0., 0., 0., 0., 0., 0., 0., 0., 0., 0., 0., 0., 0., 0., 0., 0., 0., 0., 0., 0., 0., 0., 0., 0., 0., 0., 0., 0., 0., 0., 0., 0., 0., 0., 0., 0., 0., 0., 0., 0., 0., 0., 0., 0., 0., 0., 0., 0., 0., 0., 0., 0., 0., 0., 0., 0., 0., 0., 0., 0., 0., 0., 0.]
staRes.meanT.Mean=[298.350006103515625, 298.350006103515625]
staRes.meanT.Max=[299.04998779296875, 299.04998779296875]
