last-generated=2026-10-10
statistics-initialization=
{
  "nonlinear": "1",
  "numerical Jacobians": "0"
}
statistics-simulation=
{
  "linear": "0",
  "nonlinear": "0, 1",
  "number of continuous time states": "21",
  "numerical Jacobians": "0"
}
time=[0e+00, 3.6e+03]
hex.m1_flow=[1.000000014901161e-01, 4.742641746997833e-02, 1.545312535017729e-02, 2.559484541416168e-02, 1.966073364019394e-02, 1.56830120831728e-02, 1.912554726004601e-02, 2.151593379676342e-02, 2.152243256568909e-02, 2.15791966766119e-02, 2.172152884304523e-02, 2.187046408653259e-02, 2.20216941088438e-02, 2.217520959675312e-02, 2.233102917671204e-02, 2.248920686542988e-02, 2.264982089400291e-02, 1.548710931092501e-02, 4.817325156182051e-03, 2.666666318873467e-07, 2.666666034656373e-07, 2.631576033309102e-03, 2.58176214993e-03, 2.62012705206871e-03, 2.64392327517271e-03, 2.661679871380329e-03, 2.676574280485511e-03, 2.690272638574243e-03, 2.703622682020068e-03, 2.716894261538982e-03, 2.730302279815078e-03, 2.743883291259408e-03, 2.757415408268571e-03, 2.771554514765739e-03, 6.374208722263575e-03, 1.266291458159685e-02, 1.520118955522776e-02, 1.945806108415127e-02, 2.464869432151318e-02, 3.123824298381805e-02, 4.047045111656189e-02, 5.574099346995354e-02, 7.034254819154739e-02, 7.092077285051346e-02, 7.303488999605179e-02, 4.310064390301704e-02, 1.390610449016094e-02, 3.803759440779686e-02, 2.273128181695938e-02, 3.257389739155769e-02, 2.713348530232906e-02, 2.976377122104168e-02, 3.070073574781418e-02, 2.807723544538021e-02, 3.373506665229776e-02, 2.717108838260195e-02, 3.615064918994881e-02, 2.697819098830223e-02, 3.777839988470078e-02, 3.461741656064987e-02, 2.297554910182953e-02, 5.343145132064819e-02, 2.403070963919163e-02, 3.969457000494003e-02, 3.970170393586159e-02, 3.65770012140274e-02, 3.523090481758118e-02, 3.522302582859993e-02, 3.522331267595291e-02, 3.52233313024044e-02, 3.522332385182381e-02, 3.522332385182381e-02, 3.522332385182381e-02, 3.522332385182381e-02, 3.522332385182381e-02, 3.522332385182381e-02, 3.522332385182381e-02, 3.522332385182381e-02, 3.522332385182381e-02, 3.522332385182381e-02, 3.522332385182381e-02, 3.522332385182381e-02, 3.522332385182381e-02, 3.522332385182381e-02, 1.649640500545502e-02, 5.134463310241699e-03, 2.666665750439279e-07, 2.666666034656373e-07, 3.018072340637445e-03, 3.215620759874582e-03, 3.330292645841837e-03, 3.326943377032876e-03, 3.299879375845194e-03, 3.290046472102404e-03, 3.291889792308211e-03, 3.294433001428843e-03, 3.294620895758271e-03, 3.294060938060284e-03, 3.293802728876472e-03, 3.293717978522182e-03, 3.293770831078291e-03]
hex.m2_flow=[3.429285809397697e-02, 2.800000086426735e-02, 2.800000086426735e-02, 2.800000086426735e-02, 2.800000086426735e-02, 2.800000086426735e-02, 2.800000086426735e-02, 2.800000086426735e-02, 2.800000086426735e-02, 2.800000086426735e-02, 2.800000086426735e-02, 2.800000086426735e-02, 2.800000086426735e-02, 2.800000086426735e-02, 2.800000086426735e-02, 2.800000086426735e-02, 2.800000086426735e-02, 2.800000086426735e-02, 2.800000086426735e-02, 2.800000086426735e-02, 2.800000086426735e-02, 2.800000086426735e-02, 2.800000086426735e-02, 2.800000086426735e-02, 2.800000086426735e-02, 2.800000086426735e-02, 2.800000086426735e-02, 2.800000086426735e-02, 2.800000086426735e-02, 2.800000086426735e-02, 2.800000086426735e-02, 2.800000086426735e-02, 2.800000086426735e-02, 2.800000086426735e-02, 2.800000086426735e-02, 2.800000086426735e-02, 2.800000086426735e-02, 2.800000086426735e-02, 2.800000086426735e-02, 2.800000086426735e-02, 2.800000086426735e-02, 2.800000086426735e-02, 2.800000086426735e-02, 2.800000086426735e-02, 2.800000086426735e-02, 2.800000086426735e-02, 2.800000086426735e-02, 2.800000086426735e-02, 2.800000086426735e-02, 2.800000086426735e-02, 2.800000086426735e-02, 2.800000086426735e-02, 2.800000086426735e-02, 2.800000086426735e-02, 2.800000086426735e-02, 2.800000086426735e-02, 2.800000086426735e-02, 2.800000086426735e-02, 2.800000086426735e-02, 2.800000086426735e-02, 2.800000086426735e-02, 2.800000086426735e-02, 2.800000086426735e-02, 2.800000086426735e-02, 2.800000086426735e-02, 2.800000086426735e-02, 2.800000086426735e-02, 2.800000086426735e-02, 2.800000086426735e-02, 2.800000086426735e-02, 2.800000086426735e-02, 2.800000086426735e-02, 2.800000086426735e-02, 2.800000086426735e-02, 2.800000086426735e-02, 2.800000086426735e-02, 2.800000086426735e-02, 2.800000086426735e-02, 2.800000086426735e-02, 2.800000086426735e-02, 2.800000086426735e-02, 2.800000086426735e-02, 2.800000086426735e-02, 2.800000086426735e-02, 2.800000086426735e-02, 2.800000086426735e-02, 2.800000086426735e-02, 2.800000086426735e-02, 2.800000086426735e-02, 2.800000086426735e-02, 2.800000086426735e-02, 2.800000086426735e-02, 2.800000086426735e-02, 2.800000086426735e-02, 2.800000086426735e-02, 2.800000086426735e-02, 2.800000086426735e-02, 2.800000086426735e-02, 2.800000086426735e-02, 2.800000086426735e-02, 2.800000086426735e-02]
con.u_s=[2.881499938964844e+02, 2.881499938964844e+02, 2.881499938964844e+02, 2.881499938964844e+02, 2.881499938964844e+02, 2.881499938964844e+02, 2.881499938964844e+02, 2.881499938964844e+02, 2.881499938964844e+02, 2.881499938964844e+02, 2.881499938964844e+02, 2.881499938964844e+02, 2.881499938964844e+02, 2.881499938964844e+02, 2.881499938964844e+02, 2.881499938964844e+02, 2.881499938964844e+02, 2.981499938964844e+02, 2.981499938964844e+02, 2.981499938964844e+02, 2.981499938964844e+02, 2.981499938964844e+02, 2.981499938964844e+02, 2.981499938964844e+02, 2.981499938964844e+02, 2.981499938964844e+02, 2.981499938964844e+02, 2.981499938964844e+02, 2.981499938964844e+02, 2.981499938964844e+02, 2.981499938964844e+02, 2.981499938964844e+02, 2.981499938964844e+02, 2.981499938964844e+02, 2.969500122070312e+02, 2.951499938964844e+02, 2.933500061035156e+02, 2.915499877929688e+02, 2.8975e+02, 2.879500122070312e+02, 2.861499938964844e+02, 2.843500061035156e+02, 2.831499938964844e+02, 2.831499938964844e+02, 2.831499938964844e+02, 2.881499938964844e+02, 2.881499938964844e+02, 2.881499938964844e+02, 2.881499938964844e+02, 2.881499938964844e+02, 2.881499938964844e+02, 2.881499938964844e+02, 2.881499938964844e+02, 2.881499938964844e+02, 2.881499938964844e+02, 2.881499938964844e+02, 2.881499938964844e+02, 2.881499938964844e+02, 2.881499938964844e+02, 2.881499938964844e+02, 2.881499938964844e+02, 2.881499938964844e+02, 2.881499938964844e+02, 2.881499938964844e+02, 2.881499938964844e+02, 2.881499938964844e+02, 2.881499938964844e+02, 2.881499938964844e+02, 2.881499938964844e+02, 2.881499938964844e+02, 2.881499938964844e+02, 2.881499938964844e+02, 2.881499938964844e+02, 2.881499938964844e+02, 2.881499938964844e+02, 2.881499938964844e+02, 2.881499938964844e+02, 2.881499938964844e+02, 2.881499938964844e+02, 2.881499938964844e+02, 2.881499938964844e+02, 2.881499938964844e+02, 2.881499938964844e+02, 2.881499938964844e+02, 2.981499938964844e+02, 2.981499938964844e+02, 2.981499938964844e+02, 2.981499938964844e+02, 2.981499938964844e+02, 2.981499938964844e+02, 2.981499938964844e+02, 2.981499938964844e+02, 2.981499938964844e+02, 2.981499938964844e+02, 2.981499938964844e+02, 2.981499938964844e+02, 2.981499938964844e+02, 2.981499938964844e+02, 2.981499938964844e+02, 2.981499938964844e+02, 2.981499938964844e+02]
con.u_m=[2.931499938964844e+02, 2.809230041503906e+02, 2.863868713378906e+02, 2.883923645019531e+02, 2.892126770019531e+02, 2.886140441894531e+02, 2.884253234863281e+02, 2.88149658203125e+02, 2.881500244140625e+02, 2.8815185546875e+02, 2.881524047851562e+02, 2.881524658203125e+02, 2.881524658203125e+02, 2.881524963378906e+02, 2.881525268554688e+02, 2.881525268554688e+02, 2.881525573730469e+02, 2.890262451171875e+02, 2.945445556640625e+02, 2.969141845703125e+02, 2.977554321289062e+02, 2.981652221679688e+02, 2.981506042480469e+02, 2.981502990722656e+02, 2.981502075195312e+02, 2.981501770019531e+02, 2.98150146484375e+02, 2.98150146484375e+02, 2.98150146484375e+02, 2.98150146484375e+02, 2.98150146484375e+02, 2.98150146484375e+02, 2.98150146484375e+02, 2.981501770019531e+02, 2.977022399902344e+02, 2.945643310546875e+02, 2.93447021484375e+02, 2.916368103027344e+02, 2.898341674804688e+02, 2.880382385253906e+02, 2.862528686523438e+02, 2.844935302734375e+02, 2.831219787597656e+02, 2.831636657714844e+02, 2.831639709472656e+02, 2.840972290039062e+02, 2.894604797363281e+02, 2.885292358398438e+02, 2.876856384277344e+02, 2.891792907714844e+02, 2.871400451660156e+02, 2.895145568847656e+02, 2.868663635253906e+02, 2.897041015625e+02, 2.867276306152344e+02, 2.897907104492188e+02, 2.86676025390625e+02, 2.897999267578125e+02, 2.866822509765625e+02, 2.888642272949219e+02, 2.884670715332031e+02, 2.874068298339844e+02, 2.893363037109375e+02, 2.870588684082031e+02, 2.885900573730469e+02, 2.884300842285156e+02, 2.881486206054688e+02, 2.881500244140625e+02, 2.881499938964844e+02, 2.881499938964844e+02, 2.881499938964844e+02, 2.881499938964844e+02, 2.881499938964844e+02, 2.881499938964844e+02, 2.881499938964844e+02, 2.881499938964844e+02, 2.881499938964844e+02, 2.881499938964844e+02, 2.881499938964844e+02, 2.881499938964844e+02, 2.881499938964844e+02, 2.881499938964844e+02, 2.881499938964844e+02, 2.881499938964844e+02, 2.90318603515625e+02, 2.953475036621094e+02, 2.973963012695312e+02, 2.980838623046875e+02, 2.981636657714844e+02, 2.981720886230469e+02, 2.981569213867188e+02, 2.981476440429688e+02, 2.981475830078125e+02, 2.981495666503906e+02, 2.981503295898438e+02, 2.981501770019531e+02, 2.981499633789062e+02, 2.981499328613281e+02, 2.981499633789062e+02, 2.981499938964844e+02, 2.981500244140625e+02]
hex.Q1_flow=[0e+00, 1.518813110351562e+03, 1.043986206054688e+03, 1.305761474609375e+03, 1.178176635742188e+03, 1.00612548828125e+03, 1.13092236328125e+03, 1.17574462890625e+03, 1.175870239257812e+03, 1.17607861328125e+03, 1.176098266601562e+03, 1.176127197265625e+03, 1.176158569335938e+03, 1.176190551757812e+03, 1.17622265625e+03, 1.176254760742188e+03, 1.176287353515625e+03, 9.474185791015625e+02, 5.075312194824219e+02, 3.312350158691406e+02, 2.453978424072266e+02, 2.185700378417969e+02, 2.194942932128906e+02, 2.221099090576172e+02, 2.237984008789062e+02, 2.248065643310547e+02, 2.253734130859375e+02, 2.2567529296875e+02, 2.25826904296875e+02, 2.258955078125e+02, 2.259205932617188e+02, 2.259235229492188e+02, 2.259124450683594e+02, 2.259015350341797e+02, 3.262879943847656e+02, 6.243089599609375e+02, 7.852208251953125e+02, 9.494771728515625e+02, 1.10475e+03, 1.250165893554688e+03, 1.387742065429688e+03, 1.519474609375e+03, 1.527243286132812e+03, 1.52557470703125e+03, 1.525740234375e+03, 1.297487915039062e+03, 8.508912963867188e+02, 1.330928344726562e+03, 1.036066650390625e+03, 1.241217651367188e+03, 1.101707275390625e+03, 1.192267944335938e+03, 1.144325073242188e+03, 1.1612275390625e+03, 1.17439562988281e+03, 1.14206335449219e+03, 1.193653564453122e+03, 1.133058715820312e+03, 1.20184033203125e+03, 1.234704956054688e+03, 9.853533935546875e+02, 1.430381225585938e+03, 1.062222778320312e+03, 1.196608276367188e+03, 1.269230712890625e+03, 1.240621948242188e+03, 1.177802001953125e+03, 1.177753540039062e+03, 1.17775341796875e+03, 1.177754760742188e+03, 1.177754516601562e+03, 1.177754516601562e+03, 1.177754516601562e+03, 1.177754516601562e+03, 1.177754516601562e+03, 1.177754516601562e+03, 1.177754516601562e+03, 1.177754516601562e+03, 1.177754516601562e+03, 1.177754516601562e+03, 1.177754516601562e+03, 1.177754516601562e+03, 1.177754516601562e+03, 1.177754516601562e+03, 8.27637451171875e+02, 4.331933898925781e+02, 2.796523742675781e+02, 2.092847595214844e+02, 2.157673950195312e+02, 2.184746246337891e+02, 2.224476470947266e+02, 2.244053192138672e+02, 2.248656616210938e+02, 2.249316253662109e+02, 2.250143890380859e+02, 2.251069030761719e+02, 2.251557006835938e+02, 2.251655883789062e+02, 2.251661682128906e+02, 2.251657104492188e+02, 2.251657104492188e+02]
hex.Q2_flow=[0e+00, -1.596110595703125e+03, -1.175265625e+03, -1.232286743164062e+03, -1.13562060546875e+03, -1.065496459960938e+03, -1.138134887695312e+03, -1.175814208984375e+03, -1.175871337890625e+03, -1.175922241210938e+03, -1.175927124023438e+03, -1.175954467773438e+03, -1.175984008789062e+03, -1.176014038085938e+03, -1.176044189453125e+03, -1.176074340820312e+03, -1.176104736328125e+03, -1.025384643554688e+03, -5.546632080078125e+02, -3.468947448730469e+02, -2.5673876953125e+02, -2.207806854248047e+02, -2.226010437011719e+02, -2.240751495361328e+02, -2.249452056884766e+02, -2.254317474365234e+02, -2.256885223388672e+02, -2.258155212402344e+02, -2.258714294433594e+02, -2.258900146484375e+02, -2.258890228271484e+02, -2.258786010742188e+02, -2.258626708984375e+02, -2.258442840576172e+02, -3.012574157714844e+02, -6.204849243164062e+02, -7.5861279296875e+02, -9.226719970703125e+02, -1.075833129882812e+03, -1.218228881835938e+03, -1.351351318359375e+03, -1.476063598632812e+03, -1.526671630859375e+03, -1.524346069335938e+03, -1.524447387695312e+03, -1.385423583984375e+03, -9.57802001953125e+02, -1.240448852539062e+03, -1.123560546875e+03, -1.17064306640625e+03, -1.17777392578125e+03, -1.132865966796875e+03, -1.20966943359375e+03, -1.1095888671875e+03, -1.230075439453123e+03, -1.096271484375002e+03, -1.241769287109373e+03, -1.091171997070312e+03, -1.245734375e+03, -1.179111206054688e+03, -1.067744873046875e+03, -1.331253662109375e+03, -1.070133056640625e+03, -1.229508666992188e+03, -1.206961791992188e+03, -1.197964111328125e+03, -1.177832641601562e+03, -1.177753540039062e+03, -1.177754028320312e+03, -1.177754638671875e+03, -1.177754516601562e+03, -1.177754516601562e+03, -1.177754516601562e+03, -1.177754516601562e+03, -1.177754516601562e+03, -1.177754516601562e+03, -1.177754516601562e+03, -1.177754516601562e+03, -1.177754516601562e+03, -1.177754516601562e+03, -1.177754516601562e+03, -1.177754516601562e+03, -1.177754516601562e+03, -1.177754516601562e+03, -9.113615112304688e+02, -4.788615112304688e+02, -2.935941162109375e+02, -2.205047454833984e+02, -2.195350799560547e+02, -2.206252593994141e+02, -2.235345916748047e+02, -2.250156555175781e+02, -2.252081604003906e+02, -2.251004791259766e+02, -2.250832214355469e+02, -2.251320037841797e+02, -2.251660003662109e+02, -2.251707305908203e+02, -2.251685333251953e+02, -2.251667633056641e+02, -2.251659393310547e+02]
hex.QLat2_flow=[0e+00, -9.807425537109375e+02, -7.359111328125e+02, -7.804005737304688e+02, -7.192355346679688e+02, -6.694698486328125e+02, -7.183084106445312e+02, -7.41936279296875e+02, -7.419766235351562e+02, -7.420305786132812e+02, -7.4204541015625e+02, -7.420733642578125e+02, -7.421027221679688e+02, -7.421325073242188e+02, -7.421624755859375e+02, -7.421924438476562e+02, -7.422227172851562e+02, -6.431026611328125e+02, -3.223761901855469e+02, -1.721528015136719e+02, -1.050274200439453e+02, -7.773281860351562e+01, -7.955961608886719e+01, -8.065404510498047e+01, -8.125685882568359e+01, -8.157378387451172e+01, -8.173030090332031e+01, -8.180086517333984e+01, -8.182623291015625e+01, -8.182884216308594e+01, -8.181990814208984e+01, -8.180538940429688e+01, -8.178793334960938e+01, -8.176881408691406e+01, -1.35656005859375e+02, -3.693277282714844e+02, -4.679718322753906e+02, -5.797140502929688e+02, -6.80318115234375e+02, -7.70246337890625e+02, -8.50906982421875e+02, -9.232402954101562e+02, -9.488336791992188e+02, -9.476551513671875e+02, -9.477411499023438e+02, -8.644837646484375e+02, -5.9855029296875e+02, -7.869847412109375e+02, -7.058262939453125e+02, -7.425043334960938e+02, -7.401973876953125e+02, -7.181641235351562e+02, -7.603904418945312e+02, -7.030653686523438e+02, -7.733693237304673e+02, -6.943637084960952e+02, -7.808908081054674e+02, -6.90983642578125e+02, -7.835401611328125e+02, -7.472889404296875e+02, -6.70729248046875e+02, -8.429498901367188e+02, -6.757371215820312e+02, -7.741859130859375e+02, -7.650445556640625e+02, -7.587225952148438e+02, -7.438982543945312e+02, -7.438485717773438e+02, -7.438487548828125e+02, -7.438492431640625e+02, -7.4384912109375e+02, -7.4384912109375e+02, -7.4384912109375e+02, -7.4384912109375e+02, -7.4384912109375e+02, -7.4384912109375e+02, -7.4384912109375e+02, -7.4384912109375e+02, -7.4384912109375e+02, -7.4384912109375e+02, -7.4384912109375e+02, -7.4384912109375e+02, -7.4384912109375e+02, -7.4384912109375e+02, -5.685630493164062e+02, -2.691897583007812e+02, -1.323814086914062e+02, -7.833924865722656e+01, -7.710153198242188e+01, -7.790898895263672e+01, -8.002432250976562e+01, -8.108303833007812e+01, -8.11898193359375e+01, -8.108448791503906e+01, -8.105768585205078e+01, -8.108779907226562e+01, -8.111071014404297e+01, -8.111321258544922e+01, -8.111104583740234e+01, -8.110948181152344e+01, -8.110874938964844e+01]
hex.QSen2_flow=[0e+00, -6.153681030273438e+02, -4.393544616699219e+02, -4.518861999511719e+02, -4.16385009765625e+02, -3.960266418457031e+02, -4.198264465332031e+02, -4.338779907226562e+02, -4.338946533203125e+02, -4.338916625976562e+02, -4.338817138671875e+02, -4.338811645507812e+02, -4.338812561035156e+02, -4.338815002441406e+02, -4.338817138671875e+02, -4.338818664550781e+02, -4.338820495605469e+02, -3.82281982421875e+02, -2.322870178222656e+02, -1.747419586181641e+02, -1.517113342285156e+02, -1.430478668212891e+02, -1.430414276123047e+02, -1.434211120605469e+02, -1.436883544921875e+02, -1.438579559326172e+02, -1.439582214355469e+02, -1.440146636962891e+02, -1.440451965332031e+02, -1.440611724853516e+02, -1.440691223144531e+02, -1.440732116699219e+02, -1.440747375488281e+02, -1.440754699707031e+02, -1.656014099121094e+02, -2.511572113037109e+02, -2.906409606933594e+02, -3.429579467773438e+02, -3.955149841308594e+02, -4.479826049804688e+02, -5.004443054199219e+02, -5.528233642578125e+02, -5.778379516601562e+02, -5.766909790039062e+02, -5.767062377929688e+02, -5.209398193359375e+02, -3.592516784667969e+02, -4.53464111328125e+02, -4.177343139648438e+02, -4.281387634277344e+02, -4.375765075683594e+02, -4.147018432617188e+02, -4.492790222167969e+02, -4.065235595703125e+02, -4.567061157226554e+02, -4.019077148437508e+02, -4.608785095214836e+02, -4.001883850097656e+02, -4.621941833496094e+02, -4.318222045898438e+02, -3.97015625e+02, -4.883038024902344e+02, -3.943959350585938e+02, -4.553227233886719e+02, -4.41917236328125e+02, -4.392415161132812e+02, -4.33934326171875e+02, -4.33905029296875e+02, -4.339052734375e+02, -4.339054565429688e+02, -4.339053955078125e+02, -4.339054260253906e+02, -4.339054260253906e+02, -4.339054260253906e+02, -4.339054260253906e+02, -4.339054260253906e+02, -4.339054260253906e+02, -4.339054260253906e+02, -4.339054260253906e+02, -4.339054260253906e+02, -4.339054260253906e+02, -4.339054260253906e+02, -4.339054260253906e+02, -4.339054260253906e+02, -3.427984619140625e+02, -2.096717529296875e+02, -1.612127227783203e+02, -1.421654968261719e+02, -1.424335479736328e+02, -1.427162780761719e+02, -1.435102844238281e+02, -1.439326171875e+02, -1.440183410644531e+02, -1.440159912109375e+02, -1.440255279541016e+02, -1.440442047119141e+02, -1.440552978515625e+02, -1.440575103759766e+02, -1.440574798583984e+02, -1.440572814941406e+02, -1.440571899414062e+02]
autTunSig.y=[0e+00, 0e+00, 0e+00, 1e+00, 1e+00, 1e+00, 1e+00, 1e+00, 1e+00, 1e+00, 1e+00, 1e+00, 1e+00, 1e+00, 0e+00, 0e+00, 0e+00, 0e+00, 0e+00, 0e+00, 0e+00, 0e+00, 0e+00, 0e+00, 0e+00, 0e+00, 0e+00, 0e+00, 0e+00, 0e+00, 0e+00, 0e+00, 0e+00, 0e+00, 0e+00, 0e+00, 0e+00, 0e+00, 0e+00, 0e+00, 0e+00, 0e+00, 0e+00, 0e+00, 0e+00, 0e+00, 0e+00, 0e+00, 0e+00, 0e+00, 0e+00, 0e+00, 0e+00, 0e+00, 0e+00, 0e+00, 0e+00, 0e+00, 0e+00, 1e+00, 1e+00, 1e+00, 1e+00, 1e+00, 1e+00, 1e+00, 1e+00, 1e+00, 1e+00, 1e+00, 0e+00, 0e+00, 0e+00, 0e+00, 0e+00, 0e+00, 0e+00, 0e+00, 0e+00, 0e+00, 0e+00, 0e+00, 0e+00, 0e+00, 0e+00, 0e+00, 0e+00, 0e+00, 0e+00, 0e+00, 0e+00, 0e+00, 0e+00, 0e+00, 0e+00, 0e+00, 0e+00, 0e+00, 0e+00, 0e+00, 0e+00]
con.inTunPro.y=[0e+00, 0e+00, 0e+00, 1e+00, 1e+00, 0e+00, 0e+00, 0e+00, 0e+00, 0e+00, 0e+00, 0e+00, 0e+00, 0e+00, 0e+00, 0e+00, 0e+00, 0e+00, 0e+00, 0e+00, 0e+00, 0e+00, 0e+00, 0e+00, 0e+00, 0e+00, 0e+00, 0e+00, 0e+00, 0e+00, 0e+00, 0e+00, 0e+00, 0e+00, 0e+00, 0e+00, 0e+00, 0e+00, 0e+00, 0e+00, 0e+00, 0e+00, 0e+00, 0e+00, 0e+00, 0e+00, 0e+00, 0e+00, 0e+00, 0e+00, 0e+00, 0e+00, 0e+00, 0e+00, 0e+00, 0e+00, 0e+00, 0e+00, 0e+00, 1e+00, 1e+00, 0e+00, 0e+00, 0e+00, 0e+00, 0e+00, 0e+00, 0e+00, 0e+00, 0e+00, 0e+00, 0e+00, 0e+00, 0e+00, 0e+00, 0e+00, 0e+00, 0e+00, 0e+00, 0e+00, 0e+00, 0e+00, 0e+00, 0e+00, 0e+00, 0e+00, 0e+00, 0e+00, 0e+00, 0e+00, 0e+00, 0e+00, 0e+00, 0e+00, 0e+00, 0e+00, 0e+00, 0e+00, 0e+00, 0e+00, 0e+00]
con.con.k=[1e+00, 1e+00, 1e+00, 1e+00, 1e+00, 6.486613154411316e-01, 6.486613154411316e-01, 6.486613154411316e-01, 6.486613154411316e-01, 6.486613154411316e-01, 6.486613154411316e-01, 6.486613154411316e-01, 6.486613154411316e-01, 6.486613154411316e-01, 6.486613154411316e-01, 6.486613154411316e-01, 6.486613154411316e-01, 6.486613154411316e-01, 6.486613154411316e-01, 6.486613154411316e-01, 6.486613154411316e-01, 6.486613154411316e-01, 6.486613154411316e-01, 6.486613154411316e-01, 6.486613154411316e-01, 6.486613154411316e-01, 6.486613154411316e-01, 6.486613154411316e-01, 6.486613154411316e-01, 6.486613154411316e-01, 6.486613154411316e-01, 6.486613154411316e-01, 6.486613154411316e-01, 6.486613154411316e-01, 6.486613154411316e-01, 6.486613154411316e-01, 6.486613154411316e-01, 6.486613154411316e-01, 6.486613154411316e-01, 6.486613154411316e-01, 6.486613154411316e-01, 6.486613154411316e-01, 6.486613154411316e-01, 6.486613154411316e-01, 6.486613154411316e-01, 6.486613154411316e-01, 6.486613154411316e-01, 6.486613154411316e-01, 6.486613154411316e-01, 6.486613154411316e-01, 6.486613154411316e-01, 6.486613154411316e-01, 6.486613154411316e-01, 6.486613154411316e-01, 6.486613154411316e-01, 6.486613154411316e-01, 6.486613154411316e-01, 6.486613154411316e-01, 6.486613154411316e-01, 6.486613154411316e-01, 6.486613154411316e-01, 6.486613154411316e-01, 6.486613154411316e-01, 6.486613154411316e-01, 6.486613154411316e-01, 6.486613154411316e-01, 6.486613154411316e-01, 6.486613154411316e-01, 6.486613154411316e-01, 6.486613154411316e-01, 6.486613154411316e-01, 6.486613154411316e-01, 6.486613154411316e-01, 6.486613154411316e-01, 6.486613154411316e-01, 6.486613154411316e-01, 6.486613154411316e-01, 6.486613154411316e-01, 6.486613154411316e-01, 6.486613154411316e-01, 6.486613154411316e-01, 6.486613154411316e-01, 6.486613154411316e-01, 6.486613154411316e-01, 6.486613154411316e-01, 6.486613154411316e-01, 6.486613154411316e-01, 6.486613154411316e-01, 6.486613154411316e-01, 6.486613154411316e-01, 6.486613154411316e-01, 6.486613154411316e-01, 6.486613154411316e-01, 6.486613154411316e-01, 6.486613154411316e-01, 6.486613154411316e-01, 6.486613154411316e-01, 6.486613154411316e-01, 6.486613154411316e-01, 6.486613154411316e-01, 6.486613154411316e-01]
con.con.Ti=[5e-01, 5e-01, 5e-01, 5e-01, 5e-01, 6.399686813354492e+00, 6.399686813354492e+00, 6.399686813354492e+00, 6.399686813354492e+00, 6.399686813354492e+00, 6.399686813354492e+00, 6.399686813354492e+00, 6.399686813354492e+00, 6.399686813354492e+00, 6.399686813354492e+00, 6.399686813354492e+00, 6.399686813354492e+00, 6.399686813354492e+00, 6.399686813354492e+00, 6.399686813354492e+00, 6.399686813354492e+00, 6.399686813354492e+00, 6.399686813354492e+00, 6.399686813354492e+00, 6.399686813354492e+00, 6.399686813354492e+00, 6.399686813354492e+00, 6.399686813354492e+00, 6.399686813354492e+00, 6.399686813354492e+00, 6.399686813354492e+00, 6.399686813354492e+00, 6.399686813354492e+00, 6.399686813354492e+00, 6.399686813354492e+00, 6.399686813354492e+00, 6.399686813354492e+00, 6.399686813354492e+00, 6.399686813354492e+00, 6.399686813354492e+00, 6.399686813354492e+00, 6.399686813354492e+00, 6.399686813354492e+00, 6.399686813354492e+00, 6.399686813354492e+00, 6.399686813354492e+00, 6.399686813354492e+00, 6.399686813354492e+00, 6.399686813354492e+00, 6.399686813354492e+00, 6.399686813354492e+00, 6.399686813354492e+00, 6.399686813354492e+00, 6.399686813354492e+00, 6.399686813354492e+00, 6.399686813354492e+00, 6.399686813354492e+00, 6.399686813354492e+00, 6.399686813354492e+00, 6.399686813354492e+00, 6.399686813354492e+00, 6.399686813354492e+00, 6.399686813354492e+00, 6.399686813354492e+00, 6.399686813354492e+00, 6.399686813354492e+00, 6.399686813354492e+00, 6.399686813354492e+00, 6.399686813354492e+00, 6.399686813354492e+00, 6.399686813354492e+00, 6.399686813354492e+00, 6.399686813354492e+00, 6.399686813354492e+00, 6.399686813354492e+00, 6.399686813354492e+00, 6.399686813354492e+00, 6.399686813354492e+00, 6.399686813354492e+00, 6.399686813354492e+00, 6.399686813354492e+00, 6.399686813354492e+00, 6.399686813354492e+00, 6.399686813354492e+00, 6.399686813354492e+00, 6.399686813354492e+00, 6.399686813354492e+00, 6.399686813354492e+00, 6.399686813354492e+00, 6.399686813354492e+00, 6.399686813354492e+00, 6.399686813354492e+00, 6.399686813354492e+00, 6.399686813354492e+00, 6.399686813354492e+00, 6.399686813354492e+00, 6.399686813354492e+00, 6.399686813354492e+00, 6.399686813354492e+00, 6.399686813354492e+00, 6.399686813354492e+00]
