last-generated=2015-06-05
statistics-initialization={'numerical Jacobians': '0', 'nonlinear': '12', 'linear': '19'}
statistics-simulation={'numerical Jacobians': '0', 'nonlinear': '1, 12, 1, 1, 1, 1, 1', 'number of continuous time states': '49', 'linear': '0, 0, 0, 0, 0, 0, 0, 0, 0, 0, 0'}
staRes.minT.Max=[254.5500030517578125, 254.5500030517578125]
staRes.maxT.Max=[311.649993896484375, 311.649993896484375]
staRes.maxT.Min=[308.649993896484375, 308.649993896484375]
TRooHou.y=[0., 271.31103515625, 273.65864868164061363132, 279.53566284179686363132, 285.69331665039061363132, 275.707794189453125, 276.374755859375, 281.844207763671875, 269.424163818359375, 282.54843749999997726263, 268.958892822265625, 275.71690673828123863132, 292.48836059570311363132, 273.29124755859373863132, 275.87079467773435226263, 292.528656005859375, 282.794769287109375, 276.64965209960939773737, 283.73453369140622726263, 277.66219482421877273737, 279.520050048828125, 286.47947387695313636868, 274.38616333007814773737, 282.036407470703125, 293.66877441406251136868, 281.07470703125, 281.423187255859375, 290.774139404296875, 277.88655395507811363132, 288.28966674804689773737, 290.344970703125, 286.30534667968748863132, 298.75146484375, 285.44191284179686363132, 287.10975952148436363132, 293.4541015625, 285.65174560546876136868, 289.93295898437497726263, 300.09160766601564773737, 284.91116943359372726263, 291.455657958984375, 295.30739746093752273737, 287.01341552734373863132, 296.07791748046872726263, 286.25751342773435226263, 295.853973388671875, 289.48828125, 295.43854980468751136868, 292.00318603515626136868, 299.20343017578125, 303.83856201171875, 288.70231323242188636868, 303.46128540039063636868, 297.54533691406248863132, 294.04652099609376136868, 305.375152587890625, 299.07794189453125, 298.879302978515625, 307.275054931640625, 294.92272338867189773737, 293.61138916015625, 305.89107666015627273737, 290.37647705078126136868, 297.787261962890625, 300.22020263671873863132, 290.324493408203125, 301.48566284179685226263, 306.638702392578125, 291.274658203125, 300.78049926757813636868, 297.929168701171875, 286.500244140625, 296.61337890624997726263, 292.11171875000002273737, 284.52752075195314773737, 290.860382080078125, 289.12841796875, 279.645416259765625, 294.62794799804686363132, 285.37364501953123863132, 285.97320556640625, 299.08027954101561363132, 283.61207885742186363132, 277.69644775390622726263, 287.17590942382810226263, 278.772064208984375, 283.26627197265622726263, 278.93702392578126136868, 276.11481933593751136868, 286.34373779296873863132, 291.1270751953125, 284.68190917968752273737, 278.369384765625, 278.36412353515623863132, 272.64277343750001136868, 282.075469970703125, 274.50670166015623863132, 277.51920776367188636868, 295.21461791992186363132, 271.5374755859375, 277.167999267578125]
time=[0., 31536000.]
staRes.minT.Min=[252.9499969482421875, 252.9499969482421875]
staRes.minT.Mean=[253.5500030517578125, 253.5500030517578125]
staRes.maxT.Mean=[309.649993896484375, 309.649993896484375]
staRes.meanT.Min=[287.149993896484375, 287.149993896484375]
TRooAnn.y=[0., 0., 0., 0., 0., 0., 0., 0., 0., 0., 0., 0., 0., 0., 0., 0., 0., 0., 0., 0., 0., 0., 0., 0., 0., 0., 0., 0., 0., 0., 0., 0., 0., 0., 0., 0., 0., 0., 0., 0., 0., 0., 0., 0., 0., 0., 0., 0., 0., 0., 0., 0., 0., 0., 0., 0., 0., 0., 0., 0., 0., 0., 0., 0., 0., 0., 0., 0., 0., 0., 0., 0., 0., 0., 0., 0., 0., 0., 0., 0., 0., 0., 0., 0., 0., 0., 0., 0., 0., 0., 0., 0., 0., 0., 0., 0., 0., 0., 0., 0., 0.]
staRes.meanT.Mean=[287.54998779296875, 287.54998779296875]
staRes.meanT.Max=[288.149993896484375, 288.149993896484375]
