last-generated=2015-05-08
statistics-initialization={'numerical Jacobians': '0', 'nonlinear': '2'}
statistics-simulation={'numerical Jacobians': '0', 'nonlinear': '2', 'linear': ' '}
tur.P=[0., 0., 0., 0., 0., 0., 0., 0., 0., 0., 0., 0., 0., 0., 0., 0., 0., 0., 0., 0., 0., 0., 0., 0., 0., 0., 0., 0., 0., 0., 0., 0., 0., 0., 0., 0., 0., 0., 0., 0., 0., 0., 0., 0., 0., 0., 0., 0., 0., 0., 0., 0., 0., 0., 0., 0., 0., 0., 0., 0., 0., 0., 0., 0., 159.1461639404296875, 440.1815185546875, 853.73529052734375, 1479.4775390625, 1896.3560791015634094947, 1778.29565429687795585778, 1229.93664550781795696821, 797.13623046875, 404.2554931640625, 26.6528568267822265625, 144.246368408203125, 300., 0., 0., 0., 0., 0., 0., 0., 0., 0., 200., 6.71883630752563476562, 0., 0., 0., 0., 0., 0., 0., 0., 0., 0., 0., 0., 0., 0.]
res.P=[-500., -500.]
time=[0., 172800.]
sen.V=[120., 120., 120., 120., 120., 120., 120., 120., 120., 120., 120., 120., 120., 120., 120., 120., 120., 120., 120., 120., 120., 120., 120., 120., 120., 120., 120., 120., 120., 120., 120., 120., 120., 120., 120., 120., 120., 120., 120., 120., 120., 120., 120., 120., 120., 120., 120., 120., 120., 120., 120., 120., 120., 120., 120., 120., 120., 120., 120., 120., 120., 120., 120., 120., 120.11922454833984375, 120.32912445068359375, 120.63652801513671875, 121.09836578369140625, 121.4038848876953125, 121.317535400390625, 120.9146575927734375, 120.5945587158203125, 120.302337646484375, 120.019989013671875, 120.1080780029296875, 120.2245330810546875, 120., 120., 120., 120., 120., 120., 120., 120., 120., 120.14978790283203125, 120.005035400390625, 120., 120., 120., 120., 120., 120., 120., 120., 120., 120., 120., 120., 120., 120.]
sou.P.real=[500., 500., 500., 500., 500., 500., 500., 500., 500., 500., 500., 500., 500., 500., 500., 500., 500., 500., 500., 500., 500., 500., 500., 500., 500., 500., 500., 500., 500., 500., 500., 500., 500., 500., 500., 500., 500., 500., 500., 500., 500., 500., 500., 500., 500., 500., 500., 500., 500., 500., 500., 500., 500., 500., 500., 500., 500., 500., 500., 500., 500., 500., 500., 500., 356.944000244140625, 105.17484283447265625, -263.353485107421875, -816.60394287109375, -1182.3214111328134094947, -1078.97973632812750111043, -596.59613037109863853402, -213.0533447265625, 137.299224853515625, 476.017364501953125, 370.322509765625, 230.6226654052734375, 500., 500., 500., 500., 500., 500., 500., 500., 500., 320.277099609375, 493.953369140625, 500., 500., 500., 500., 500., 500., 500., 500., 500., 500., 500., 500., 500., 500.]
sou.P.apparent=[500., 500., 500., 500., 500., 500., 500., 500., 500., 500., 500., 500., 500., 500., 500., 500., 500., 500., 500., 500., 500., 500., 500., 500., 500., 500., 500., 500., 500., 500., 500., 500., 500., 500., 500., 500., 500., 500., 500., 500., 500., 500., 500., 500., 500., 500., 500., 500., 500., 500., 500., 500., 500., 500., 500., 500., 500., 500., 500., 500., 500., 500., 500., 500., 363.62237548828125, 218.80609130859375, 455.89385986328125, 1040.5404052734375, 1442.6209716796884094947, 1328.54846191406522848411, 802.08996582031772959454, 407.58154296875, 223.3861083984375, 476.15911865234375, 375.622283935546875, 265.116607666015625, 500., 500., 500., 500., 500., 500., 500., 500., 500., 331.929840087890625, 493.9620361328125, 500., 500., 500., 500., 500., 500., 500., 500., 500., 500., 500., 500., 500., 500.]
