last-generated=2026-08-06
statistics-simulation=
{
  "linear": " ",
  "nonlinear": " ",
  "number of continuous time states": "3",
  "numerical Jacobians": "0"
}
time=[0e+00, 1.5768e+08]
TBouSte.port.T=[2.931499938964844e+02, 2.922284545898438e+02, 2.912458190917969e+02, 2.908331909179688e+02, 2.903765258789062e+02, 2.900310974121094e+02, 2.898399963378906e+02, 2.895942687988281e+02, 2.894512634277344e+02, 2.892605285644531e+02, 2.890923767089844e+02, 2.889904174804688e+02, 2.888499755859375e+02, 2.887635192871094e+02, 2.886429443359375e+02, 2.885317993164062e+02, 2.884622802734375e+02, 2.883639526367188e+02, 2.88302001953125e+02, 2.882138366699219e+02, 2.881308288574219e+02, 2.880780944824219e+02, 2.8800244140625e+02, 2.879541625976562e+02, 2.878847045898438e+02, 2.878184509277344e+02, 2.877759399414062e+02, 2.877145080566406e+02, 2.876749572753906e+02, 2.876176147460938e+02, 2.875625305175781e+02, 2.875269470214844e+02, 2.874751586914062e+02, 2.874252319335938e+02, 2.873928833007812e+02, 2.87345703125e+02, 2.873151245117188e+02, 2.872704162597656e+02, 2.872270812988281e+02, 2.871988830566406e+02, 2.871576538085938e+02, 2.871307983398438e+02, 2.870914611816406e+02, 2.870531921386719e+02, 2.870282287597656e+02, 2.869915771484375e+02, 2.869676818847656e+02, 2.869325561523438e+02, 2.868982849121094e+02, 2.868758850097656e+02, 2.868429260253906e+02, 2.868213806152344e+02, 2.867896423339844e+02, 2.867586059570312e+02, 2.8673828125e+02, 2.867083435058594e+02, 2.866887207031249e+02, 2.866597900390625e+02, 2.866314392089844e+02, 2.866128540039062e+02, 2.865854187011719e+02, 2.865585021972656e+02, 2.865408325195312e+02, 2.865147399902344e+02, 2.864975891113281e+02, 2.864722900390625e+02, 2.864473876953125e+02, 2.864310607910156e+02, 2.864068908691406e+02, 2.863909912109375e+02, 2.863674926757812e+02, 2.863443603515625e+02, 2.863291625976562e+02, 2.86306640625e+02, 2.862918395996094e+02, 2.862698974609375e+02, 2.86248291015625e+02, 2.862340698242188e+02, 2.862130126953125e+02, 2.861991271972656e+02, 2.861785888671875e+02, 2.861583251953125e+02, 2.861449584960938e+02, 2.861251831054688e+02, 2.861121215820312e+02, 2.860927734375e+02, 2.860736999511719e+02, 2.860610961914062e+02, 2.860424499511719e+02, 2.860240173339844e+02, 2.860118713378906e+02, 2.859938354492188e+02, 2.8598193359375e+02, 2.859642639160156e+02, 2.859468383789062e+02, 2.85935302734375e+02, 2.85918212890625e+02, 2.859069213867188e+02, 2.858901672363281e+02, 2.858735961914062e+02, 2.858626708984375e+02]
TBouCon.port.T=[2.931499938964844e+02, 2.922284545898438e+02, 2.912458190917969e+02, 2.908331909179688e+02, 2.903765258789062e+02, 2.900310974121094e+02, 2.898399963378906e+02, 2.895942687988281e+02, 2.894512634277344e+02, 2.892605285644531e+02, 2.890923767089844e+02, 2.889904174804688e+02, 2.888499755859375e+02, 2.887635192871094e+02, 2.886429443359375e+02, 2.885317993164062e+02, 2.884622802734375e+02, 2.883639526367188e+02, 2.88302001953125e+02, 2.882138366699219e+02, 2.881308288574219e+02, 2.880780944824219e+02, 2.8800244140625e+02, 2.879541625976562e+02, 2.878847045898438e+02, 2.878184509277344e+02, 2.877759399414062e+02, 2.877145080566406e+02, 2.876749572753906e+02, 2.876176147460938e+02, 2.875625305175781e+02, 2.875269470214844e+02, 2.874751586914062e+02, 2.874252319335938e+02, 2.873928833007812e+02, 2.87345703125e+02, 2.873151245117188e+02, 2.872704162597656e+02, 2.872270812988281e+02, 2.871988830566406e+02, 2.871576538085938e+02, 2.871307983398438e+02, 2.870914611816406e+02, 2.870531921386719e+02, 2.870282287597656e+02, 2.869915771484375e+02, 2.869676818847656e+02, 2.869325561523438e+02, 2.868982849121094e+02, 2.868758850097656e+02, 2.868429260253906e+02, 2.868213806152344e+02, 2.867896423339844e+02, 2.867586059570312e+02, 2.8673828125e+02, 2.867083435058594e+02, 2.866887207031249e+02, 2.866597900390625e+02, 2.866314392089844e+02, 2.866128540039062e+02, 2.865854187011719e+02, 2.865585021972656e+02, 2.865408325195312e+02, 2.865147399902344e+02, 2.864975891113281e+02, 2.864722900390625e+02, 2.864473876953125e+02, 2.864310607910156e+02, 2.864068908691406e+02, 2.863909912109375e+02, 2.863674926757812e+02, 2.863443603515625e+02, 2.863291625976562e+02, 2.86306640625e+02, 2.862918395996094e+02, 2.862698974609375e+02, 2.86248291015625e+02, 2.862340698242188e+02, 2.862130126953125e+02, 2.861991271972656e+02, 2.861785888671875e+02, 2.861583251953125e+02, 2.861449584960938e+02, 2.861251831054688e+02, 2.861121215820312e+02, 2.860927734375e+02, 2.860736999511719e+02, 2.860610961914062e+02, 2.860424499511719e+02, 2.860240173339844e+02, 2.860118713378906e+02, 2.859938354492188e+02, 2.8598193359375e+02, 2.859642639160156e+02, 2.859468383789062e+02, 2.85935302734375e+02, 2.85918212890625e+02, 2.859069213867188e+02, 2.858901672363281e+02, 2.858735961914062e+02, 2.858626708984375e+02]
TBouPul.port.T=[2.931499938964844e+02, 2.922284545898438e+02, 2.912458190917969e+02, 2.908331909179688e+02, 2.903765258789062e+02, 2.900310974121094e+02, 2.898399963378906e+02, 2.895942687988281e+02, 2.894512634277344e+02, 2.892605285644531e+02, 2.890923767089844e+02, 2.889904174804688e+02, 2.888499755859375e+02, 2.887635192871094e+02, 2.886429443359375e+02, 2.885317993164062e+02, 2.884622802734375e+02, 2.883639526367188e+02, 2.88302001953125e+02, 2.882138366699219e+02, 2.881308288574219e+02, 2.880780944824219e+02, 2.8800244140625e+02, 2.879541625976562e+02, 2.878847045898438e+02, 2.878184509277344e+02, 2.877759399414062e+02, 2.877145080566406e+02, 2.876749572753906e+02, 2.876176147460938e+02, 2.875625305175781e+02, 2.875269470214844e+02, 2.874751586914062e+02, 2.874252319335938e+02, 2.873928833007812e+02, 2.87345703125e+02, 2.873151245117188e+02, 2.872704162597656e+02, 2.872270812988281e+02, 2.871988830566406e+02, 2.871576538085938e+02, 2.871307983398438e+02, 2.870914611816406e+02, 2.870531921386719e+02, 2.870282287597656e+02, 2.869915771484375e+02, 2.869676818847656e+02, 2.869325561523438e+02, 2.868982849121094e+02, 2.868758850097656e+02, 2.868429260253906e+02, 2.868213806152344e+02, 2.867896423339844e+02, 2.867586059570312e+02, 2.8673828125e+02, 2.867083435058594e+02, 2.866887207031249e+02, 2.866597900390625e+02, 2.866314392089844e+02, 2.866128540039062e+02, 2.865854187011719e+02, 2.865585021972656e+02, 2.865408325195312e+02, 2.865147399902344e+02, 2.864975891113281e+02, 2.864722900390625e+02, 2.864473876953125e+02, 2.864310607910156e+02, 2.864068908691406e+02, 2.863909912109375e+02, 2.863674926757812e+02, 2.863443603515625e+02, 2.863291625976562e+02, 2.86306640625e+02, 2.862918395996094e+02, 2.862698974609375e+02, 2.86248291015625e+02, 2.862340698242188e+02, 2.862130126953125e+02, 2.861991271972656e+02, 2.861785888671875e+02, 2.861583251953125e+02, 2.861449584960938e+02, 2.861251831054688e+02, 2.861121215820312e+02, 2.860927734375e+02, 2.860736999511719e+02, 2.860610961914062e+02, 2.860424499511719e+02, 2.860240173339844e+02, 2.860118713378906e+02, 2.859938354492188e+02, 2.8598193359375e+02, 2.859642639160156e+02, 2.859468383789062e+02, 2.85935302734375e+02, 2.85918212890625e+02, 2.859069213867188e+02, 2.858901672363281e+02, 2.858735961914062e+02, 2.858626708984375e+02]
