last-generated=2026-07-30
statistics-simulation=
{
  "linear": " ",
  "nonlinear": "1, 1",
  "numerical Jacobians": "2"
}
time=[0e+00, 3.6e+03]
TIn=[2.731499938964844e+02, 2.73189453125e+02, 2.733077087402344e+02, 2.735042419433594e+02, 2.737783508300781e+02, 2.741288757324219e+02, 2.745544738769531e+02, 2.75053466796875e+02, 2.756238708496094e+02, 2.76263427734375e+02, 2.769696655273438e+02, 2.7773974609375e+02, 2.785706176757812e+02, 2.794590454101562e+02, 2.804015197753906e+02, 2.81394287109375e+02, 2.824334716796875e+02, 2.835149230957031e+02, 2.846343994140625e+02, 2.857875061035156e+02, 2.869696655273438e+02, 2.881762084960938e+02, 2.894023742675781e+02, 2.906433410644531e+02, 2.918941955566406e+02, 2.931499938964844e+02, 2.944058227539062e+02, 2.956566772460938e+02, 2.968976135253906e+02, 2.981238098144531e+02, 2.993303527832031e+02, 3.005124816894531e+02, 3.016655883789062e+02, 3.027850646972656e+02, 3.038665466308594e+02, 3.049057006835938e+02, 3.058984680175781e+02, 3.068409423828125e+02, 3.077293701171875e+02, 3.085602722167969e+02, 3.093303527832031e+02, 3.100365600585938e+02, 3.106761474609375e+02, 3.112465515136719e+02, 3.117455444335938e+02, 3.12171142578125e+02, 3.125216674804688e+02, 3.127957458496094e+02, 3.129922790527344e+02, 3.131105346679688e+02, 3.131499938964844e+02, 3.131105346679688e+02, 3.129922790527344e+02, 3.127957458496094e+02, 3.125216674804688e+02, 3.12171142578125e+02, 3.117455444335938e+02, 3.112465515136719e+02, 3.106761474609375e+02, 3.100365600585938e+02, 3.093303527832031e+02, 3.085602722167969e+02, 3.077293701171875e+02, 3.068409423828125e+02, 3.058984680175781e+02, 3.049057006835938e+02, 3.038665466308594e+02, 3.027850646972656e+02, 3.016655883789062e+02, 3.005124816894531e+02, 2.993303527832031e+02, 2.981238098144531e+02, 2.968976135253906e+02, 2.956566772460938e+02, 2.944058227539062e+02, 2.931499938964844e+02, 2.918941955566406e+02, 2.906433410644531e+02, 2.894023742675781e+02, 2.881762084960938e+02, 2.869696655273438e+02, 2.857875061035156e+02, 2.846343994140625e+02, 2.835149230957031e+02, 2.824334716796875e+02, 2.81394287109375e+02, 2.804015197753906e+02, 2.794590454101562e+02, 2.785706176757812e+02, 2.7773974609375e+02, 2.769696655273438e+02, 2.76263427734375e+02, 2.756238708496094e+02, 2.75053466796875e+02, 2.745544738769531e+02, 2.741288757324219e+02, 2.737783508300781e+02, 2.735042419433594e+02, 2.733077087402344e+02, 2.73189453125e+02, 2.731499938964844e+02]
dpFixWat=[3.72536865234375e+03, 3.72536865234375e+03]
dpWat=[4.38287646484375e+03, 4.3814736328125e+03, 4.3772646484375e+03, 4.3702470703125e+03, 4.36041943359375e+03, 4.34777880859375e+03, 4.33232666015625e+03, 4.314064453125e+03, 4.29299951171875e+03, 4.269140625e+03, 4.24250048828125e+03, 4.21309326171875e+03, 4.18108935546875e+03, 4.14753369140625e+03, 4.1128408203125e+03, 4.077273681640625e+03, 4.041084228515625e+03, 4.004513671875e+03, 3.96778857421875e+03, 3.93112109375e+03, 3.89470556640625e+03, 3.858720458984375e+03, 3.82332568359375e+03, 3.7886640625e+03, 3.75486181640625e+03, 3.72202783203125e+03, 3.690255859375e+03, 3.659624267578125e+03, 3.6301982421875e+03, 3.6020302734375e+03, 3.5751611328125e+03, 3.5496220703125e+03, 3.52543505859375e+03, 3.50261376953125e+03, 3.481166015625e+03, 3.461093505859375e+03, 3.4423935546875e+03, 3.4250595703125e+03, 3.40908251953125e+03, 3.394450927734375e+03, 3.38115185546875e+03, 3.36917236328125e+03, 3.358498291015625e+03, 3.349116455078125e+03, 3.34101416015625e+03, 3.3341796875e+03, 3.328602783203125e+03, 3.324274658203125e+03, 3.321188232421875e+03, 3.31933837890625e+03, 3.31872216796875e+03, 3.31933837890625e+03, 3.321188232421875e+03, 3.324274658203125e+03, 3.328602783203125e+03, 3.3341796875e+03, 3.34101416015625e+03, 3.349116455078125e+03, 3.358498291015625e+03, 3.36917236328125e+03, 3.38115185546875e+03, 3.394450927734375e+03, 3.40908251953125e+03, 3.4250595703125e+03, 3.4423935546875e+03, 3.461093505859375e+03, 3.481166015625e+03, 3.50261376953125e+03, 3.52543505859375e+03, 3.5496220703125e+03, 3.5751611328125e+03, 3.6020302734375e+03, 3.6301982421875e+03, 3.659624267578125e+03, 3.690255859375e+03, 3.72202783203125e+03, 3.75486181640625e+03, 3.7886640625e+03, 3.82332568359375e+03, 3.858720458984375e+03, 3.89470556640625e+03, 3.93112109375e+03, 3.96778857421875e+03, 4.004513671875e+03, 4.041084228515625e+03, 4.077273681640625e+03, 4.1128408203125e+03, 4.14753369140625e+03, 4.18108935546875e+03, 4.21309326171875e+03, 4.24250048828125e+03, 4.269140625e+03, 4.29299951171875e+03, 4.314064453125e+03, 4.33232666015625e+03, 4.34777880859375e+03, 4.36041943359375e+03, 4.3702470703125e+03, 4.3772646484375e+03, 4.3814736328125e+03, 4.38287646484375e+03]
dpFixGly=[4.15804052734375e+03, 4.15804052734375e+03]
dpGly=[1.10954384765625e+04, 1.10702998046875e+04, 1.09954150390625e+04, 1.08723583984375e+04, 1.0703677734375e+04, 1.049278515625e+04, 1.0243822265625e+04, 9.9614892578125e+03, 9.650875e+03, 9.317275390625e+03, 8.9660224609375e+03, 8.602330078125e+03, 8.2311572265625e+03, 7.85710009765625e+03, 7.484312988281249e+03, 7.1164521484375e+03, 6.7566494140625e+03, 6.40750830078125e+03, 6.07111572265625e+03, 5.74907373046875e+03, 5.44254052734375e+03, 5.15227490234375e+03, 4.8786904296875e+03, 4.6219052734375e+03, 4.381794921875e+03, 4.15804052734375e+03, 3.950177734375e+03, 3.757673095703125e+03, 3.58015576171875e+03, 3.41842919921875e+03, 3.278851806640625e+03, 3.187665283203125e+03, 3.203127197265625e+03, 3.348106689453125e+03, 3.56344970703125e+03, 3.793701171875e+03, 4.010451171875e+03, 4.196875e+03, 4.3429287109375e+03, 4.44638037109375e+03, 4.512271484375e+03, 4.549521484375e+03, 4.56727392578125e+03, 4.572921875e+03, 4.57172021484375e+03, 4.567150390625e+03, 4.56143310546875e+03, 4.55595361328125e+03, 4.55156005859375e+03, 4.54875146484375e+03, 4.5477880859375e+03, 4.54875146484375e+03, 4.55156005859375e+03, 4.55595361328125e+03, 4.56143310546875e+03, 4.567150390625e+03, 4.57172021484375e+03, 4.572921875e+03, 4.56727392578125e+03, 4.549521484375e+03, 4.512271484375e+03, 4.44638037109375e+03, 4.3429287109375e+03, 4.196875e+03, 4.010451171875e+03, 3.793701171875e+03, 3.56344970703125e+03, 3.348106689453125e+03, 3.203127197265625e+03, 3.187665283203125e+03, 3.278851806640625e+03, 3.41842919921875e+03, 3.58015576171875e+03, 3.757673095703125e+03, 3.950177734375e+03, 4.15804052734375e+03, 4.381794921875e+03, 4.6219052734375e+03, 4.8786904296875e+03, 5.15227490234375e+03, 5.44254052734375e+03, 5.74907373046875e+03, 6.07111572265625e+03, 6.40750830078125e+03, 6.7566494140625e+03, 7.1164521484375e+03, 7.48431298828125e+03, 7.85710009765625e+03, 8.2311572265625e+03, 8.602330078125e+03, 8.9660224609375e+03, 9.317275390625e+03, 9.650875e+03, 9.9614892578125e+03, 1.0243822265625e+04, 1.049278515625e+04, 1.0703677734375e+04, 1.08723583984375e+04, 1.09954150390625e+04, 1.10702998046875e+04, 1.10954384765625e+04]
dDpWat=[6.575078735351562e+02, 6.561050415039062e+02, 6.5189599609375e+02, 6.448786010742188e+02, 6.350505981445312e+02, 6.224103393554688e+02, 6.069578247070312e+02, 5.88696044921875e+02, 5.676309814453125e+02, 5.437721557617188e+02, 5.171317749023438e+02, 4.877245788574219e+02, 4.557205200195312e+02, 4.221648559570312e+02, 3.874723815917968e+02, 3.519050903320312e+02, 3.157156982421875e+02, 2.7914501953125e+02, 2.424200439453125e+02, 2.057523345947266e+02, 1.693369445800781e+02, 1.333516845703125e+02, 9.795692443847656e+01, 6.32955207824707e+01, 2.949323463439941e+01, -3.340706586837769e+00, -3.511280822753906e+01, -6.574436187744151e+01, -9.517037200927743e+01, -1.233384017944336e+02, -1.502073974609375e+02, -1.757464599609375e+02, -1.999336700439453e+02, -2.227548828125e+02, -2.442026519775391e+02, -2.64275146484375e+02, -2.8297509765625e+02, -3.003089904785156e+02, -3.162861022949219e+02, -3.309177856445312e+02, -3.442167053222656e+02, -3.561963806152344e+02, -3.668704223632812e+02, -3.762522583007812e+02, -3.843545837402344e+02, -3.911890258789062e+02, -3.967659301757812e+02, -4.010941162109375e+02, -4.041805419921875e+02, -4.060303039550781e+02, -4.066465454101562e+02, -4.060303039550781e+02, -4.041805419921875e+02, -4.010941162109375e+02, -3.967659301757812e+02, -3.911890258789062e+02, -3.843545837402343e+02, -3.762522583007812e+02, -3.668704223632812e+02, -3.561963806152344e+02, -3.442167053222656e+02, -3.309177856445312e+02, -3.162861022949219e+02, -3.003089904785156e+02, -2.8297509765625e+02, -2.64275146484375e+02, -2.442026519775391e+02, -2.227548828125e+02, -1.999336700439453e+02, -1.757464599609375e+02, -1.502073974609375e+02, -1.233384017944336e+02, -9.517037200927734e+01, -6.574436187744141e+01, -3.511280822753906e+01, -3.340706586837769e+00, 2.949323463439941e+01, 6.32955207824707e+01, 9.795692443847656e+01, 1.333516845703125e+02, 1.693369445800781e+02, 2.057523345947266e+02, 2.424200439453125e+02, 2.7914501953125e+02, 3.157156982421875e+02, 3.519050903320312e+02, 3.874723815917969e+02, 4.221648559570312e+02, 4.557205200195312e+02, 4.877245788574219e+02, 5.171317749023438e+02, 5.437721557617188e+02, 5.676309814453125e+02, 5.88696044921875e+02, 6.069578247070312e+02, 6.224103393554688e+02, 6.350505981445312e+02, 6.448786010742188e+02, 6.5189599609375e+02, 6.561050415039062e+02, 6.575078735351562e+02]
dDpGly=[6.93739794921875e+03, 6.9122587890625e+03, 6.8373740234375e+03, 6.71431787109375e+03, 6.54563671875e+03, 6.3347451171875e+03, 6.08578173828125e+03, 5.80344873046875e+03, 5.49283447265625e+03, 5.159234375e+03, 4.80798193359375e+03, 4.4442890625e+03, 4.0731162109375e+03, 3.699059326171875e+03, 3.3262724609375e+03, 2.95841162109375e+03, 2.598609130859375e+03, 2.249467529296875e+03, 1.913074951171875e+03, 1.591033325195312e+03, 1.2845e+03, 9.942344360351562e+02, 7.206497192382812e+02, 4.638646240234375e+02, 2.237545166015625e+02, 0e+00, -2.078629760742188e+02, -4.003675842285162e+02, -5.778848876953131e+02, -7.396113891601562e+02, -8.791888427734375e+02, -9.703754272460938e+02, -9.549133911132812e+02, -8.099339599609375e+02, -5.945908813476562e+02, -3.643394165039062e+02, -1.475895233154297e+02, 3.88343505859375e+01, 1.848879089355469e+02, 2.883397216796875e+02, 3.54230712890625e+02, 3.914807739257812e+02, 4.092334594726562e+02, 4.148812866210938e+02, 4.136796875e+02, 4.091099853515625e+02, 4.033924560546875e+02, 3.979129943847656e+02, 3.935195617675781e+02, 3.907108154296875e+02, 3.897475891113281e+02, 3.907108154296875e+02, 3.935195617675781e+02, 3.979129943847656e+02, 4.033924560546876e+02, 4.091099853515626e+02, 4.136796875e+02, 4.148812866210938e+02, 4.092334594726562e+02, 3.914807739257812e+02, 3.54230712890625e+02, 2.883397216796875e+02, 1.848879089355469e+02, 3.88343505859375e+01, -1.475895233154297e+02, -3.643394165039062e+02, -5.945908813476562e+02, -8.099339599609375e+02, -9.549133911132812e+02, -9.703754272460938e+02, -8.791888427734375e+02, -7.396113891601562e+02, -5.778848876953125e+02, -4.003675842285156e+02, -2.078629760742188e+02, 0e+00, 2.237545166015625e+02, 4.638646240234375e+02, 7.206497192382812e+02, 9.942344360351562e+02, 1.2845e+03, 1.591033325195312e+03, 1.913074951171875e+03, 2.249467529296875e+03, 2.598609130859375e+03, 2.95841162109375e+03, 3.3262724609375e+03, 3.699059326171875e+03, 4.0731162109375e+03, 4.4442890625e+03, 4.80798193359375e+03, 5.159234375e+03, 5.49283447265625e+03, 5.80344873046875e+03, 6.08578173828125e+03, 6.3347451171875e+03, 6.54563671875e+03, 6.71431787109375e+03, 6.8373740234375e+03, 6.9122587890625e+03, 6.93739794921875e+03]
preDroFixWat.dp=[3.72536865234375e+03, 3.72536865234375e+03]
preDroWat.dp=[4.38287646484375e+03, 4.3814736328125e+03, 4.3772646484375e+03, 4.3702470703125e+03, 4.36041943359375e+03, 4.34777880859375e+03, 4.33232666015625e+03, 4.314064453125e+03, 4.29299951171875e+03, 4.269140625e+03, 4.24250048828125e+03, 4.21309326171875e+03, 4.18108935546875e+03, 4.14753369140625e+03, 4.1128408203125e+03, 4.077273681640625e+03, 4.041084228515625e+03, 4.004513671875e+03, 3.96778857421875e+03, 3.93112109375e+03, 3.89470556640625e+03, 3.858720458984375e+03, 3.82332568359375e+03, 3.7886640625e+03, 3.75486181640625e+03, 3.72202783203125e+03, 3.690255859375e+03, 3.659624267578125e+03, 3.6301982421875e+03, 3.6020302734375e+03, 3.5751611328125e+03, 3.5496220703125e+03, 3.52543505859375e+03, 3.50261376953125e+03, 3.481166015625e+03, 3.461093505859375e+03, 3.4423935546875e+03, 3.4250595703125e+03, 3.40908251953125e+03, 3.394450927734375e+03, 3.38115185546875e+03, 3.36917236328125e+03, 3.358498291015625e+03, 3.349116455078125e+03, 3.34101416015625e+03, 3.3341796875e+03, 3.328602783203125e+03, 3.324274658203125e+03, 3.321188232421875e+03, 3.31933837890625e+03, 3.31872216796875e+03, 3.31933837890625e+03, 3.321188232421875e+03, 3.324274658203125e+03, 3.328602783203125e+03, 3.3341796875e+03, 3.34101416015625e+03, 3.349116455078125e+03, 3.358498291015625e+03, 3.36917236328125e+03, 3.38115185546875e+03, 3.394450927734375e+03, 3.40908251953125e+03, 3.4250595703125e+03, 3.4423935546875e+03, 3.461093505859375e+03, 3.481166015625e+03, 3.50261376953125e+03, 3.52543505859375e+03, 3.5496220703125e+03, 3.5751611328125e+03, 3.6020302734375e+03, 3.6301982421875e+03, 3.659624267578125e+03, 3.690255859375e+03, 3.72202783203125e+03, 3.75486181640625e+03, 3.7886640625e+03, 3.82332568359375e+03, 3.858720458984375e+03, 3.89470556640625e+03, 3.93112109375e+03, 3.96778857421875e+03, 4.004513671875e+03, 4.041084228515625e+03, 4.077273681640625e+03, 4.1128408203125e+03, 4.14753369140625e+03, 4.18108935546875e+03, 4.21309326171875e+03, 4.24250048828125e+03, 4.269140625e+03, 4.29299951171875e+03, 4.314064453125e+03, 4.33232666015625e+03, 4.34777880859375e+03, 4.36041943359375e+03, 4.3702470703125e+03, 4.3772646484375e+03, 4.3814736328125e+03, 4.38287646484375e+03]
preDroFixGly.dp=[4.15804052734375e+03, 4.15804052734375e+03]
preDroGly.dp=[1.10954384765625e+04, 1.10702998046875e+04, 1.09954150390625e+04, 1.08723583984375e+04, 1.0703677734375e+04, 1.049278515625e+04, 1.0243822265625e+04, 9.9614892578125e+03, 9.650875e+03, 9.317275390625e+03, 8.9660224609375e+03, 8.602330078125e+03, 8.2311572265625e+03, 7.85710009765625e+03, 7.484312988281249e+03, 7.1164521484375e+03, 6.7566494140625e+03, 6.40750830078125e+03, 6.07111572265625e+03, 5.74907373046875e+03, 5.44254052734375e+03, 5.15227490234375e+03, 4.8786904296875e+03, 4.6219052734375e+03, 4.381794921875e+03, 4.15804052734375e+03, 3.950177734375e+03, 3.757673095703125e+03, 3.58015576171875e+03, 3.41842919921875e+03, 3.278851806640625e+03, 3.187665283203125e+03, 3.203127197265625e+03, 3.348106689453125e+03, 3.56344970703125e+03, 3.793701171875e+03, 4.010451171875e+03, 4.196875e+03, 4.3429287109375e+03, 4.44638037109375e+03, 4.512271484375e+03, 4.549521484375e+03, 4.56727392578125e+03, 4.572921875e+03, 4.57172021484375e+03, 4.567150390625e+03, 4.56143310546875e+03, 4.55595361328125e+03, 4.55156005859375e+03, 4.54875146484375e+03, 4.5477880859375e+03, 4.54875146484375e+03, 4.55156005859375e+03, 4.55595361328125e+03, 4.56143310546875e+03, 4.567150390625e+03, 4.57172021484375e+03, 4.572921875e+03, 4.56727392578125e+03, 4.549521484375e+03, 4.512271484375e+03, 4.44638037109375e+03, 4.3429287109375e+03, 4.196875e+03, 4.010451171875e+03, 3.793701171875e+03, 3.56344970703125e+03, 3.348106689453125e+03, 3.203127197265625e+03, 3.187665283203125e+03, 3.278851806640625e+03, 3.41842919921875e+03, 3.58015576171875e+03, 3.757673095703125e+03, 3.950177734375e+03, 4.15804052734375e+03, 4.381794921875e+03, 4.6219052734375e+03, 4.8786904296875e+03, 5.15227490234375e+03, 5.44254052734375e+03, 5.74907373046875e+03, 6.07111572265625e+03, 6.40750830078125e+03, 6.7566494140625e+03, 7.1164521484375e+03, 7.48431298828125e+03, 7.85710009765625e+03, 8.2311572265625e+03, 8.602330078125e+03, 8.9660224609375e+03, 9.317275390625e+03, 9.650875e+03, 9.9614892578125e+03, 1.0243822265625e+04, 1.049278515625e+04, 1.0703677734375e+04, 1.08723583984375e+04, 1.09954150390625e+04, 1.10702998046875e+04, 1.10954384765625e+04]
