last-generated=2026-10-09
statistics-initialization=
{
  "nonlinear": "0, 1, 1, 16, 16, 16, 16, 1, 1, 1, 1, 1, 1, 2, 1, 1, 1",
  "numerical Jacobians": "0"
}
statistics-simulation=
{
  "linear": "0, 0, 13, 0, 13, 0, 0, 0, 13, 0, 0, 0, 0, 0, 13, 0, 0, 0, 0, 0, 8",
  "nonlinear": "1, 1, 1, 1, 1, 1, 1, 1, 2, 0, 0, 1, 1, 0, 0, 1, 1, 1",
  "number of continuous time states": "209",
  "numerical Jacobians": "0"
}
time=[0e+00, 1.728e+05]
fanSupHot.m_flow=[-0e+00, 4.214222748544216e-09, -5.150716742008399e-09, 1.11091594590107e-07, 2.52853364912653e-08, 1.398887832237961e-07, 7.971905091608278e-08, -7.000292612247001e-08, -3.090429956387197e-08, -6.532045659923824e-08, -2.036874313660064e-08, 6.414983744207348e-08, 1.831165075302124e+00, 1.844269275665283e+00, 1.845102190971375e+00, 1.845070600509644e+00, 1.843657255172729e+00, 1.831261873245239e+00, 1.793661832809448e+00, 1.769667387008667e+00, 1.759270071983337e+00, 1.751895785331726e+00, 1.741758465766907e+00, 1.72655725479126e+00, 1.712541937828064e+00, 1.701283931732178e+00, 1.703333497047424e+00, 1.699041485786438e+00, 1.675783157348633e+00, 1.66882061958313e+00, 1.665538549423218e+00, 1.663506627082825e+00, 1.662567615509033e+00, 1.662236332893372e+00, 1.661870956420898e+00, 1.660581707954407e+00, 1.669249773025513e+00, 1.69181215763092e+00, 1.715406537055969e+00, 1.739940404891968e+00, -3.305823668142693e-07, 1.250219412440856e-07, 1.839040066897724e-07, 2.013461930516769e-08, -4.413227827626542e-08, -2.144571169537812e-07, -1.585016065064337e-07, -1.149546307033233e-07, 1.730172556335674e-07, 5.361427923844531e-08, 3.113842339530493e-08, 3.002633661708387e-07, 2.013461966043906e-07, -4.594673441715713e-07, -1.04770265352272e-07, -7.843136984320076e-08, -9.716124793611424e-08, 3.294117618679619e-07, 9.458589289579322e-08, -1.655253072385676e-07, -7.944980779939215e-07, 5.896400239180366e-07, 1.794069051742554e+00, 1.789381384849548e+00, 1.784665584564209e+00, 1.782459735870361e+00, 1.781973719596863e+00, 1.775105237960815e+00, 1.753047227859497e+00, 1.721955418586731e+00, 1.711083173751831e+00, 1.702468633651733e+00, 1.692014098167419e+00, 1.682234644889832e+00, 1.67511248588562e+00, 1.66719388961792e+00, 1.669064521789551e+00, 1.661448001861572e+00, 1.639232039451599e+00, 1.646063089370728e+00, 1.648435831069946e+00, 1.647936940193176e+00, 1.643255591392517e+00, 1.63447380065918e+00, 1.630335092544556e+00, 1.625892281532288e+00, 1.639519691467285e+00, 1.678357601165771e+00, 1.703787207603455e+00, 1.720415711402893e+00, 7.058823570105233e-08, 2.130523846233245e-08, -3.12554853110214e-08, -3.894644180491014e-07, -3.483757495814643e-07, 1.884694142972876e-07, 9.55692144088971e-07, 1.673982978900312e-07, 4.284459720338418e-08, -3.207491943157947e-07, -1.503072866171351e-07]
fanSupCol.m_flow=[-1.170617491830228e-10, 1.311091502032014e-08, -1.322797693603661e-08, 2.989756922033848e-07, 6.754462589242394e-08, 3.8501607946273e-07, 2.203101985287503e-07, -1.894059096230196e-07, -7.76119364331862e-08, -1.839040066897724e-07, -5.677494741007649e-08, 1.776997322622265e-07, 2.994023859500885e-01, 1.74039900302887e-01, 1.668854951858521e-01, 1.675316989421844e-01, 1.812094002962112e-01, 3.018610775470741e-01, 6.457231640815735e-01, 8.420128226280212e-01, 9.189414381980896e-01, 9.692485928535461e-01, 1.045241475105286e+00, 1.169461488723755e+00, 1.285246610641479e+00, 1.378163814544678e+00, 1.362160444259644e+00, 1.396925568580627e+00, 1.581861734390259e+00, 1.628814220428467e+00, 1.643041372299194e+00, 1.648934125900269e+00, 1.64864706993103e+00, 1.643648743629456e+00, 1.638842105865479e+00, 1.641438722610474e+00, 1.570722460746765e+00, 1.413768529891968e+00, 1.246036887168884e+00, 1.058246254920959e+00, -9.133157163887518e-07, 3.50248740232928e-07, 5.083991823084943e-07, 5.57213901686282e-08, -1.149546307033233e-07, -5.946736791884177e-07, -4.41908099446664e-07, -3.178226393174555e-07, 4.794849246536614e-07, 1.559262443606713e-07, 8.604038015391779e-08, 8.338308248312387e-07, 5.56160330233979e-07, -1.268481014449208e-06, -2.901960556300764e-07, -2.182030982567063e-07, -2.67603155634749e-07, 9.088673778023873e-07, 2.63271857647851e-07, -4.515071623245603e-07, -2.195376055169618e-06, 1.627977667340019e-06, 6.354308724403381e-01, 6.753275990486145e-01, 7.143598198890686e-01, 7.319794297218323e-01, 7.35795795917511e-01, 7.90535569190979e-01, 9.551100134849565e-01, 1.195193886756896e+00, 1.28454303741455e+00, 1.353380799293518e+00, 1.430708885192871e+00, 1.489455699920654e+00, 1.515609860420227e+00, 1.544324636459351e+00, 1.515184879302979e+00, 1.549836039543152e+00, 1.65099036693573e+00, 1.594431638717651e+00, 1.587238073348999e+00, 1.595783233642578e+00, 1.622885584831238e+00, 1.660652041435242e+00, 1.661337375640869e+00, 1.650616645812988e+00, 1.549336314201355e+00, 1.374659299850464e+00, 1.262847065925598e+00, 1.173641324043274e+00, 1.943224958722567e-07, 6.684225439812508e-08, -8.557213249105189e-08, -1.072519694389484e-06, -9.622475545256748e-07, 5.22914831435628e-07, 2.648756208145642e-06, 4.581796702041174e-07, 1.206906574680033e-07, -8.890839353625779e-07, -4.158033277690265e-07]
fanRet.m_flow=[-1.951029095226264e-11, -4.080187068211671e-07, -4.585113515531702e-07, 7.71436887703203e-08, -2.364842401902933e-07, 3.578382461455476e-07, 1.743439526080692e-07, -4.877767878497255e-07, -3.470295553142932e-07, -5.342112672224175e-07, -3.757877209409344e-07, 5.427762772569622e-08, 2.980574607849121e+00, 2.872326612472534e+00, 2.865413665771484e+00, 2.865674257278442e+00, 2.878087043762207e+00, 2.982094287872315e+00, 3.274634599685669e+00, 3.437651634216309e+00, 3.496985912322998e+00, 3.536615371704102e+00, 3.597906589508057e+00, 3.700390338897705e+00, 3.797652959823608e+00, 3.875600576400757e+00, 3.863341569900513e+00, 3.89330005645752e+00, 4.046331405639648e+00, 4.084090232849121e+00, 4.09550666809082e+00, 4.10054349899292e+00, 4.101393222808838e+00, 4.097439765930176e+00, 4.093198299407959e+00, 4.094679355621338e+00, 4.036371231079102e+00, 3.909695148468018e+00, 3.773468017578125e+00, 3.6182541847229e+00, -1.779319063643925e-06, 1.489025436285374e-07, 6.203492262102372e-07, 7.152472392135678e-08, -1.868890819878288e-07, -1.111579308599175e-06, -1.034377078212856e-06, -9.175299737762543e-07, 3.024095178716379e-07, -1.663447335431556e-07, -2.473124425250717e-07, 9.855233429334476e-07, 6.555067670888093e-07, -2.481806632204098e-06, -9.145838930635364e-07, -7.658764502593809e-07, -9.339966595688839e-07, 1.200565748149538e-06, 2.498682931673102e-07, -9.071895306078659e-07, -4.577406798489392e-06, 2.016056896536611e-06, 3.264976739883423e+00, 3.29886794090271e+00, 3.331846475601196e+00, 3.346837520599365e+00, 3.349987506866455e+00, 3.39513111114502e+00, 3.528998851776124e+00, 3.72618007659912e+00, 3.800814867019653e+00, 3.857880592346191e+00, 3.920800924301147e+00, 3.966552734375e+00, 3.986337661743164e+00, 4.007917404174805e+00, 3.983421325683594e+00, 4.009284019470215e+00, 4.083409309387207e+00, 4.034513473510742e+00, 4.030592918395996e+00, 4.038717269897461e+00, 4.058888912200928e+00, 4.083927631378174e+00, 4.076740264892578e+00, 4.047684192657471e+00, 3.967236757278442e+00, 3.856297016143799e+00, 3.775645971298218e+00, 3.706578731536865e+00, -8.366012593796768e-08, -2.490878898697702e-07, -5.037167056798353e-07, -2.216056827819557e-06, -2.352628825974534e-06, -5.661886248731207e-08, 3.661262098830775e-06, 6.830942993474309e-07, 1.962345095307683e-07, -1.504828787801671e-06, -8.855525948092691e-07]
fanSupHot.dp=[0e+00, 2.619344741106033e-10, -2.91038304567337e-10, 6.039044819772243e-09, 1.33877620100975e-09, 7.872586138546467e-09, 4.48198989033699e-09, -3.827153705060485e-09, -1.542503014206886e-09, -3.768946044147015e-09, -1.149601303040981e-09, 3.623426891863346e-09, 1.052665901184082e+01, 1.48404426574707e+01, 1.510599327087402e+01, 1.509612941741943e+01, 1.464547729492188e+01, 1.056064891815183e+01, -3.163474559783936e+00, -1.25491828918457e+01, -1.637067794799805e+01, -1.891103172302246e+01, -2.287457656860352e+01, -2.964431381225586e+01, -3.622352600097656e+01, -4.167558288574219e+01, -4.077882385253906e+01, -4.286022186279297e+01, -5.409167480468751e+01, -5.696250152587891e+01, -5.775470352172852e+01, -5.803948974609375e+01, -5.796593475341797e+01, -5.758573913574219e+01, -5.721219635009766e+01, -5.730023193359375e+01, -5.286948776245117e+01, -4.358642578125e+01, -3.406589889526367e+01, -2.380829620361328e+01, -1.86118995770812e-08, 7.188646122813225e-09, 1.034641172736883e-08, 1.135049387812614e-09, -2.342858351767063e-09, -1.217995304614305e-08, -9.036739356815815e-09, -6.475602276623249e-09, 9.749783203005791e-09, 3.215973265469074e-09, 1.746229827404022e-09, 1.698208507150412e-08, 1.129228621721268e-08, -2.582964953035116e-08, -5.908077582716942e-09, -4.365574568510012e-09, -5.515175871550243e-09, 1.852458808571114e-08, 5.369656719267368e-09, -9.065843187272549e-09, -4.47762431576848e-08, 3.306195139884949e-08, -2.998234272003174e+00, -4.782979965209961e+00, -6.594913482666016e+00, -7.427644729614258e+00, -7.603948593139648e+00, -1.024611568450928e+01, -1.842644691467294e+01, -3.124564743041987e+01, -3.632369613647457e+01, -4.031031799316406e+01, -4.482447052001953e+01, -4.816753387451172e+01, -4.947190856933594e+01, -5.090326690673828e+01, -4.899427795410156e+01, -5.08503303527832e+01, -5.634189605712891e+01, -5.274288558959961e+01, -5.240264892578125e+01, -5.297051239013672e+01, -5.454562377929688e+01, -5.65748291015625e+01, -5.624849700927734e+01, -5.492854690551758e+01, -4.878104019165039e+01, -3.987959671020508e+01, -3.432904815673828e+01, -2.975883865356445e+01, 3.958120942115784e-09, 1.382431946694851e-09, -1.746229827404022e-09, -2.182787284255028e-08, -1.957232598215342e-08, 1.060834620147943e-08, 5.395850166678429e-08, 9.313225746154785e-09, 2.473825588822365e-09, -1.816079020500183e-08, -8.469214662909508e-09]
fanSupCol.dp=[1.455191522836685e-11, 1.746229827404022e-10, -4.220055416226387e-10, 2.415617927908897e-09, 3.637978807091713e-10, 3.69618646800518e-09, 2.08092387765646e-09, -1.891748979687693e-09, -7.275957614183426e-10, -1.891748979687691e-09, -5.093170329928398e-10, 1.615262590348721e-09, -2.664209938049316e+01, -2.672553443908691e+01, -2.673085784912109e+01, -2.673037338256836e+01, -2.672027015686035e+01, -2.664061164855957e+01, -2.643883895874023e+01, -2.627800750732422e+01, -2.619435882568359e+01, -2.613153076171875e+01, -2.602269554138184e+01, -3.399024963378906e+01, -4.206169891357422e+01, -4.876519775390625e+01, -4.773099899291992e+01, -5.032444381713867e+01, -6.407696533203126e+01, -6.761392974853516e+01, -6.859999847412109e+01, -6.897114562988281e+01, -6.889879608154297e+01, -6.845011901855469e+01, -6.801223754882812e+01, -6.814130401611328e+01, -6.275910568237305e+01, -5.139401245117188e+01, -3.972744369506836e+01, -2.712665176391602e+01, -8.541974239051342e-09, 3.65253072232008e-09, 4.758476279675961e-09, 2.764863893389702e-10, -1.367880031466484e-09, -5.675246939063072e-09, -3.870809450745583e-09, -3.012246452271938e-09, 4.452886059880257e-09, 1.353328116238117e-09, 8.149072527885437e-10, 8.032657206058502e-09, 5.311449058353901e-09, -1.209264155477285e-08, -2.750311978161335e-09, -2.066371962428071e-09, -2.939486876129736e-09, 8.993083611130766e-09, 2.532033249735832e-09, -3.623426891863346e-09, -2.099841367453337e-08, 1.497392076998949e-08, -2.644572257995605e+01, -2.641834831237793e+01, -2.638959312438965e+01, -2.637588882446289e+01, -2.637285614013672e+01, -2.632664108276367e+01, -2.61498851776123e+01, -3.626567459106438e+01, -4.253329086303706e+01, -4.745022964477539e+01, -5.301225662231445e+01, -5.715752410888672e+01, -5.880765914916992e+01, -6.06279411315918e+01, -5.834329223632812e+01, -6.069100189208984e+01, -6.755438232421875e+01, -6.313354110717773e+01, -6.267040634155273e+01, -6.33433723449707e+01, -6.529991912841797e+01, -6.787673950195312e+01, -6.759095001220703e+01, -6.618228149414062e+01, -5.863793182373047e+01, -4.732146453857422e+01, -4.034193801879883e+01, -3.47056884765625e+01, 1.818989403545856e-09, 6.984919309616089e-10, -8.585629984736443e-10, -1.025910023599863e-08, -8.934875950217247e-09, 4.249159246683121e-09, 2.508750185370445e-08, 4.147295840084553e-09, 1.222360879182816e-09, -8.381903171539307e-09, -3.899913281202316e-09]
fanRet.dp=[0e+00, -6.693881005048752e-10, -7.421476766467094e-10, 1.01863406598568e-10, -3.92901711165905e-10, 5.529727786779404e-10, 2.764863893389702e-10, -7.858034223318104e-10, -5.675246939063072e-10, -8.585629984736443e-10, -6.111804395914078e-10, 7.275957614183426e-11, -1.103146896362305e+02, -1.103696365356445e+02, -1.103730926513672e+02, -1.103729629516602e+02, -1.103667526245117e+02, -1.103139038085938e+02, -1.101562881469727e+02, -1.100614700317383e+02, -1.10025520324707e+02, -1.100010452270508e+02, -1.099624404907227e+02, -1.09895751953125e+02, -1.098298187255859e+02, -1.09775016784668e+02, -1.097837524414062e+02, -1.09762321472168e+02, -1.096484375e+02, -1.096191558837891e+02, -1.096102142333984e+02, -1.096062545776367e+02, -1.09605583190918e+02, -1.096086959838867e+02, -1.096120223999023e+02, -1.096108627319336e+02, -1.096560745239258e+02, -1.097504730224609e+02, -1.098464660644531e+02, -1.099494171142578e+02, -2.837623469531536e-09, 2.182787284255028e-10, 9.749783203005791e-10, 1.164153218269348e-10, -2.91038304567337e-10, -1.775333657860756e-09, -1.658918336033821e-09, -1.469743438065052e-09, 4.656612873077393e-10, -2.764863893389702e-10, -4.074536263942719e-10, 1.557054929435253e-09, 1.033185981214046e-09, -3.958120942115784e-09, -1.469743438065052e-09, -1.236912794411177e-09, -1.498847268521685e-09, 1.891748979687706e-09, 3.92901711165905e-10, -1.455191522836685e-09, -7.319613359868526e-09, 3.186869435012341e-09, -1.101617279052734e+02, -1.101425399780273e+02, -1.101236419677734e+02, -1.101149749755859e+02, -1.10113151550293e+02, -1.100867462158203e+02, -1.100057754516602e+02, -1.098785247802734e+02, -1.098276290893555e+02, -1.097876358032227e+02, -1.097424011230469e+02, -1.09708740234375e+02, -1.09693977355957e+02, -1.09677734375e+02, -1.09696159362793e+02, -1.096766967773438e+02, -1.096196899414062e+02, -1.096575012207031e+02, -1.096604995727539e+02, -1.096542816162109e+02, -1.096387557983398e+02, -1.096192855834961e+02, -1.096248931884766e+02, -1.096473922729492e+02, -1.097082290649414e+02, -1.097887573242188e+02, -1.09844970703125e+02, -1.098916320800781e+02, -1.455191522836685e-10, -4.074536263942719e-10, -8.149072527885437e-10, -3.550667315721512e-09, -3.768946044147015e-09, -1.309672370553017e-10, 5.791662260890007e-09, 1.091393642127514e-09, 3.055902197957039e-10, -2.401066012680531e-09, -1.411535777151585e-09]
flo.sou.air.vol.T=[2.931499938964844e+02, 2.923798828125e+02, 2.922748107910156e+02, 2.922027893066406e+02, 2.92062744140625e+02, 2.919624633789062e+02, 2.919019165039062e+02, 2.918099975585938e+02, 2.916729431152344e+02, 2.915945739746094e+02, 2.915898132324219e+02, 2.914869384765625e+02, 2.920316467285156e+02, 2.919969787597656e+02, 2.91970947265625e+02, 2.919548950195312e+02, 2.919826965332031e+02, 2.921465454101562e+02, 2.925229797363281e+02, 2.929398498535156e+02, 2.932214660644531e+02, 2.934602661132812e+02, 2.935624389648438e+02, 2.936166381835938e+02, 2.936559448242188e+02, 2.936789855957031e+02, 2.936727294921875e+02, 2.936709289550781e+02, 2.936918334960938e+02, 2.93702880859375e+02, 2.937103576660156e+02, 2.937072143554688e+02, 2.936911315917969e+02, 2.936799621582031e+02, 2.936741943359375e+02, 2.936698913574219e+02, 2.936566772460938e+02, 2.936303405761719e+02, 2.936006469726562e+02, 2.935612182617188e+02, 2.933478393554688e+02, 2.93155517578125e+02, 2.931564025878906e+02, 2.933412475585938e+02, 2.933321838378906e+02, 2.932560729980469e+02, 2.929119567871094e+02, 2.928128967285156e+02, 2.927270812988281e+02, 2.926676025390625e+02, 2.926156921386719e+02, 2.925628051757812e+02, 2.925364990234375e+02, 2.924189147949219e+02, 2.923232421875e+02, 2.922861633300781e+02, 2.922354736328125e+02, 2.922462158203125e+02, 2.923316345214844e+02, 2.922829895019531e+02, 2.92042236328125e+02, 2.920219421386719e+02, 2.92911376953125e+02, 2.929447326660156e+02, 2.929774169921875e+02, 2.929961547851562e+02, 2.929903259277344e+02, 2.930465393066406e+02, 2.933173522949219e+02, 2.93504150390625e+02, 2.935360107421875e+02, 2.935550231933594e+02, 2.935736083984375e+02, 2.935885009765625e+02, 2.935995178222656e+02, 2.936107482910156e+02, 2.936116943359375e+02, 2.936194763183594e+02, 2.936346435546875e+02, 2.936190490722656e+02, 2.936148986816406e+02, 2.936150207519531e+02, 2.936190185546875e+02, 2.936273498535156e+02, 2.936262512207031e+02, 2.936017456054688e+02, 2.935833435058594e+02, 2.935645751953125e+02, 2.935343017578125e+02, 2.935048828125e+02, 2.929788513183594e+02, 2.928239440917969e+02, 2.927590942382812e+02, 2.927237548828125e+02, 2.927316284179688e+02, 2.928304748535156e+02, 2.929131469726562e+02, 2.929007568359375e+02, 2.928980102539062e+02, 2.928606262207031e+02, 2.927741394042969e+02]
flo.eas.air.vol.T=[2.931499938964844e+02, 2.924093627929688e+02, 2.923101501464844e+02, 2.92239013671875e+02, 2.921717834472656e+02, 2.921040649414062e+02, 2.920501403808594e+02, 2.9199072265625e+02, 2.919149780273438e+02, 2.918481750488281e+02, 2.917958068847656e+02, 2.917438049316406e+02, 2.924264831542969e+02, 2.924078674316406e+02, 2.923941345214844e+02, 2.923746032714844e+02, 2.923968811035156e+02, 2.925618896484375e+02, 2.929098510742188e+02, 2.93294189453125e+02, 2.935426940917969e+02, 2.935539245605469e+02, 2.935861511230469e+02, 2.935997009277344e+02, 2.936028137207031e+02, 2.936068725585938e+02, 2.9360107421875e+02, 2.936024780273438e+02, 2.936228637695312e+02, 2.9362646484375e+02, 2.936261901855469e+02, 2.936255493164062e+02, 2.936251525878906e+02, 2.936257019042969e+02, 2.936248168945312e+02, 2.936259460449219e+02, 2.936165161132812e+02, 2.935914916992188e+02, 2.935604553222656e+02, 2.935132141113281e+02, 2.931896667480469e+02, 2.930265197753906e+02, 2.929092712402344e+02, 2.929290161132812e+02, 2.929613647460938e+02, 2.928095397949219e+02, 2.928240051269531e+02, 2.927810363769531e+02, 2.927300415039062e+02, 2.926866455078125e+02, 2.926481628417969e+02, 2.926030883789062e+02, 2.9254931640625e+02, 2.925070190429688e+02, 2.924709167480469e+02, 2.924374084472656e+02, 2.923974304199219e+02, 2.923603820800781e+02, 2.922141723632812e+02, 2.921994323730469e+02, 2.922898254394531e+02, 2.9227001953125e+02, 2.930279846191406e+02, 2.930558776855469e+02, 2.930853576660156e+02, 2.93101806640625e+02, 2.931021728515625e+02, 2.931622619628906e+02, 2.934151000976562e+02, 2.935423889160156e+02, 2.935623168945312e+02, 2.935752868652344e+02, 2.935930480957031e+02, 2.936080017089844e+02, 2.936130676269531e+02, 2.936176452636719e+02, 2.936146240234375e+02, 2.936218566894531e+02, 2.936370544433594e+02, 2.936271057128906e+02, 2.936231689453125e+02, 2.93622802734375e+02, 2.936259765625e+02, 2.936310424804688e+02, 2.936282348632812e+02, 2.936369323730469e+02, 2.93621337890625e+02, 2.935833435058594e+02, 2.935583190917969e+02, 2.935361328125e+02, 2.930273742675781e+02, 2.929035339355469e+02, 2.928766479492188e+02, 2.927798156738281e+02, 2.9269873046875e+02, 2.926866455078125e+02, 2.927273559570312e+02, 2.928938293457031e+02, 2.929288940429688e+02, 2.928971862792969e+02, 2.928185729980469e+02]
flo.nor.air.vol.T=[2.931499938964844e+02, 2.923794860839844e+02, 2.922746276855469e+02, 2.92198486328125e+02, 2.921275024414062e+02, 2.920550842285156e+02, 2.919957580566406e+02, 2.919320678710938e+02, 2.918530578613281e+02, 2.917828369140625e+02, 2.917273864746094e+02, 2.916712951660156e+02, 2.925852966308594e+02, 2.925743713378906e+02, 2.925633544921875e+02, 2.925541076660156e+02, 2.92562744140625e+02, 2.926357421875e+02, 2.928639831542969e+02, 2.93126953125e+02, 2.932904968261719e+02, 2.934334106445312e+02, 2.934822692871094e+02, 2.935152282714844e+02, 2.935421142578125e+02, 2.935624694824219e+02, 2.935675964355469e+02, 2.9357763671875e+02, 2.936110229492188e+02, 2.936366271972656e+02, 2.936545104980469e+02, 2.9366796875e+02, 2.936775817871094e+02, 2.936835021972656e+02, 2.936897277832031e+02, 2.936968994140625e+02, 2.936910705566406e+02, 2.936520385742188e+02, 2.935983581542969e+02, 2.935460205078125e+02, 2.929834899902344e+02, 2.928070068359375e+02, 2.927577209472656e+02, 2.927171630859375e+02, 2.927384948730469e+02, 2.926821594238281e+02, 2.926155090332031e+02, 2.925666809082031e+02, 2.925157470703125e+02, 2.924720153808594e+02, 2.924334716796875e+02, 2.923898315429688e+02, 2.923370361328125e+02, 2.922940063476562e+02, 2.922569885253906e+02, 2.922242126464844e+02, 2.921863403320312e+02, 2.921572265625e+02, 2.921353454589844e+02, 2.921196594238281e+02, 2.920902099609375e+02, 2.920684814453125e+02, 2.931638793945312e+02, 2.93220458984375e+02, 2.93266845703125e+02, 2.932985534667969e+02, 2.933106079101562e+02, 2.933724975585938e+02, 2.935066528320312e+02, 2.935733642578125e+02, 2.935868225097656e+02, 2.936028747558594e+02, 2.936343688964844e+02, 2.93676025390625e+02, 2.937101745605469e+02, 2.937380676269531e+02, 2.937455444335938e+02, 2.937643432617188e+02, 2.938009643554688e+02, 2.937889709472656e+02, 2.937808532714844e+02, 2.937794494628906e+02, 2.9378759765625e+02, 2.938046875e+02, 2.938182373046875e+02, 2.938233642578125e+02, 2.938034973144531e+02, 2.937437744140625e+02, 2.936929016113281e+02, 2.936571655273438e+02, 2.931695861816406e+02, 2.930126647949219e+02, 2.929623413085938e+02, 2.9292041015625e+02, 2.928843383789062e+02, 2.928645324707031e+02, 2.928569641113281e+02, 2.927958984375e+02, 2.928395385742188e+02, 2.927607727050781e+02, 2.925389099121094e+02]
flo.wes.air.vol.T=[2.931499938964844e+02, 2.920982055664062e+02, 2.919955444335938e+02, 2.919285278320312e+02, 2.918799743652344e+02, 2.91847412109375e+02, 2.918506469726562e+02, 2.917946166992188e+02, 2.916958312988281e+02, 2.916235961914062e+02, 2.915435791015625e+02, 2.915194091796875e+02, 2.925267333984375e+02, 2.925213012695312e+02, 2.925219116210938e+02, 2.925270385742188e+02, 2.9253271484375e+02, 2.925960083007812e+02, 2.92801025390625e+02, 2.930427856445312e+02, 2.931642761230469e+02, 2.932579650878906e+02, 2.933705749511719e+02, 2.934482116699219e+02, 2.934905700683594e+02, 2.9352001953125e+02, 2.935275573730469e+02, 2.935463256835938e+02, 2.935846557617188e+02, 2.935990295410156e+02, 2.936086120605469e+02, 2.936152648925781e+02, 2.936224060058594e+02, 2.936307373046875e+02, 2.936356506347656e+02, 2.936407775878906e+02, 2.936328735351562e+02, 2.935938110351562e+02, 2.9356787109375e+02, 2.935324096679688e+02, 2.93092529296875e+02, 2.929318542480469e+02, 2.928835754394531e+02, 2.928587646484375e+02, 2.928644409179688e+02, 2.928114929199219e+02, 2.927471008300781e+02, 2.926989135742188e+02, 2.926479797363281e+02, 2.926049499511719e+02, 2.925669860839844e+02, 2.925258178710938e+02, 2.924775390625e+02, 2.924347229003906e+02, 2.923930053710938e+02, 2.923633422851562e+02, 2.923285827636719e+02, 2.923034362792969e+02, 2.922785949707031e+02, 2.922628784179688e+02, 2.922339782714844e+02, 2.922012634277344e+02, 2.930845031738281e+02, 2.93128173828125e+02, 2.931707763671875e+02, 2.931997985839844e+02, 2.932101440429688e+02, 2.932762145996094e+02, 2.934778442382812e+02, 2.935667419433594e+02, 2.935853881835938e+02, 2.935982666015625e+02, 2.936107177734375e+02, 2.936236877441406e+02, 2.936415710449219e+02, 2.936637268066406e+02, 2.936671142578125e+02, 2.93688232421875e+02, 2.937388916015625e+02, 2.937426452636719e+02, 2.937409973144531e+02, 2.937389526367188e+02, 2.937458801269531e+02, 2.93763916015625e+02, 2.937769470214844e+02, 2.938293762207031e+02, 2.938217468261719e+02, 2.937124938964844e+02, 2.936383361816406e+02, 2.93586669921875e+02, 2.932499389648438e+02, 2.931118774414062e+02, 2.930640258789062e+02, 2.930210266113281e+02, 2.929837646484375e+02, 2.929653015136719e+02, 2.929620971679688e+02, 2.929502563476562e+02, 2.929476318359375e+02, 2.929084167480469e+02, 2.927334899902344e+02]
flo.cor.air.vol.T=[2.931499938964844e+02, 2.928847045898438e+02, 2.928187866210938e+02, 2.927742919921875e+02, 2.927295227050781e+02, 2.926866149902344e+02, 2.926580200195312e+02, 2.926190490722656e+02, 2.925611877441406e+02, 2.925128173828125e+02, 2.924782409667969e+02, 2.924395751953125e+02, 2.935557250976562e+02, 2.935110778808594e+02, 2.935079956054688e+02, 2.935082702636719e+02, 2.935140075683594e+02, 2.93556396484375e+02, 2.936702880859375e+02, 2.938444519042969e+02, 2.939425659179688e+02, 2.94012939453125e+02, 2.940796203613281e+02, 2.941060180664062e+02, 2.941206970214844e+02, 2.941336669921875e+02, 2.941122436523438e+02, 2.941214294433594e+02, 2.941982116699219e+02, 2.942138977050781e+02, 2.942270812988281e+02, 2.942400207519531e+02, 2.942521667480469e+02, 2.942643127441406e+02, 2.942760009765625e+02, 2.942869567871094e+02, 2.942602233886719e+02, 2.941885070800781e+02, 2.941109924316406e+02, 2.940261535644531e+02, 2.938094787597656e+02, 2.936559143066406e+02, 2.936114807128906e+02, 2.935971984863281e+02, 2.935974426269531e+02, 2.935554809570312e+02, 2.934960021972656e+02, 2.934566040039062e+02, 2.934156494140625e+02, 2.933798217773438e+02, 2.933473815917969e+02, 2.933154602050781e+02, 2.932828674316406e+02, 2.932443542480469e+02, 2.932054443359375e+02, 2.931780700683594e+02, 2.931475219726562e+02, 2.93125732421875e+02, 2.931020812988281e+02, 2.930834045410156e+02, 2.930453491210938e+02, 2.930201416015625e+02, 2.936665954589844e+02, 2.936846313476562e+02, 2.937053527832031e+02, 2.937159118652344e+02, 2.937182006835938e+02, 2.937597351074219e+02, 2.939925537109375e+02, 2.941868286132812e+02, 2.9420458984375e+02, 2.942179565429688e+02, 2.942326049804688e+02, 2.942453918457031e+02, 2.942544555664062e+02, 2.942646484375e+02, 2.942380065917969e+02, 2.942448425292969e+02, 2.943222351074219e+02, 2.943282165527344e+02, 2.943398742675781e+02, 2.943515625e+02, 2.943643493652344e+02, 2.943777465820312e+02, 2.943834533691406e+02, 2.943887939453125e+02, 2.94352783203125e+02, 2.942667236328125e+02, 2.94186279296875e+02, 2.941075439453125e+02, 2.939336242675781e+02, 2.938007202148438e+02, 2.937577209472656e+02, 2.937152709960938e+02, 2.936809387207031e+02, 2.936721496582031e+02, 2.936771545410156e+02, 2.936763916015625e+02, 2.936781311035156e+02, 2.936502685546875e+02, 2.935674743652344e+02]
cor.vavHot.m_flow=[0e+00, -3.596148444133529e-13, -2.812633481154292e-13, -2.114303307085286e-12, -1.068383771209158e-12, -2.579425171719829e-12, -1.566258516112751e-12, 5.086042264429444e-13, -4.606500253402819e-14, 4.501481652707806e-13, -3.94370788196069e-13, -1.329106204435437e-12, 5.728815197944641e-01, 5.77150285243988e-01, 5.774219036102295e-01, 5.774111151695251e-01, 5.769482851028442e-01, 5.729091763496399e-01, 5.606529712677002e-01, 5.522357225418091e-01, 5.485290288925171e-01, 5.45929491519928e-01, 5.423095226287842e-01, 5.374183654785156e-01, 5.329807996749878e-01, 5.29390811920166e-01, 5.302779674530029e-01, 5.288594365119934e-01, 5.208741426467896e-01, 5.189001560211182e-01, 5.181653499603271e-01, 5.177121758460999e-01, 5.174633264541626e-01, 5.174012184143066e-01, 5.173439979553223e-01, 5.170300006866455e-01, 5.201579928398132e-01, 5.271468162536621e-01, 5.344448089599609e-01, 5.424073338508606e-01, 5.051233303160485e-12, -1.179675606331754e-12, -2.724350692956401e-12, -1.897172875612099e-13, 5.912198898852528e-13, 2.563484147177775e-12, 2.604969408584457e-12, 2.173005048469734e-12, -1.809707115066339e-12, -1.325075303388462e-13, 2.345110867649214e-13, -3.664906919609301e-12, -2.406930123960427e-12, 6.911584152224926e-12, 2.082803330846761e-12, 1.750426301301557e-12, 1.963613733418715e-12, -4.296427796868257e-12, -1.9150982882854e-12, 1.792569239746078e-12, 1.211811293672094e-11, -7.418721019447627e-12, 5.608059763908386e-01, 5.592895150184631e-01, 5.577523708343506e-01, 5.570436716079712e-01, 5.568934082984924e-01, 5.546073317527771e-01, 5.464966297149657e-01, 5.35000205039978e-01, 5.314429402351379e-01, 5.287042260169983e-01, 5.256370306015015e-01, 5.233035087585449e-01, 5.222389101982117e-01, 5.210722088813782e-01, 5.227024555206299e-01, 5.213925242424011e-01, 5.163049101829529e-01, 5.182724595069885e-01, 5.182298421859741e-01, 5.176149010658264e-01, 5.163400173187256e-01, 5.147361755371094e-01, 5.146932005882263e-01, 5.152882933616638e-01, 5.19935667514801e-01, 5.275552868843079e-01, 5.327989459037781e-01, 5.371538400650024e-01, -2.063410857108816e-12, -1.247187791410254e-12, -3.489242857319941e-13, 4.083718172648299e-12, 3.239693669582211e-12, -3.971083444714862e-12, -1.380875448708796e-11, -2.026527817083901e-12, -6.157833574646498e-13, 4.99511283030829e-12, 3.486157760038133e-12]
sou.vavHot.m_flow=[0e+00, 2.996113773745535e-12, 2.444150784541854e-12, -8.516814098587233e-13, -2.673631498487095e-12, -4.202319048296488e-12, -3.660644704028826e-12, -3.573872101036992e-12, -5.86433462554381e-12, -5.47526303809609e-12, -4.149723967228347e-12, -6.738512959431064e-12, 3.228550553321838e-01, 3.251296281814575e-01, 3.252740502357483e-01, 3.252686858177185e-01, 3.250240087509155e-01, 3.228726089000702e-01, 3.163483440876007e-01, 3.12380313873291e-01, 3.107667863368988e-01, 3.09326559305191e-01, 3.075464069843292e-01, 3.048407137393951e-01, 3.023257553577423e-01, 3.003303408622742e-01, 3.00653338432312e-01, 2.99942284822464e-01, 2.961209714412689e-01, 2.950344681739807e-01, 2.945407629013062e-01, 2.944198250770569e-01, 2.947630882263184e-01, 2.950210571289062e-01, 2.951681315898895e-01, 2.951580286026001e-01, 2.966387569904327e-01, 2.998332977294922e-01, 3.032673597335815e-01, 3.0716472864151e-01, -6.736030136456073e-12, -1.207286354221182e-11, -8.709983255472675e-12, 2.689252358127614e-13, 3.001992643185403e-13, 1.483128398739597e-12, -8.996695749496908e-12, -1.004767016116181e-11, -1.265314936160777e-11, -1.14374135162798e-11, -1.097092122009924e-11, -1.215852765690251e-11, -9.156034437574068e-12, -7.358304937588045e-12, -1.188682919456285e-11, -1.130690593237338e-11, -1.093045445821349e-11, -1.146327997803015e-11, -4.732500415854934e-12, -5.196305191690342e-12, -9.579217627453396e-12, -1.886868092326743e-11, 3.164210915565491e-01, 3.156349062919617e-01, 3.148501813411713e-01, 3.144940733909607e-01, 3.144190311431885e-01, 3.133091032505035e-01, 3.098058998584747e-01, 3.046276867389679e-01, 3.027165234088898e-01, 3.012599050998688e-01, 2.996416687965393e-01, 2.984452545642853e-01, 2.979497313499451e-01, 2.974153161048889e-01, 2.980228960514069e-01, 2.973638772964478e-01, 2.955299615859985e-01, 2.967954874038696e-01, 2.969475984573364e-01, 2.967708706855774e-01, 2.962427139282227e-01, 2.955502271652222e-01, 2.956593334674835e-01, 2.962233424186707e-01, 2.983448207378387e-01, 3.013643622398376e-01, 3.03372710943222e-01, 3.05084615945816e-01, -1.225568778406849e-11, -1.259106707784952e-11, -1.289766904388756e-11, -9.763133010376457e-12, -7.516622740899592e-12, -5.071133617196022e-12, -3.697520154638534e-12, -1.690592246273229e-13, -3.54228446705282e-13, 3.405750724841394e-12, 6.584816893140388e-12]
eas.vavHot.m_flow=[0e+00, 1.466880870243381e-12, 1.545878767876541e-12, 7.143466590822656e-13, 1.542209068783329e-12, 1.016673399113766e-12, 1.259654381670361e-12, 2.693426428071468e-12, 3.636789654148931e-12, 3.767536629895041e-12, 2.480502782342686e-12, 3.206290268009671e-12, 2.29897141456604e-01, 2.315171211957932e-01, 2.316199988126755e-01, 2.316161692142487e-01, 2.314418852329254e-01, 2.299096286296844e-01, 2.252630144357681e-01, 2.222699522972107e-01, 2.207783311605453e-01, 2.200723588466644e-01, 2.189358919858932e-01, 2.171031832695007e-01, 2.154036164283752e-01, 2.14033842086792e-01, 2.142612636089325e-01, 2.13746964931488e-01, 2.110353112220764e-01, 2.103689908981323e-01, 2.101996690034866e-01, 2.101438790559769e-01, 2.101628035306931e-01, 2.102566957473755e-01, 2.103548496961594e-01, 2.10340604186058e-01, 2.113852202892303e-01, 2.136281579732895e-01, 2.160489559173584e-01, 2.188230454921722e-01, 3.558706931569566e-12, 1.614354917106597e-12, -3.098344714472234e-12, -3.034520063612683e-13, 2.664224093076872e-13, -1.364624450765628e-12, 1.191808696003605e-12, 2.834029018405904e-12, 2.549283917643863e-12, 4.253463033176974e-12, 4.97571428503818e-12, 1.545148991394241e-12, 2.050820925299061e-14, 6.154093293991858e-12, 7.633690554675887e-12, 6.883106497962407e-12, 4.679972555321379e-12, -2.157147941175797e-12, -3.657739042206565e-12, -2.02191236843563e-12, 9.319153955467119e-12, 4.497180839529991e-12, 2.253150790929794e-01, 2.247560620307922e-01, 2.241981774568558e-01, 2.239454239606857e-01, 2.238923162221909e-01, 2.230913192033768e-01, 2.204629182815551e-01, 2.168417423963547e-01, 2.155015468597412e-01, 2.144776880741119e-01, 2.133343070745468e-01, 2.125028669834137e-01, 2.121957242488861e-01, 2.118670344352722e-01, 2.123256623744965e-01, 2.118865996599197e-01, 2.106572687625885e-01, 2.115451693534851e-01, 2.116391509771347e-01, 2.115082889795303e-01, 2.111444175243378e-01, 2.106934040784836e-01, 2.108097523450851e-01, 2.111862152814865e-01, 2.126868516206741e-01, 2.147358506917953e-01, 2.160613834857941e-01, 2.172243446111679e-01, -6.251893967801347e-12, -5.32616485637849e-12, -4.597719774346309e-12, -4.522736785778081e-12, -6.180792856691486e-12, -8.961689897113434e-12, -1.162222488387821e-11, -1.407958276876398e-12, -2.697818639492422e-13, 3.632758156790761e-12, 6.304556703085051e-12]
nor.vavHot.m_flow=[0e+00, 2.183603775227083e-12, 3.005765992006304e-12, 4.592046794898996e-12, 7.344061123126799e-12, 5.545885365526582e-12, 4.687784882495549e-12, 6.805774260126854e-12, 7.720260195021034e-12, 8.460181340208539e-12, 8.317769216448223e-12, 6.916099637432893e-12, 4.437054991722107e-01, 4.468320906162262e-01, 4.47030633687973e-01, 4.470233023166656e-01, 4.466869533061981e-01, 4.437296390533447e-01, 4.347613155841827e-01, 4.293091893196106e-01, 4.269298911094666e-01, 4.251925945281982e-01, 4.229685962200165e-01, 4.193668067455292e-01, 4.159916639328003e-01, 4.132806360721588e-01, 4.136715531349182e-01, 4.12641853094101e-01, 4.069766402244568e-01, 4.045019745826721e-01, 4.028188288211823e-01, 4.014852344989777e-01, 4.005039632320404e-01, 3.999750912189484e-01, 3.994892835617065e-01, 3.986927568912506e-01, 4.005371928215027e-01, 4.075851738452911e-01, 4.153636395931244e-01, 4.221983850002289e-01, 6.535254976069993e-12, 2.167108506534454e-12, 2.841642719741966e-12, -1.000869851407182e-12, 3.869853927324779e-13, 5.119438293427203e-12, 5.39527016812924e-12, 4.732223727460516e-12, 2.258678270458669e-12, 3.037936222027859e-12, 3.1775393947997e-12, 1.663724903287409e-13, 1.947160965451444e-13, 9.100903190784049e-12, 6.574091965250162e-12, 5.331146114839737e-12, 5.542398571339706e-12, -1.499830804257651e-13, 4.558267825693907e-12, 7.64831080413142e-12, 1.386525790014748e-11, -9.763465535182758e-14, 4.348334074020386e-01, 4.336315989494324e-01, 4.324451088905334e-01, 4.31877076625824e-01, 4.317427277565002e-01, 4.30047333240509e-01, 4.251713454723358e-01, 4.183750152587891e-01, 4.158127009868622e-01, 4.135634303092957e-01, 4.10191684961319e-01, 4.057893455028534e-01, 4.012568891048431e-01, 3.964169919490814e-01, 3.953699469566345e-01, 3.914458155632019e-01, 3.816805183887482e-01, 3.844289779663086e-01, 3.865591585636139e-01, 3.869316279888153e-01, 3.851437568664551e-01, 3.809690177440643e-01, 3.77990186214447e-01, 3.767445981502533e-01, 3.821093440055847e-01, 3.963935077190399e-01, 4.069883823394775e-01, 4.134169518947601e-01, 1.18867068965578e-11, 1.157927139588955e-11, 1.184012783650434e-11, 1.87714375293746e-11, 1.963640187951921e-11, 9.461703989743775e-12, -8.50198817597958e-12, -4.037702897724538e-12, -4.397274103000448e-13, 3.304910327611016e-13, -8.078590747750969e-12]
wes.vavHot.m_flow=[0e+00, -5.898856490077486e-12, -5.881615940811491e-12, -6.546437003596139e-12, -5.730641221973753e-12, -5.613620679412179e-12, -4.003619050868545e-12, -3.163158537183853e-12, -3.920010583496891e-12, -3.908352808057458e-12, -4.957293690127651e-12, -4.58828938385003e-12, 2.618253529071808e-01, 2.636402547359467e-01, 2.637555301189423e-01, 2.637512981891632e-01, 2.63556033372879e-01, 2.618394196033478e-01, 2.566350102424622e-01, 2.534720301628113e-01, 2.522659003734589e-01, 2.513744533061981e-01, 2.499977499246597e-01, 2.478275746107101e-01, 2.45839536190033e-01, 2.442479431629181e-01, 2.444692254066467e-01, 2.438507229089737e-01, 2.407758384943008e-01, 2.400150150060654e-01, 2.398139834403992e-01, 2.397454828023911e-01, 2.396744340658188e-01, 2.395823150873184e-01, 2.395146787166595e-01, 2.393603920936584e-01, 2.405305802822113e-01, 2.436195760965347e-01, 2.462824881076813e-01, 2.493477314710617e-01, 6.668333420167816e-12, 4.387854229265242e-12, 3.815693854630764e-12, 3.588539513287026e-13, 3.039174272488621e-13, 2.000293810797138e-12, 7.356780115652661e-12, 5.967556743896596e-12, 2.625496608316125e-12, 2.329046027219062e-12, 1.735185020841634e-12, 1.227786860895363e-12, 2.788303008621762e-12, 6.135700454656945e-12, 8.673718752787163e-13, 1.360948138039177e-12, 3.772623706488281e-12, 3.844352353815617e-12, 1.759047226455868e-12, 5.17808018685173e-12, 1.096373599546174e-11, -3.326892797708703e-12, 2.56693571805954e-01, 2.560690641403198e-01, 2.554195821285248e-01, 2.550994157791138e-01, 2.55026251077652e-01, 2.540494203567505e-01, 2.51109629869461e-01, 2.471103370189667e-01, 2.456090152263641e-01, 2.444636225700378e-01, 2.432090640068054e-01, 2.421932369470596e-01, 2.414706945419312e-01, 2.404222339391708e-01, 2.406434118747711e-01, 2.39359050989151e-01, 2.350597530603409e-01, 2.350211441516876e-01, 2.350601851940155e-01, 2.35111191868782e-01, 2.343846708536148e-01, 2.325259745121002e-01, 2.311829626560211e-01, 2.264519929885864e-01, 2.26439356803894e-01, 2.38311305642128e-01, 2.445653975009918e-01, 2.475364506244659e-01, 6.117919539028183e-12, 6.992960897844736e-12, 7.885437962318331e-12, 9.290455557642296e-12, 7.347623377784718e-12, 1.420817890424031e-12, -4.028458122640188e-12, 3.835057813851572e-13, -2.712775479512403e-13, 2.030368494859713e-12, -1.333147784873812e-12]
cor.vavCol.m_flow=[0e+00, -1.199160670935229e-12, -9.370839607752979e-13, -7.057197708160157e-12, -3.563368784070819e-12, -8.610390178631633e-12, -5.227894939868749e-12, 1.701272477928897e-12, -1.512176343344829e-13, 1.506409688829813e-12, -1.312785600712796e-12, -4.436092986004336e-12, 2.993382811546326e-01, 1.739577203989029e-01, 1.668054461479187e-01, 1.674533635377884e-01, 1.811321526765823e-01, 3.018144667148597e-01, 6.456895470619202e-01, 8.41503918170929e-01, 8.625216484069824e-01, 8.739044070243835e-01, 8.529810905456543e-01, 8.672887086868286e-01, 8.794765472412109e-01, 8.905180096626282e-01, 8.779537081718445e-01, 8.852975964546204e-01, 9.376335144042969e-01, 9.485247731208801e-01, 9.565738439559937e-01, 9.643377065658569e-01, 9.714173078536987e-01, 9.782681465148926e-01, 9.848523139953613e-01, 9.912299513816833e-01, 9.740110039710999e-01, 9.277217388153076e-01, 8.76801609992981e-01, 8.201567530632019e-01, 1.68665064553819e-11, -3.943498739361617e-12, -9.097404253533004e-12, -6.342064460401753e-13, 1.974521674635854e-12, 8.564061786120458e-12, 8.697337988694542e-12, 7.253489042041705e-12, -6.047626375377257e-12, -4.467451257018917e-13, 7.789520981363318e-13, -1.224299741447998e-11, -8.04077551069815e-12, 2.307904908849245e-11, 6.951937723403967e-12, 5.841595870220675e-12, 6.554051138612414e-12, -1.435053725157296e-11, -6.392070466681998e-12, 5.989355279095721e-12, 4.046378856981114e-11, -2.47808926157056e-11, 6.353610754013062e-01, 6.751405000686646e-01, 7.137828469276428e-01, 7.307284474372864e-01, 7.341245412826538e-01, 7.84002959728241e-01, 8.678604364395144e-01, 9.216102957725523e-01, 9.353905916213988e-01, 9.458130598068237e-01, 9.570672512054443e-01, 9.663208723068237e-01, 9.718747138977051e-01, 9.78202223777771e-01, 9.618174433708191e-01, 9.668647050857544e-01, 1.013218283653259e+00, 1.014296174049377e+00, 1.020366787910461e+00, 1.026938319206238e+00, 1.034772992134094e+00, 1.043156266212463e+00, 1.046388387680054e+00, 1.04957914352417e+00, 1.027045130729675e+00, 9.733110070228577e-01, 9.240610003471375e-01, 8.752861618995667e-01, -6.884248379690483e-12, -4.159597579572738e-12, -1.160294083035751e-12, 1.364643814616429e-11, 1.082976069932684e-11, -1.325362215809367e-11, -4.611370660323466e-11, -6.769595300992748e-12, -2.056492779886621e-12, 1.667892213230715e-11, 1.163378074431343e-11]
sou.vavCol.m_flow=[0e+00, 9.986772693537649e-12, 8.147383809276043e-12, -2.844292943532389e-12, -8.913255550302424e-12, -1.401466182687772e-11, -1.220608423363467e-11, -1.190950376511735e-11, -1.954638534362729e-11, -1.824750940626618e-11, -1.383136920968253e-11, -2.246484422097073e-11, 1.903414340631571e-05, 2.05110882234294e-05, 2.06013737624744e-05, 2.059733014903031e-05, 2.044137181655969e-05, 1.903959673654753e-05, 1.447815429855837e-05, 1.143180907092756e-05, 8.591198275098577e-05, 1.943846046924591e-02, 7.997609674930573e-02, 1.46830141544342e-01, 2.081629037857056e-01, 2.458386272192001e-01, 2.362616062164307e-01, 2.340497225522995e-01, 2.689122557640076e-01, 2.795404195785522e-01, 2.789787650108337e-01, 2.721530497074127e-01, 2.627442479133606e-01, 2.509837448596954e-01, 2.418024390935898e-01, 2.349610179662705e-01, 2.13130310177803e-01, 1.702792793512344e-01, 1.261859983205795e-01, 7.869864255189896e-02, -2.24370452772682e-11, -4.024898817012179e-11, -2.904235532619204e-11, 8.954493505193561e-13, 1.00283583520655e-12, 4.954362441134119e-12, -2.998102460738394e-11, -3.348646013257017e-11, -4.218563692814925e-11, -3.812763646471318e-11, -3.657122868427898e-11, -4.054334992731334e-11, -3.053000213748547e-11, -2.450483739535603e-11, -3.961747596648024e-11, -3.768574341478371e-11, -3.642987994600977e-11, -3.822737959513507e-11, -1.577971434074676e-11, -1.731295488915929e-11, -3.189115985180457e-11, -6.29246446615106e-11, 1.454428002034547e-05, 1.396063908032374e-05, 1.3370624401432e-05, 1.309975232288707e-05, 1.304212764807744e-05, 1.218403576785931e-05, 9.906919440255562e-04, 3.506240993738153e-02, 5.666751787066442e-02, 7.376310229301453e-02, 9.368579089641571e-02, 1.11939363181591e-01, 1.264743208885193e-01, 1.423137336969376e-01, 1.43499955534935e-01, 1.55207946896553e-01, 1.789597719907761e-01, 1.544755697250366e-01, 1.48247167468071e-01, 1.484541445970535e-01, 1.545499712228775e-01, 1.674782633781433e-01, 1.658492088317871e-01, 1.299825012683868e-01, 1.054368317127228e-01, 8.32781195640564e-02, 5.52956834435463e-02, 3.558650985360146e-02, -4.085581178925324e-11, -4.197135347605574e-11, -4.299061107104762e-11, -3.252459065961055e-11, -2.503813996412863e-11, -1.691305949458322e-11, -1.23725344206016e-11, -5.716767120453325e-13, -1.182919105550961e-12, 1.136850162619663e-11, 2.195681657324311e-11]
eas.vavCol.m_flow=[0e+00, 4.889439547683949e-12, 5.153109276095913e-12, 2.377394505218011e-12, 5.13985165193076e-12, 3.38395847801487e-12, 4.196030675696072e-12, 8.980494299593027e-12, 1.21235894587346e-11, 1.256082217404586e-11, 8.2690469055402e-12, 1.068531981646137e-11, 1.355654421786312e-05, 1.460845942347078e-05, 1.467276433686493e-05, 1.466988396714441e-05, 1.455880556022748e-05, 1.356042866973439e-05, 1.031166266329819e-05, 4.790993989445269e-04, 5.557698011398315e-02, 5.942907556891441e-02, 7.646619528532028e-02, 8.837715536355972e-02, 9.173063933849335e-02, 9.611501544713974e-02, 9.04587134718895e-02, 9.201809763908386e-02, 1.139532402157784e-01, 1.181219294667244e-01, 1.178248971700668e-01, 1.171009764075279e-01, 1.16674430668354e-01, 1.172767877578735e-01, 1.162901297211647e-01, 1.17562897503376e-01, 1.071149855852127e-01, 8.175276219844818e-02, 5.586108565330505e-02, 2.850420586764812e-02, 1.187399050611715e-11, 5.376699085957171e-12, -1.033430199054441e-11, -1.012259720489794e-12, 8.895335639955149e-13, -4.541098400090426e-12, 3.978370150675703e-12, 9.450809926314641e-12, 8.491473149629947e-12, 1.417617672555549e-11, 1.658458960440701e-11, 5.13979570709866e-12, 6.127162579389056e-14, 2.05298174293933e-11, 2.544931800019246e-11, 2.294649713296954e-11, 1.560333112715603e-11, -7.202093522257093e-12, -1.219580686440125e-11, -6.733952371412721e-12, 3.10919553991873e-11, 1.496979970538881e-11, 1.03587581179454e-05, 9.94305173662724e-06, 9.522757864033338e-06, 9.329712156613823e-06, 9.288592991651967e-06, 1.270585016754922e-05, 6.027139723301201e-03, 4.381563141942009e-02, 5.741231516003599e-02, 6.770921498537064e-02, 8.35987851023674e-02, 9.849327057600021e-02, 1.037273406982422e-01, 1.086126118898392e-01, 1.053005307912827e-01, 1.13191582262516e-01, 1.304548531770706e-01, 1.189545094966888e-01, 1.145525649189949e-01, 1.141795739531517e-01, 1.177681237459183e-01, 1.235827580094337e-01, 1.204317063093185e-01, 1.303615421056747e-01, 1.125715151429176e-01, 7.448790967464447e-02, 5.448390543460846e-02, 4.024223238229752e-02, -2.084212663566731e-11, -1.77548097751723e-11, -1.53246200451651e-11, -1.506207311652297e-11, -2.059034366619361e-11, -2.987893266137576e-11, -3.877452525724578e-11, -4.699010278108595e-12, -9.008185365179389e-13, 1.212063002048458e-11, 2.102048396457334e-11]
nor.vavCol.m_flow=[0e+00, 7.278457350712308e-12, 1.001960493740572e-11, 1.529946308531649e-11, 2.447851643605503e-11, 1.847679821642689e-11, 1.562052050207985e-11, 2.269046409097975e-11, 2.573610942413485e-11, 2.820508757106488e-11, 2.772727533684183e-11, 2.304925000862212e-11, 2.617203972477e-05, 2.820282861648593e-05, 2.832697464327794e-05, 2.83214158116607e-05, 2.810697151289787e-05, 2.617954123707021e-05, 1.990758391912095e-05, 1.571870598127134e-05, 7.500177598558366e-04, 1.631480269134045e-02, 3.358936309814453e-02, 5.643366277217865e-02, 8.378884196281433e-02, 1.104699373245239e-01, 1.18060015141964e-01, 1.339274793863297e-01, 1.764360964298249e-01, 1.823030710220337e-01, 1.782569140195847e-01, 1.75907164812088e-01, 1.741000264883041e-01, 1.724713891744614e-01, 1.730149835348129e-01, 1.743159294128418e-01, 1.625058203935623e-01, 1.396708488464355e-01, 1.18427075445652e-01, 8.859896659851074e-02, 2.180663288831042e-11, 7.215061013920998e-12, 9.459574616677013e-12, -3.337732434188778e-12, 1.292847122760787e-12, 1.707947325235715e-11, 1.799516265166279e-11, 1.578188621453869e-11, 7.517071166918132e-12, 1.012244715131727e-11, 1.058964374522908e-11, 5.33860336580233e-13, 6.353267521450046e-13, 3.036750365059682e-11, 2.192077942775317e-11, 1.777586584872364e-11, 1.848122349601357e-11, -5.223265396593476e-13, 1.518770005592973e-11, 2.550528017952747e-11, 4.627175378968396e-11, -3.654841186639946e-13, 3.080508759012446e-05, 1.575716305524111e-04, 5.359497154131532e-04, 1.183027983643115e-03, 1.585747464559972e-03, 6.16777129471302e-03, 5.899801477789944e-02, 1.269506216049192e-01, 1.495746970176695e-01, 1.667163074016571e-01, 1.824216395616531e-01, 1.893280893564224e-01, 1.862233877182007e-01, 1.857626736164093e-01, 1.801586896181107e-01, 1.85358539223671e-01, 1.925999671220779e-01, 1.799575388431549e-01, 1.796711385250092e-01, 1.816183626651764e-01, 1.874693185091019e-01, 1.936473995447159e-01, 1.96413516998291e-01, 1.927134096622467e-01, 1.75976350903511e-01, 1.498875766992569e-01, 1.399689018726349e-01, 1.357418596744537e-01, 3.961754882486623e-11, 3.859583486143237e-11, 3.946916057873118e-11, 6.259776724748534e-11, 6.547848374616194e-11, 3.152610811296697e-11, -2.84052312921057e-11, -1.34702327417302e-11, -1.468698318345119e-12, 1.123722859555643e-12, -2.691835296331213e-11]
wes.vavCol.m_flow=[0e+00, -1.966297957789465e-11, -1.960516297916381e-11, -2.18256905604175e-11, -1.910310104547008e-11, -1.871752405846472e-11, -1.334851673640003e-11, -1.054123541927021e-11, -1.306559548053254e-11, -1.302525361873696e-11, -1.652350825609439e-11, -1.529683324452691e-11, 1.506284206698183e-05, 1.623163734620903e-05, 1.630308724998031e-05, 1.629988946660887e-05, 1.617646739759948e-05, 1.506716125732054e-05, 1.145742135122418e-05, 9.046571904036682e-06, 1.254439121112227e-05, 1.699337735772133e-04, 2.238457556813955e-03, 1.053605042397976e-02, 2.20827478915453e-02, 3.521973639726639e-02, 3.942672163248062e-02, 5.163102596998215e-02, 8.492439240217216e-02, 1.003226637840271e-01, 1.114064604043961e-01, 1.194350942969322e-01, 1.237114146351814e-01, 1.246488094329834e-01, 1.228823512792587e-01, 1.233685091137886e-01, 1.139674857258797e-01, 9.434932470321655e-02, 6.877072155475616e-02, 4.229383170604706e-02, 2.224070407008671e-11, 1.462121396178517e-11, 1.271175092271148e-11, 1.195315547930509e-12, 1.01472584675133e-12, 6.676097608765419e-12, 2.452889454052087e-11, 1.989635366184128e-11, 8.744835584828525e-12, 7.761184923904541e-12, 5.782715885999101e-12, 4.080699753800099e-12, 9.2864440096041e-12, 2.047027651552735e-11, 2.895354529047767e-12, 4.53959266011332e-12, 1.257919289565625e-11, 1.280162607864003e-11, 5.859739776736816e-12, 1.726655624034734e-11, 3.657701225234788e-11, -1.111268542464128e-11, 1.150974185293308e-05, 1.104781313188141e-05, 2.013555422308855e-05, 4.691841240855865e-05, 6.307360308710486e-05, 3.588629479054362e-04, 2.12585572153334e-02, 6.775181740522368e-02, 8.549518138170228e-02, 9.937581419944763e-02, 1.139326244592667e-01, 1.233764663338661e-01, 1.273092478513718e-01, 1.294324696063995e-01, 1.244070008397102e-01, 1.292123645544052e-01, 1.35760098695755e-01, 1.267498582601547e-01, 1.244003176689148e-01, 1.245916560292244e-01, 1.283235400915146e-01, 1.327845752239227e-01, 1.322546303272247e-01, 1.479786187410355e-01, 1.283146589994431e-01, 9.36935618519783e-02, 8.904168754816055e-02, 8.678767830133438e-02, 2.039030923273177e-11, 2.330888086710114e-11, 2.628599421461431e-11, 3.098334089290944e-11, 2.450579843216172e-11, 4.728642390844362e-12, -1.346576756350304e-11, 1.271890687389032e-12, -9.059505532912904e-13, 6.780606458256511e-12, -4.437913144611505e-12]
weaDat.weaBus.TDryBul=[2.609500122070312e+02, 2.608676452636719e+02, 2.609342651367188e+02, 2.61153564453125e+02, 2.614064331054688e+02, 2.616917419433594e+02, 2.619866027832031e+02, 2.621011047363281e+02, 2.620299682617188e+02, 2.62211181640625e+02, 2.625067138671875e+02, 2.625499877929688e+02, 2.625499877929688e+02, 2.625499877929688e+02, 2.625499877929688e+02, 2.625875549316406e+02, 2.628901062011719e+02, 2.632776489257812e+02, 2.637460632324219e+02, 2.6446923828125e+02, 2.655892028808594e+02, 2.665859985351562e+02, 2.674020080566406e+02, 2.682179870605469e+02, 2.690339965820312e+02, 2.698500061035156e+02, 2.704558715820312e+02, 2.709069213867188e+02, 2.715532531738281e+02, 2.720364685058594e+02, 2.720499877929688e+02, 2.720499877929688e+02, 2.720499877929688e+02, 2.720499877929688e+02, 2.720499877929688e+02, 2.720499877929688e+02, 2.719675598144531e+02, 2.716164855957031e+02, 2.713160400390625e+02, 2.71072998046875e+02, 2.710076599121094e+02, 2.717365112304688e+02, 2.720211181640625e+02, 2.716227111816406e+02, 2.714859924316406e+02, 2.718775329589844e+02, 2.7202783203125e+02, 2.717281494140625e+02, 2.714362182617188e+02, 2.714474182128906e+02, 2.714500122070312e+02, 2.704067077636719e+02, 2.692704162597656e+02, 2.696753845214844e+02, 2.703369750976562e+02, 2.701487121582031e+02, 2.698616027832031e+02, 2.69929931640625e+02, 2.702106018066406e+02, 2.708657531738281e+02, 2.718394165039062e+02, 2.721007690429688e+02, 2.720183410644531e+02, 2.721641845703125e+02, 2.724365844726562e+02, 2.725657043457031e+02, 2.72480224609375e+02, 2.7264599609375e+02, 2.729339904785156e+02, 2.732219848632812e+02, 2.73510009765625e+02, 2.738106079101562e+02, 2.744635620117188e+02, 2.748500061035156e+02, 2.748500061035156e+02, 2.748500061035156e+02, 2.748500061035156e+02, 2.748500061035156e+02, 2.742786560058594e+02, 2.732598266601562e+02, 2.727458801269531e+02, 2.725348205566406e+02, 2.729032287597656e+02, 2.736190795898438e+02, 2.73848876953125e+02, 2.738165588378906e+02, 2.734445495605469e+02, 2.726629028320312e+02, 2.727448425292969e+02, 2.734616394042969e+02, 2.738507690429688e+02, 2.740790100097656e+02, 2.743446655273438e+02, 2.746334838867188e+02, 2.749204406738281e+02, 2.751761474609375e+02, 2.753359069824219e+02, 2.740944213867188e+02, 2.731499938964844e+02, 2.731499938964844e+02, 2.731499938964844e+02]
weaDat.weaBus.HGloHor=[0e+00, 0e+00, 0e+00, 0e+00, 0e+00, 0e+00, 0e+00, 0e+00, 0e+00, 0e+00, 0e+00, 0e+00, 0e+00, 0e+00, 5.802299890384269e-16, 3.419684171676636e+00, 2.249310874938965e+01, 7.238067626953138e+01, 1.324998474121094e+02, 1.955897369384766e+02, 2.557314453125e+02, 3.044623718261719e+02, 3.458858337402344e+02, 3.703623657226562e+02, 3.628850402832031e+02, 2.981751403808594e+02, 2.322208404541016e+02, 2.079606781005859e+02, 1.835730590820311e+02, 1.543350830078125e+02, 1.243963775634766e+02, 9.180991363525391e+01, 5.740960693359375e+01, 2.763039588928223e+01, 8.266829490661578e+00, 2.312187433242813e+00, 2.066075056791306e-01, 0e+00, 0e+00, 0e+00, 0e+00, 0e+00, 0e+00, 0e+00, 0e+00, 0e+00, 0e+00, 0e+00, 0e+00, 0e+00, 0e+00, 0e+00, 0e+00, 0e+00, 0e+00, 0e+00, 0e+00, 0e+00, 0e+00, 0e+00, 0e+00, 0e+00, 0e+00, 0e+00, 4.964398443698883e-01, 4.345361709594727e+00, 1.150661659240723e+01, 2.939430809020996e+01, 5.460244750976594e+01, 9.662947845458947e+01, 1.262883834838866e+02, 1.288179473876953e+02, 1.350611572265625e+02, 1.572942962646484e+02, 1.765086517333984e+02, 1.851353454589844e+02, 1.861397705078125e+02, 1.800178680419922e+02, 1.679496307373047e+02, 1.502548217773438e+02, 1.274680023193359e+02, 9.702375793457031e+01, 6.269397354125977e+01, 3.512522506713867e+01, 1.464144802093506e+01, 4.900000095367432e+00, 4.839999973773956e-01, 0e+00, 0e+00, 0e+00, 0e+00, 0e+00, 0e+00, 0e+00, 0e+00, 0e+00, 0e+00, 0e+00, 0e+00, 0e+00, 0e+00]
weaDat.weaBus.HDifHor=[0e+00, 0e+00, 0e+00, 0e+00, 0e+00, 0e+00, 0e+00, 0e+00, 0e+00, 0e+00, 0e+00, 0e+00, 0e+00, 0e+00, 4.18344348669057e-01, 4.644347667694092e+00, 1.503497886657715e+01, 3.449338150024418e+01, 5.088907623291016e+01, 6.271455001831055e+01, 7.274771881103516e+01, 7.534196472167969e+01, 8.180593109130859e+01, 1.134208297729492e+02, 1.447617645263672e+02, 1.593369750976562e+02, 1.67761474609375e+02, 1.717010498046875e+02, 1.635293426513671e+02, 1.340671234130859e+02, 9.878334808349609e+01, 7.318860626220703e+01, 4.95115852355957e+01, 2.715276718139648e+01, 8.81437397003169e+00, 1.758235335350053e+00, 6.434352695941925e-02, 0e+00, 0e+00, 0e+00, 0e+00, 0e+00, 0e+00, 0e+00, 0e+00, 0e+00, 0e+00, 0e+00, 0e+00, 0e+00, 0e+00, 0e+00, 0e+00, 0e+00, 0e+00, 0e+00, 0e+00, 0e+00, 0e+00, 0e+00, 0e+00, 0e+00, 0e+00, 0e+00, 5.067480206489563e-01, 4.385499954223633e+00, 1.141065120697021e+01, 2.876775169372559e+01, 5.352061843872102e+01, 9.560803985595666e+01, 1.25285919189453e+02, 1.283971557617188e+02, 1.350645446777344e+02, 1.574091339111328e+02, 1.764910888671875e+02, 1.845002899169922e+02, 1.851361541748047e+02, 1.793896179199219e+02, 1.678938293457031e+02, 1.504030456542969e+02, 1.274956817626953e+02, 9.698798370361328e+01, 6.268984603881836e+01, 3.512522506713867e+01, 1.464144802093506e+01, 4.900000095367432e+00, 4.839999973773956e-01, 0e+00, 0e+00, 0e+00, 0e+00, 0e+00, 0e+00, 0e+00, 0e+00, 0e+00, 0e+00, 0e+00, 0e+00, 0e+00, 0e+00]
conEco.VOut_flow_min=[2.145179271697998e+00, 2.145179271697998e+00]
conEco.VOut_flow=[-3.853883277540697e-18, 1.78475119128052e-07, 1.815137835592395e-07, 1.666701763269884e-07, 1.425715936420602e-07, 1.096295036973061e-07, 7.471408736137164e-08, 7.74282327142828e-08, 9.391516897494512e-08, 9.866420214166283e-08, 1.188475877711426e-07, 9.648388044070089e-08, 1.131523251533508e+00, 9.372017383575439e-01, 8.926954865455627e-01, 8.809731006622314e-01, 8.906557559967041e-01, 9.51488554477692e-01, 1.111829519271851e+00, 1.226004838943481e+00, 1.309578895568848e+00, 1.382317662239075e+00, 1.461966156959534e+00, 1.568289160728455e+00, 1.67622184753418e+00, 1.779041528701782e+00, 1.817461490631104e+00, 1.873042106628418e+00, 2.025543212890625e+00, 2.097136259078979e+00, 2.11411452293396e+00, 2.120090007781982e+00, 2.120643377304077e+00, 2.117817163467407e+00, 2.114835739135742e+00, 2.115947246551514e+00, 2.069941759109497e+00, 1.956777334213257e+00, 1.840214848518372e+00, 1.71791660785675e+00, 1.300085443745047e-07, 1.742371722457392e-07, 8.149889652031561e-08, 7.527571455057114e-09, 6.421810860857136e-10, 6.277823416667161e-08, 1.344946696235638e-07, 1.694665030527176e-07, 1.94242744555595e-07, 1.748258995348806e-07, 1.606546504717699e-07, 1.476239361863918e-07, 9.782604593056021e-08, 1.853973259358099e-07, 1.868272647698177e-07, 1.756333034563797e-07, 2.078705136909771e-07, 1.08688674060887e-07, 7.237776600277357e-08, 8.001089923936888e-08, 4.362796630630328e-07, 2.466726414240838e-07, 1.729964733123779e+00, 1.651445984840393e+00, 1.644699573516846e+00, 1.647626042366028e+00, 1.639646410942078e+00, 1.67870306968689e+00, 1.796327948570253e+00, 1.963293194770812e+00, 2.043315649032592e+00, 2.113715887069702e+00, 2.218490362167358e+00, 2.301384210586548e+00, 2.329109668731689e+00, 2.350965261459351e+00, 2.333897352218628e+00, 2.355456352233887e+00, 2.371212482452393e+00, 2.239179134368896e+00, 2.171005725860596e+00, 2.142092943191528e+00, 2.174822568893433e+00, 2.254409790039062e+00, 2.283517122268677e+00, 2.279471874237061e+00, 2.192528963088989e+00, 2.03331184387207e+00, 1.965799331665039e+00, 1.964107513427734e+00, 1.647045309027817e-07, 1.492340686581883e-07, 1.524568631339207e-07, 2.060922668079002e-07, 3.368677425896749e-07, 3.723732220350939e-07, 2.47676183562362e-07, 2.124611420128986e-08, -3.535850501279469e-10, 3.038024942725315e-08, 9.082303620289167e-08]
conEco.yOA=[0e+00, 0e+00, 0e+00, 0e+00, 0e+00, 0e+00, 0e+00, 0e+00, 0e+00, 0e+00, 0e+00, 0e+00, 6.378099322319031e-01, 6.114301085472107e-01, 6.035057902336121e-01, 6.012204885482788e-01, 6.018750667572021e-01, 6.027969121932983e-01, 6.030926704406738e-01, 6.068778038024902e-01, 6.142235994338989e-01, 6.219043135643005e-01, 6.286396384239197e-01, 6.355606317520142e-01, 6.432601809501648e-01, 6.51994526386261e-01, 6.599907875061035e-01, 6.66420578956604e-01, 6.751481294631958e-01, 6.835291385650635e-01, 6.853913068771362e-01, 6.860650777816772e-01, 6.863603591918945e-01, 6.865169405937195e-01, 6.866166591644287e-01, 6.866670846939087e-01, 6.857607960700989e-01, 6.810393929481506e-01, 6.766867637634277e-01, 6.734095811843872e-01, 0e+00, 0e+00, 0e+00, 0e+00, 0e+00, 0e+00, 0e+00, 0e+00, 0e+00, 0e+00, 0e+00, 0e+00, 0e+00, 0e+00, 0e+00, 0e+00, 0e+00, 0e+00, 0e+00, 0e+00, 0e+00, 0e+00, 7.464706301689148e-01, 7.116349935531616e-01, 7.030041217803955e-01, 7.009443640708923e-01, 6.98225736618042e-01, 6.998981237411499e-01, 7.050259709358215e-01, 7.106817364692688e-01, 7.171201705932616e-01, 7.244693636894226e-01, 7.405404448509216e-01, 7.553242444992065e-01, 7.599421143531799e-01, 7.621683478355408e-01, 7.633360028266907e-01, 7.638235092163086e-01, 7.497648000717163e-01, 7.229936122894287e-01, 7.075053453445435e-01, 6.999337077140808e-01, 7.036693096160889e-01, 7.172030806541443e-01, 7.249112129211426e-01, 7.264086008071899e-01, 7.201502919197083e-01, 7.048434615135193e-01, 7.029707431793213e-01, 7.150983214378357e-01, 0e+00, 0e+00, 0e+00, 0e+00, 0e+00, 0e+00, 0e+00, 0e+00, 0e+00, 0e+00, 0e+00]
conEco.yOATFre.y=[8.00000011920929e-01, 1e+00, 1e+00, 1e+00, 1e+00, 1e+00, 1e+00, 1e+00, 1e+00, 1e+00, 1e+00, 1e+00, 6.378099322319031e-01, 6.114301085472107e-01, 6.035057902336121e-01, 6.012204885482788e-01, 6.018750667572021e-01, 6.027969121932983e-01, 6.030926704406738e-01, 6.068778038024902e-01, 6.142235994338989e-01, 6.219043135643005e-01, 6.286396384239197e-01, 6.355606317520142e-01, 6.432601809501648e-01, 6.51994526386261e-01, 6.599907875061035e-01, 6.66420578956604e-01, 6.751481294631958e-01, 6.835291385650635e-01, 6.853913068771362e-01, 6.860650777816772e-01, 6.863603591918945e-01, 6.865169405937195e-01, 6.866166591644287e-01, 6.866670846939087e-01, 6.857607960700989e-01, 6.810393929481506e-01, 6.766867637634277e-01, 6.734095811843872e-01, 1e+00, 1e+00, 1e+00, 1e+00, 1e+00, 1e+00, 1e+00, 1e+00, 1e+00, 1e+00, 1e+00, 1e+00, 1e+00, 1e+00, 1e+00, 1e+00, 1e+00, 1e+00, 1e+00, 1e+00, 1e+00, 1e+00, 7.464706301689148e-01, 7.116349935531616e-01, 7.030041217803955e-01, 7.009443640708923e-01, 6.98225736618042e-01, 6.998981237411499e-01, 7.050259709358215e-01, 7.106817364692688e-01, 7.171201705932616e-01, 7.244693636894226e-01, 7.405404448509216e-01, 7.553242444992065e-01, 7.599421143531799e-01, 7.621683478355408e-01, 7.633360028266907e-01, 7.638235092163086e-01, 7.497648000717163e-01, 7.229936122894287e-01, 7.075053453445435e-01, 6.999337077140808e-01, 7.036693096160889e-01, 7.172030806541443e-01, 7.249112129211426e-01, 7.264086008071899e-01, 7.201502919197083e-01, 7.048434615135193e-01, 7.029707431793213e-01, 7.150983214378357e-01, 1e+00, 1e+00, 1e+00, 1e+00, 1e+00, 1e+00, 1e+00, 1e+00, 1e+00, 1e+00, 1e+00]
conEco.conV_flow.y=[5.000000074505806e-02, 1.219999864697456e-01, 1.939999908208847e-01, 2.65999972820282e-01, 3.379999697208405e-01, 4.099999666213989e-01, 4.819999635219574e-01, 5.53999960422516e-01, 6.259999871253967e-01, 6.979999542236328e-01, 7.699999809265137e-01, 8.419999480247498e-01, 8.746926784515381e-01, 9.173282384872437e-01, 9.598095417022706e-01, 1e+00, 1e+00, 1e+00, 1e+00, 1e+00, 1e+00, 1e+00, 1e+00, 1e+00, 1e+00, 1e+00, 1e+00, 1e+00, 1e+00, 1e+00, 1e+00, 1e+00, 1e+00, 1e+00, 1e+00, 1e+00, 1e+00, 1e+00, 1e+00, 1e+00, 1e+00, 1e+00, 1e+00, 1e+00, 1e+00, 1e+00, 1e+00, 1e+00, 1e+00, 1e+00, 1e+00, 1e+00, 1e+00, 1e+00, 1e+00, 1e+00, 1e+00, 1e+00, 1e+00, 1e+00, 1e+00, 1e+00, 1e+00, 1e+00, 1e+00, 1e+00, 1e+00, 1e+00, 1e+00, 1e+00, 1e+00, 1e+00, 9.974089860916138e-01, 9.913796186447144e-01, 9.849953055381775e-01, 9.779360890388489e-01, 9.723221659660339e-01, 9.651176333427429e-01, 9.559741616249084e-01, 9.537729024887085e-01, 9.534682631492615e-01, 9.53881561756134e-01, 9.529175758361816e-01, 9.487144351005554e-01, 9.437162280082703e-01, 9.392232298851013e-01, 9.37632143497467e-01, 9.425562024116516e-01, 9.49337899684906e-01, 9.55470085144043e-01, 1e+00, 1e+00, 1e+00, 1e+00, 1e+00, 1e+00, 1e+00, 1e+00, 1e+00, 1e+00, 1e+00]
conEco.uOATSup=[3.499999940395355e-01, 8.539695739746094e-01, 1e+00, 1e+00, 1e+00, 1e+00, 1e+00, 1e+00, 1e+00, 1e+00, 1e+00, 1e+00, 1.182767748832703e-01, 0e+00, 0e+00, 0e+00, 0e+00, 0e+00, 0e+00, 0e+00, 0e+00, 0e+00, 0e+00, 0e+00, 0e+00, 0e+00, 0e+00, 0e+00, 0e+00, 0e+00, 0e+00, 0e+00, 0e+00, 0e+00, 0e+00, 0e+00, 0e+00, 0e+00, 0e+00, 0e+00, 5.665369629859924e-01, 1e+00, 1e+00, 1e+00, 1e+00, 1e+00, 1e+00, 1e+00, 1e+00, 1e+00, 1e+00, 1e+00, 1e+00, 1e+00, 1e+00, 1e+00, 1e+00, 1e+00, 1e+00, 1e+00, 1e+00, 1e+00, 1.78802952170372e-01, 0e+00, 0e+00, 0e+00, 0e+00, 0e+00, 0e+00, 0e+00, 0e+00, 0e+00, 0e+00, 0e+00, 0e+00, 0e+00, 0e+00, 0e+00, 0e+00, 0e+00, 0e+00, 0e+00, 0e+00, 0e+00, 0e+00, 0e+00, 0e+00, 0e+00, 0e+00, 0e+00, 5.664880871772766e-01, 1e+00, 1e+00, 1e+00, 1e+00, 1e+00, 1e+00, 1e+00, 1e+00, 1e+00, 1e+00]
