last-generated=2015-07-17
statistics-simulation={'numerical Jacobians': '0', 'nonlinear': ' ', 'linear': ' '}
smoothHeaviside.y=[0., 0., 0., 0., 0., 0., 0., 0., 0., 0., 0., 0., 0., 0., 0., 0., 0., 0., 0., 0., 0., 0., 0., 0., 0., 0., 0., 0., 0., 0., 0., 0., 0., 0., 0., 0., 0., 0., 0., 0., 0., 0., 0., 0., 0., 0.00000000000000000009, 0.00211756105307209924, 0.05993076229737492877, 0.18952738865791848855, 0.34302559492401829555, 0.5, 0.65697440507390303388, 0.81047306328739276982, 0.94006952855178826933, 0.99788238027472031533, 1., 1., 1., 1., 1., 1., 1., 1., 1., 1., 1., 1., 1., 1., 1., 1., 1., 1., 1., 1., 1., 1., 1., 1., 1., 1., 1., 1., 1., 1., 1., 1., 1., 1., 1., 1., 1., 1., 1., 1., 1., 1., 1., 1., 1., 1.]
time=[0., 1.]
