last-generated=2026-09-17
statistics-initialization=
{
  "nonlinear": "1, 1",
  "numerical Jacobians": "0"
}
statistics-simulation=
{
  "linear": " ",
  "nonlinear": "1, 1",
  "number of continuous time states": "9",
  "numerical Jacobians": "0"
}
time=[0e+00, 7.2e+03]
utiLiq.y[1]=[0e+00, 0e+00, 0e+00, 0e+00, 0e+00, 0e+00, 0e+00, 0e+00, 0e+00, 0e+00, 0e+00, 0e+00, 0e+00, 0e+00, 0e+00, 0e+00, 0e+00, 0e+00, 0e+00, 0e+00, 0e+00, 0e+00, 0e+00, 0e+00, 0e+00, 0e+00, 0e+00, 0e+00, 0e+00, 0e+00, 0e+00, 0e+00, 0e+00, 0e+00, 0e+00, 0e+00, 0e+00, 0e+00, 0e+00, 0e+00, 0e+00, 0e+00, 0e+00, 0e+00, 0e+00, 0e+00, 0e+00, 0e+00, 0e+00, 0e+00, 0e+00, 6.400000303983688e-02, 1.280000060796738e-01, 1.920000016689301e-01, 2.560000121593479e-01, 3.19999992847443e-01, 3.840000033378605e-01, 4.480000138282776e-01, 5.120000243186951e-01, 5.759999752044678e-01, 6.399999856948853e-01, 7.039999961853027e-01, 7.680000066757202e-01, 8.00000011920929e-01, 8.00000011920929e-01, 8.00000011920929e-01, 8.00000011920929e-01, 8.00000011920929e-01, 8.00000011920929e-01, 8.00000011920929e-01, 8.00000011920929e-01, 8.00000011920929e-01, 8.00000011920929e-01, 8.00000011920929e-01, 8.00000011920929e-01, 8.00000011920929e-01, 4.000000059604645e-01, 4.000000059604645e-01, 4.000000059604645e-01, 4.000000059604645e-01, 4.000000059604645e-01, 4.000000059604645e-01, 4.000000059604645e-01, 4.000000059604645e-01, 4.000000059604645e-01, 4.000000059604645e-01, 4.000000059604645e-01, 4.000000059604645e-01, 8.00000011920929e-01, 8.00000011920929e-01, 8.00000011920929e-01, 8.00000011920929e-01, 8.00000011920929e-01, 8.00000011920929e-01, 8.00000011920929e-01, 8.00000011920929e-01, 8.00000011920929e-01, 8.00000011920929e-01, 8.00000011920929e-01, 8.00000011920929e-01, 8.00000011920929e-01]
utiAir.y=[1e+00, 1e+00]
senTLiq_a.T=[3.031499938964844e+02, 2.983002014160156e+02, 2.985429077148438e+02, 2.988843078613281e+02, 2.992923583984375e+02, 2.997434997558594e+02, 3.002202758789062e+02, 3.007115783691406e+02, 3.012110290527344e+02, 3.017149963378906e+02, 3.022214660644531e+02, 3.027293395996094e+02, 3.032379760742188e+02, 3.037470092773438e+02, 3.042562866210938e+02, 3.047657165527344e+02, 3.052752075195312e+02, 3.0578466796875e+02, 3.062942504882812e+02, 3.068038024902344e+02, 3.073133544921875e+02, 3.078229064941406e+02, 3.083324584960938e+02, 3.088420104980469e+02, 3.093515930175781e+02, 3.098611450195312e+02, 3.103706970214844e+02, 3.108802795410156e+02, 3.113898315429688e+02, 3.118993835449219e+02, 3.12408935546875e+02, 3.129185180664062e+02, 3.134280700683594e+02, 3.139376220703125e+02, 3.144471740722656e+02, 3.149567565917969e+02, 3.151783142089844e+02, 3.151783142089844e+02, 3.151783142089844e+02, 3.151783142089844e+02, 3.151783142089844e+02, 3.151783142089844e+02, 3.151783142089844e+02, 3.151783142089844e+02, 3.151783142089844e+02, 3.151783142089844e+02, 3.151783142089844e+02, 3.151783142089844e+02, 3.151783142089844e+02, 3.151783142089844e+02, 3.151783142089844e+02, 3.151783142089844e+02, 3.151783142089844e+02, 3.151783142089844e+02, 3.151783142089844e+02, 3.151783142089844e+02, 3.151783142089844e+02, 3.151783142089844e+02, 3.151783142089844e+02, 3.151783142089844e+02, 3.151783142089844e+02, 3.151783142089844e+02, 3.151783142089844e+02, 3.151783142089844e+02, 3.151783142089844e+02, 3.151783142089844e+02, 3.151783142089844e+02, 3.151783142089844e+02, 3.151783142089844e+02, 3.151783142089844e+02, 3.151783142089844e+02, 3.151783142089844e+02, 3.151783142089844e+02, 3.151783142089844e+02, 3.151783142089844e+02, 3.151783142089844e+02, 3.151783142089844e+02, 3.151783142089844e+02, 3.151783142089844e+02, 3.151783142089844e+02, 3.151783142089844e+02, 3.151783142089844e+02, 3.151783142089844e+02, 3.151783142089844e+02, 3.151783142089844e+02, 3.151783142089844e+02, 3.151783142089844e+02, 3.151783142089844e+02, 3.151783142089844e+02, 3.151783142089844e+02, 3.151783142089844e+02, 3.151783142089844e+02, 3.151783142089844e+02, 3.151783142089844e+02, 3.151783142089844e+02, 3.151783142089844e+02, 3.151783142089844e+02, 3.151783142089844e+02, 3.151783142089844e+02, 3.151783142089844e+02, 3.151783142089844e+02]
senTLiq_b.T=[2.931499938964844e+02, 2.982923278808594e+02, 2.985329284667969e+02, 2.988725280761719e+02, 2.992796325683594e+02, 2.997301330566406e+02, 3.0020654296875e+02, 3.006976623535156e+02, 3.011969909667969e+02, 3.01700927734375e+02, 3.022073669433594e+02, 3.027152099609375e+02, 3.032238159179688e+02, 3.037328796386719e+02, 3.042421569824219e+02, 3.047515563964844e+02, 3.052610168457031e+02, 3.057705993652344e+02, 3.062800903320312e+02, 3.067896423339844e+02, 3.072991943359375e+02, 3.078087463378906e+02, 3.083182983398438e+02, 3.08827880859375e+02, 3.093374328613281e+02, 3.098469848632812e+02, 3.103565673828125e+02, 3.108661193847656e+02, 3.113756713867188e+02, 3.118852233886719e+02, 3.123948059082031e+02, 3.129043579101562e+02, 3.134139099121094e+02, 3.139234619140625e+02, 3.144330444335938e+02, 3.149425964355469e+02, 3.151782836914062e+02, 3.151783142089844e+02, 3.151783142089844e+02, 3.151783142089844e+02, 3.151783142089844e+02, 3.151783142089844e+02, 3.151783142089844e+02, 3.151783142089844e+02, 3.151783142089844e+02, 3.151783142089844e+02, 3.151783142089844e+02, 3.151783142089844e+02, 3.151783142089844e+02, 3.151783142089844e+02, 3.151783142089844e+02, 3.156138610839844e+02, 3.160618591308594e+02, 3.165098571777344e+02, 3.169578552246094e+02, 3.174058532714844e+02, 3.178538513183594e+02, 3.183018493652344e+02, 3.187498779296875e+02, 3.191978759765625e+02, 3.196458740234375e+02, 3.200938720703125e+02, 3.205418701171875e+02, 3.207783203125e+02, 3.207783203125e+02, 3.207783203125e+02, 3.207783203125e+02, 3.207783203125e+02, 3.207783203125e+02, 3.207783203125e+02, 3.207783203125e+02, 3.207783203125e+02, 3.207783203125e+02, 3.207783203125e+02, 3.207783203125e+02, 3.207783203125e+02, 3.179783020019531e+02, 3.179783020019531e+02, 3.179783020019531e+02, 3.179783020019531e+02, 3.179783020019531e+02, 3.179783020019531e+02, 3.179783020019531e+02, 3.179783020019531e+02, 3.179783020019531e+02, 3.179783020019531e+02, 3.179783020019531e+02, 3.179783020019531e+02, 3.207783203125e+02, 3.207783203125e+02, 3.207783203125e+02, 3.207783203125e+02, 3.207783203125e+02, 3.207783203125e+02, 3.207783203125e+02, 3.207783203125e+02, 3.207783203125e+02, 3.207783203125e+02, 3.207783203125e+02, 3.207783203125e+02, 3.207783203125e+02]
senTAir_a.T=[2.931499938964844e+02, 2.931499938964844e+02]
senTAir_b.T=[2.931499938964844e+02, 3.034705200195312e+02, 3.034630126953125e+02, 3.034630126953125e+02, 3.034630126953125e+02, 3.034630126953125e+02, 3.034630126953125e+02, 3.034630126953125e+02, 3.034630126953125e+02, 3.034630126953125e+02, 3.034630126953125e+02, 3.034630126953125e+02, 3.034630126953125e+02, 3.034630126953125e+02, 3.034630126953125e+02, 3.034630126953125e+02, 3.034630126953125e+02, 3.034630126953125e+02, 3.034630126953125e+02, 3.034630126953125e+02, 3.034630126953125e+02, 3.034630126953125e+02, 3.034630126953125e+02, 3.034630126953125e+02, 3.034630126953125e+02, 3.034630126953125e+02, 3.034630126953125e+02, 3.034630126953125e+02, 3.034630126953125e+02, 3.034630126953125e+02, 3.034630126953125e+02, 3.034630126953125e+02, 3.034630126953125e+02, 3.034630126953125e+02, 3.034630126953125e+02, 3.034630126953125e+02, 3.034630126953125e+02, 3.034630126953125e+02, 3.034630126953125e+02, 3.034630126953125e+02, 3.034630126953125e+02, 3.034630126953125e+02, 3.034630126953125e+02, 3.034630126953125e+02, 3.034630126953125e+02, 3.034630126953125e+02, 3.034630126953125e+02, 3.034630126953125e+02, 3.034630126953125e+02, 3.034630126953125e+02, 3.034630126953125e+02, 3.034630126953125e+02, 3.034630126953125e+02, 3.034630126953125e+02, 3.034630126953125e+02, 3.034630126953125e+02, 3.034630126953125e+02, 3.034630126953125e+02, 3.034630126953125e+02, 3.034630126953125e+02, 3.034630126953125e+02, 3.034630126953125e+02, 3.034630126953125e+02, 3.034630126953125e+02, 3.034630126953125e+02, 3.034630126953125e+02, 3.034630126953125e+02, 3.034630126953125e+02, 3.034630126953125e+02, 3.034630126953125e+02, 3.034630126953125e+02, 3.034630126953125e+02, 3.034630126953125e+02, 3.034630126953125e+02, 3.034630126953125e+02, 3.034630126953125e+02, 3.034630126953125e+02, 3.034630126953125e+02, 3.034630126953125e+02, 3.034630126953125e+02, 3.034630126953125e+02, 3.034630126953125e+02, 3.034630126953125e+02, 3.034630126953125e+02, 3.034630126953125e+02, 3.034630126953125e+02, 3.034630126953125e+02, 3.034630126953125e+02, 3.034630126953125e+02, 3.034630126953125e+02, 3.034630126953125e+02, 3.034630126953125e+02, 3.034630126953125e+02, 3.034630126953125e+02, 3.034630126953125e+02, 3.034630126953125e+02, 3.034630126953125e+02, 3.034630126953125e+02, 3.034630126953125e+02, 3.034630126953125e+02, 3.034630126953125e+02]
rac.PLiqTot=[0e+00, 0e+00, 0e+00, 0e+00, 0e+00, 0e+00, 0e+00, 0e+00, 0e+00, 0e+00, 0e+00, 0e+00, 0e+00, 0e+00, 0e+00, 0e+00, 0e+00, 0e+00, 0e+00, 0e+00, 0e+00, 0e+00, 0e+00, 0e+00, 0e+00, 0e+00, 0e+00, 0e+00, 0e+00, 0e+00, 0e+00, 0e+00, 0e+00, 0e+00, 0e+00, 0e+00, 0e+00, 0e+00, 0e+00, 0e+00, 0e+00, 0e+00, 0e+00, 0e+00, 0e+00, 0e+00, 0e+00, 0e+00, 0e+00, 0e+00, 0e+00, 4.05503984375e+04, 8.1100796875e+04, 1.21651203125e+05, 1.622015937500003e+05, 2.027520000000003e+05, 2.433024062500003e+05, 2.838528125e+05, 3.244031875e+05, 3.6495359375e+05, 4.05504e+05, 4.4605440625e+05, 4.866048125e+05, 5.0688e+05, 5.0688e+05, 5.0688e+05, 5.0688e+05, 5.0688e+05, 5.0688e+05, 5.0688e+05, 5.0688e+05, 5.0688e+05, 5.0688e+05, 5.0688e+05, 5.0688e+05, 5.0688e+05, 2.5344e+05, 2.5344e+05, 2.5344e+05, 2.5344e+05, 2.5344e+05, 2.5344e+05, 2.5344e+05, 2.5344e+05, 2.5344e+05, 2.5344e+05, 2.5344e+05, 2.5344e+05, 5.0688e+05, 5.0688e+05, 5.0688e+05, 5.0688e+05, 5.0688e+05, 5.0688e+05, 5.0688e+05, 5.0688e+05, 5.0688e+05, 5.0688e+05, 5.0688e+05, 5.0688e+05, 5.0688e+05]
rac.PAirTot=[6.336e+04, 6.589803125e+04, 6.58980078125e+04, 6.58980078125e+04, 6.58980078125e+04, 6.58980078125e+04, 6.58980078125e+04, 6.58980078125e+04, 6.58980078125e+04, 6.58980078125e+04, 6.58980078125e+04, 6.58980078125e+04, 6.58980078125e+04, 6.58980078125e+04, 6.58980078125e+04, 6.58980078125e+04, 6.58980078125e+04, 6.58980078125e+04, 6.58980078125e+04, 6.58980078125e+04, 6.58980078125e+04, 6.58980078125e+04, 6.58980078125e+04, 6.58980078125e+04, 6.58980078125e+04, 6.58980078125e+04, 6.58980078125e+04, 6.58980078125e+04, 6.58980078125e+04, 6.58980078125e+04, 6.58980078125e+04, 6.58980078125e+04, 6.58980078125e+04, 6.58980078125e+04, 6.58980078125e+04, 6.58980078125e+04, 6.58980078125e+04, 6.58980078125e+04, 6.58980078125e+04, 6.58980078125e+04, 6.58980078125e+04, 6.58980078125e+04, 6.58980078125e+04, 6.58980078125e+04, 6.58980078125e+04, 6.58980078125e+04, 6.58980078125e+04, 6.58980078125e+04, 6.58980078125e+04, 6.58980078125e+04, 6.58980078125e+04, 6.58980078125e+04, 6.58980078125e+04, 6.58980078125e+04, 6.58980078125e+04, 6.58980078125e+04, 6.58980078125e+04, 6.58980078125e+04, 6.58980078125e+04, 6.58980078125e+04, 6.58980078125e+04, 6.58980078125e+04, 6.58980078125e+04, 6.58980078125e+04, 6.58980078125e+04, 6.58980078125e+04, 6.58980078125e+04, 6.58980078125e+04, 6.58980078125e+04, 6.58980078125e+04, 6.58980078125e+04, 6.58980078125e+04, 6.58980078125e+04, 6.58980078125e+04, 6.58980078125e+04, 6.58980078125e+04, 6.58980078125e+04, 6.58980078125e+04, 6.58980078125e+04, 6.58980078125e+04, 6.58980078125e+04, 6.58980078125e+04, 6.58980078125e+04, 6.58980078125e+04, 6.58980078125e+04, 6.58980078125e+04, 6.58980078125e+04, 6.58980078125e+04, 6.58980078125e+04, 6.58980078125e+04, 6.58980078125e+04, 6.58980078125e+04, 6.58980078125e+04, 6.58980078125e+04, 6.58980078125e+04, 6.58980078125e+04, 6.58980078125e+04, 6.58980078125e+04, 6.58980078125e+04, 6.58980078125e+04, 6.58980078125e+04]
rac.PAirFan=[0e+00, 2.538031005859375e+03, 2.53801171875e+03, 2.53801171875e+03, 2.53801171875e+03, 2.53801171875e+03, 2.53801171875e+03, 2.53801171875e+03, 2.53801171875e+03, 2.53801171875e+03, 2.53801171875e+03, 2.53801171875e+03, 2.53801171875e+03, 2.53801171875e+03, 2.53801171875e+03, 2.53801171875e+03, 2.53801171875e+03, 2.53801171875e+03, 2.53801171875e+03, 2.53801171875e+03, 2.53801171875e+03, 2.53801171875e+03, 2.53801171875e+03, 2.53801171875e+03, 2.53801171875e+03, 2.53801171875e+03, 2.53801171875e+03, 2.53801171875e+03, 2.53801171875e+03, 2.53801171875e+03, 2.53801171875e+03, 2.53801171875e+03, 2.53801171875e+03, 2.53801171875e+03, 2.53801171875e+03, 2.53801171875e+03, 2.53801171875e+03, 2.53801171875e+03, 2.53801171875e+03, 2.53801171875e+03, 2.53801171875e+03, 2.53801171875e+03, 2.53801171875e+03, 2.53801171875e+03, 2.53801171875e+03, 2.53801171875e+03, 2.53801171875e+03, 2.53801171875e+03, 2.53801171875e+03, 2.53801171875e+03, 2.53801171875e+03, 2.53801171875e+03, 2.53801171875e+03, 2.53801171875e+03, 2.53801171875e+03, 2.53801171875e+03, 2.53801171875e+03, 2.53801171875e+03, 2.53801171875e+03, 2.53801171875e+03, 2.53801171875e+03, 2.53801171875e+03, 2.53801171875e+03, 2.53801171875e+03, 2.53801171875e+03, 2.53801171875e+03, 2.53801171875e+03, 2.53801171875e+03, 2.53801171875e+03, 2.53801171875e+03, 2.53801171875e+03, 2.53801171875e+03, 2.53801171875e+03, 2.53801171875e+03, 2.53801171875e+03, 2.53801171875e+03, 2.53801171875e+03, 2.53801171875e+03, 2.53801171875e+03, 2.53801171875e+03, 2.53801171875e+03, 2.53801171875e+03, 2.53801171875e+03, 2.53801171875e+03, 2.53801171875e+03, 2.53801171875e+03, 2.53801171875e+03, 2.53801171875e+03, 2.53801171875e+03, 2.53801171875e+03, 2.53801171875e+03, 2.53801171875e+03, 2.53801171875e+03, 2.53801171875e+03, 2.53801171875e+03, 2.53801171875e+03, 2.53801171875e+03, 2.53801171875e+03, 2.53801171875e+03, 2.53801171875e+03, 2.53801171875e+03]
conPI.y=[5e-01, 6.828222274780273e-01, 8.25239360332489e-01, 9.037237763404846e-01, 9.469638466835022e-01, 9.707835912704468e-01, 9.83907163143158e-01, 9.911368489265442e-01, 9.951198697090149e-01, 9.973124861717224e-01, 9.985204935073853e-01, 9.991849064826965e-01, 9.995517134666443e-01, 9.997524619102478e-01, 9.998639225959778e-01, 9.99924898147583e-01, 9.999589920043945e-01, 9.999769926071167e-01, 9.999874830245972e-01, 9.999930858612061e-01, 9.999961853027344e-01, 9.999978542327881e-01, 9.999985694885254e-01, 9.999989867210388e-01, 9.999992847442627e-01, 9.999998807907104e-01, 1e+00, 9.999998807907104e-01, 9.999992251396179e-01, 9.999985098838806e-01, 9.99998927116394e-01, 1e+00, 1e+00, 1e+00, 9.999998211860657e-01, 1e+00, 9.99998927116394e-01, 9.999994039535522e-01, 9.999997019767761e-01, 9.999998211860657e-01, 9.999999403953552e-01, 1e+00, 1e+00, 1e+00, 1e+00, 1e+00, 1e+00, 1e+00, 1e+00, 1e+00, 1e+00, 1e+00, 1e+00, 1e+00, 1e+00, 1e+00, 1e+00, 1e+00, 1e+00, 1e+00, 1e+00, 1e+00, 1e+00, 1e+00, 1e+00, 1e+00, 1e+00, 1e+00, 1e+00, 1e+00, 1e+00, 1e+00, 1e+00, 1e+00, 1e+00, 1e+00, 9.999991059303284e-01, 9.999994039535522e-01, 9.999995827674866e-01, 9.999997019767761e-01, 9.999998211860657e-01, 9.999998807907104e-01, 9.999998807907104e-01, 9.999999403953552e-01, 9.999999403953552e-01, 9.999999403953552e-01, 9.999999403953552e-01, 9.999999403953552e-01, 9.999999403953552e-01, 9.999999403953552e-01, 9.999999403953552e-01, 1e+00, 1e+00, 1e+00, 1e+00, 1e+00, 1e+00, 1e+00, 1e+00, 1e+00, 1e+00]
pum.y=[5e-01, 6.828222274780273e-01, 8.25239360332489e-01, 9.037237763404846e-01, 9.469638466835022e-01, 9.707835912704468e-01, 9.83907163143158e-01, 9.911368489265442e-01, 9.951198697090149e-01, 9.973124861717224e-01, 9.985204935073853e-01, 9.991849064826965e-01, 9.995517134666443e-01, 9.997524619102478e-01, 9.998639225959778e-01, 9.99924898147583e-01, 9.999589920043945e-01, 9.999769926071167e-01, 9.999874830245972e-01, 9.999930858612061e-01, 9.999961853027344e-01, 9.999978542327881e-01, 9.999985694885254e-01, 9.999989867210388e-01, 9.999992847442627e-01, 9.999998807907104e-01, 1e+00, 9.999998807907104e-01, 9.999992251396179e-01, 9.999985098838806e-01, 9.99998927116394e-01, 1e+00, 1e+00, 1e+00, 9.999998211860657e-01, 1e+00, 9.99998927116394e-01, 9.999994039535522e-01, 9.999997019767761e-01, 9.999998211860657e-01, 9.999999403953552e-01, 1e+00, 1e+00, 1e+00, 1e+00, 1e+00, 1e+00, 1e+00, 1e+00, 1e+00, 1e+00, 1e+00, 1e+00, 1e+00, 1e+00, 1e+00, 1e+00, 1e+00, 1e+00, 1e+00, 1e+00, 1e+00, 1e+00, 1e+00, 1e+00, 1e+00, 1e+00, 1e+00, 1e+00, 1e+00, 1e+00, 1e+00, 1e+00, 1e+00, 1e+00, 1e+00, 9.999991059303284e-01, 9.999994039535522e-01, 9.999995827674866e-01, 9.999997019767761e-01, 9.999998211860657e-01, 9.999998807907104e-01, 9.999998807907104e-01, 9.999999403953552e-01, 9.999999403953552e-01, 9.999999403953552e-01, 9.999999403953552e-01, 9.999999403953552e-01, 9.999999403953552e-01, 9.999999403953552e-01, 9.999999403953552e-01, 1e+00, 1e+00, 1e+00, 1e+00, 1e+00, 1e+00, 1e+00, 1e+00, 1e+00, 1e+00]
