last-generated=2015-03-19
load_sc_2.load1.v[1]=[0.00000000000000000000, 0.00000000000000000000]
load_sc_1.load1.v[1]=[0.00000000000000000000, 0.00000000000000000000]
load_sc_1.load1.v[2]=[0.00000000000000000000, 0.00000000000000000000]
time=[0.00000000000000000000, 1.00000000000000000000]
load_sc_2.load1.v[2]=[-0.00000000000000000000, -0.00000000000000000000]
load_sc_1.load1.i[1]=[5.00000000000000000000, 5.00000000000000000000]
load_sc_2.load1.i[1]=[5.00000000000000000000, 5.00000000000000000000]
load_sc_2.load1.i[2]=[-5.00000000000000000000, -5.00000000000000000000]
load_sc_1.load1.i[2]=[-5.00000000000000000000, -5.00000000000000000000]
