last-generated=2015-07-01
statistics-initialization={'numerical Jacobians': '0', 'nonlinear': '12', 'linear': '19'}
statistics-simulation={'numerical Jacobians': '0', 'nonlinear': '1, 1, 12, 1, 1, 1, 1', 'number of continuous time states': '49', 'linear': '0, 0, 0, 0, 0, 0, 0, 0, 0, 0, 0'}
staRes.minT.Max=[254.5500030517578125, 254.5500030517578125]
staRes.maxT.Max=[311.649993896484375, 311.649993896484375]
staRes.maxT.Min=[308.649993896484375, 308.649993896484375]
TRooHou.y=[0., 271.30740966796872726263, 273.65855712890623863132, 279.53566284179686363132, 285.69340820312498863132, 275.707611083984375, 276.37513427734376136868, 281.844207763671875, 269.424102783203125, 282.54846801757810226263, 268.958892822265625, 275.71691284179689773737, 292.48836059570311363132, 273.29167480468748863132, 275.87084350585939773737, 292.528656005859375, 282.794769287109375, 276.6495361328125, 283.73453369140622726263, 277.66222534179689773737, 279.520111083984375, 286.48073730468752273737, 274.38588867187502273737, 282.036468505859375, 293.66937255859375, 281.07464599609375, 281.42347412109376136868, 290.77174072265626136868, 277.88670654296873863132, 288.28964843749997726263, 290.344818115234375, 286.30534667968748863132, 298.75146484375, 285.44191284179686363132, 287.10977783203122726263, 293.4541015625, 285.65174560546876136868, 289.93338623046872726263, 300.09157714843752273737, 284.91116943359372726263, 291.455657958984375, 295.30748291015623863132, 287.01341552734373863132, 296.07768554687498863132, 286.25751342773435226263, 295.853973388671875, 289.48828125, 295.43855590820311363132, 292.00263061523435226263, 299.20328979492188636868, 303.838531494140625, 288.70231323242188636868, 303.46115722656247726263, 297.54536743164061363132, 294.04670410156251136868, 305.375396728515625, 299.07817382812498863132, 298.8792724609375, 307.27361450195314773737, 294.92273559570310226263, 293.611236572265625, 305.89132080078127273737, 290.37653808593751136868, 297.78695068359377273737, 300.22011108398436363132, 290.324493408203125, 301.48566284179685226263, 306.638702392578125, 291.274658203125, 300.78038940429689773737, 297.929656982421875, 286.50020141601561363132, 296.61302490234373863132, 292.1119384765625, 284.52719726562497726263, 290.860443115234375, 289.12841796875, 279.64532470703125, 294.63019409179685226263, 285.37366943359376136868, 285.9735107421875, 299.07936401367186363132, 283.61207885742186363132, 277.69644775390622726263, 287.176239013671875, 278.77191162109375, 283.26630249023435226263, 278.93644409179688636868, 276.11478881835938636868, 286.343597412109375, 291.127105712890625, 284.68190917968752273737, 278.369384765625, 278.36412353515623863132, 272.64274291992188636868, 282.07440185546875, 274.50675048828122726263, 277.51909179687498863132, 295.215057373046875, 271.53754882812501136868, 277.16796875]
time=[0., 31536000.]
staRes.minT.Min=[252.9499969482421875, 252.9499969482421875]
staRes.minT.Mean=[253.5500030517578125, 253.5500030517578125]
staRes.maxT.Mean=[309.649993896484375, 309.649993896484375]
staRes.meanT.Min=[287.149993896484375, 287.149993896484375]
TRooAnn.y=[0., 0., 0., 0., 0., 0., 0., 0., 0., 0., 0., 0., 0., 0., 0., 0., 0., 0., 0., 0., 0., 0., 0., 0., 0., 0., 0., 0., 0., 0., 0., 0., 0., 0., 0., 0., 0., 0., 0., 0., 0., 0., 0., 0., 0., 0., 0., 0., 0., 0., 0., 0., 0., 0., 0., 0., 0., 0., 0., 0., 0., 0., 0., 0., 0., 0., 0., 0., 0., 0., 0., 0., 0., 0., 0., 0., 0., 0., 0., 0., 0., 0., 0., 0., 0., 0., 0., 0., 0., 0., 0., 0., 0., 0., 0., 0., 0., 0., 0., 0., 0.]
staRes.meanT.Mean=[287.54998779296875, 287.54998779296875]
staRes.meanT.Max=[288.149993896484375, 288.149993896484375]
