last-generated=2026-09-30
statistics-initialization=
{
  "linear": "0, 0, 0, 0, 0, 0, 0",
  "nonlinear": "1, 0, 0, 0, 0, 0, 0, 0, 0, 0, 0, 0, 0, 0, 0, 0, 0, 0, 0, 0, 0, 0, 0, 0, 0, 1, 1,   2, 0, 0, 0, 1, 3, 0, 0, 1",
  "numerical Jacobians": "0"
}
statistics-simulation=
{
  "linear": "0, 0, 0, 0, 0, 0, 0, 0, 0, 0, 0, 4, 0",
  "nonlinear": "0, 2, 0, 5, 0, 0, 0, 0, 1, 0, 0, 1, 1, 1",
  "number of continuous time states": "78",
  "numerical Jacobians": "0"
}
time=[7.344e+06, 7.776e+06]
flo.sou.TAir=[2.931499938964844e+02, 2.946158752441406e+02, 2.944084777832031e+02, 2.944161071777344e+02, 2.94444091796875e+02, 2.942264404296875e+02, 2.943958129882812e+02, 2.948779296875e+02, 2.952247314453125e+02, 2.956305541992188e+02, 2.964077453613281e+02, 2.971176147460938e+02, 2.971525573730469e+02, 2.971016540527344e+02, 2.959119567871094e+02, 2.950874328613281e+02, 2.957258605957031e+02, 2.957910461425781e+02, 2.953902893066406e+02, 2.951345520019531e+02, 2.948917236328125e+02, 2.947335510253906e+02, 2.943826904296875e+02, 2.946988830566406e+02, 2.943974304199219e+02, 2.943037719726562e+02, 2.944897155761719e+02, 2.949346618652344e+02, 2.950373840332031e+02, 2.953314819335938e+02, 2.952951965332031e+02, 2.956877136230469e+02, 2.956105346679688e+02, 2.956877746582031e+02, 2.94511962890625e+02, 2.937603454589844e+02, 2.943292541503906e+02, 2.944485473632812e+02, 2.942680358886719e+02, 2.939544982910156e+02, 2.939174194335938e+02, 2.937428894042969e+02, 2.935945129394531e+02, 2.933806762695312e+02, 2.933136901855469e+02, 2.933023986816406e+02, 2.938343505859375e+02, 2.942233276367188e+02, 2.946952514648438e+02, 2.951706848144531e+02, 2.95006103515625e+02, 2.955797119140625e+02, 2.956200561523438e+02, 2.952383422851562e+02, 2.941333618164062e+02, 2.933223571777344e+02, 2.938037719726562e+02, 2.935648803710938e+02, 2.933272399902344e+02, 2.930740356445312e+02, 2.927853393554688e+02, 2.926274108886719e+02, 2.92446533203125e+02, 2.922044982910156e+02, 2.92007568359375e+02, 2.905262756347656e+02, 2.937082214355469e+02, 2.934772338867188e+02, 2.938250732421875e+02, 2.940426025390625e+02, 2.938895874023438e+02, 2.941546325683594e+02, 2.941590881347656e+02, 2.940681762695312e+02, 2.929074401855469e+02, 2.93144775390625e+02, 2.928357238769531e+02, 2.92492431640625e+02, 2.923639221191406e+02, 2.92147705078125e+02, 2.919128723144531e+02, 2.9170751953125e+02, 2.915833129882812e+02, 2.914261779785156e+02, 2.909682006835938e+02, 2.927933959960938e+02, 2.9378857421875e+02, 2.933189392089844e+02, 2.931614990234375e+02, 2.930806884765625e+02, 2.930740051269531e+02, 2.9313134765625e+02, 2.931097717285156e+02, 2.931746826171875e+02, 2.932532043457031e+02, 2.929772033691406e+02, 2.911581115722656e+02, 2.912371826171875e+02, 2.914317932128906e+02, 2.913028259277344e+02, 2.910479736328125e+02]
flo.eas.TAir=[2.931499938964844e+02, 2.951224975585938e+02, 2.949375305175781e+02, 2.948606262207031e+02, 2.948291625976562e+02, 2.947438049316406e+02, 2.944547119140625e+02, 2.949662780761719e+02, 2.952547302246094e+02, 2.955526733398438e+02, 2.955630493164062e+02, 2.961351013183594e+02, 2.963475036621094e+02, 2.963648986816406e+02, 2.952710876464844e+02, 2.94508544921875e+02, 2.953978576660156e+02, 2.954954833984375e+02, 2.951861267089844e+02, 2.947848815917969e+02, 2.950626831054688e+02, 2.949714050292969e+02, 2.947422790527344e+02, 2.9453955078125e+02, 2.938614807128906e+02, 2.937947387695312e+02, 2.939196472167969e+02, 2.945856323242188e+02, 2.946478881835938e+02, 2.948359680175781e+02, 2.947489013671875e+02, 2.949401245117188e+02, 2.951228332519531e+02, 2.948575439453125e+02, 2.94117919921875e+02, 2.934735107421875e+02, 2.941019592285156e+02, 2.9433056640625e+02, 2.941615295410156e+02, 2.939909973144531e+02, 2.938232421875e+02, 2.936645812988281e+02, 2.935184936523438e+02, 2.933200988769531e+02, 2.932478332519531e+02, 2.932962036132812e+02, 2.936785583496094e+02, 2.939679260253906e+02, 2.94392333984375e+02, 2.947527770996094e+02, 2.945209350585938e+02, 2.9505712890625e+02, 2.950840454101562e+02, 2.944491882324219e+02, 2.933471374511719e+02, 2.930329895019531e+02, 2.930853271484375e+02, 2.928240966796875e+02, 2.926352844238281e+02, 2.924162292480469e+02, 2.920794677734375e+02, 2.9206005859375e+02, 2.91976806640625e+02, 2.9142138671875e+02, 2.911553344726562e+02, 2.904324645996094e+02, 2.935849609375e+02, 2.931677856445312e+02, 2.931510620117188e+02, 2.931568908691406e+02, 2.931554870605469e+02, 2.931669006347656e+02, 2.93133056640625e+02, 2.93112548828125e+02, 2.931287231445312e+02, 2.931840209960938e+02, 2.917871398925781e+02, 2.914390258789062e+02, 2.913589477539062e+02, 2.912718505859375e+02, 2.910487976074219e+02, 2.907632446289062e+02, 2.905737915039062e+02, 2.903825378417969e+02, 2.904082946777344e+02, 2.924515380859375e+02, 2.939082946777344e+02, 2.932410583496094e+02, 2.931932067871094e+02, 2.931897583007812e+02, 2.929432983398438e+02, 2.931541137695312e+02, 2.931694030761719e+02, 2.931420288085938e+02, 2.931088562011719e+02, 2.931444091796875e+02, 2.922060546875e+02, 2.919321899414062e+02, 2.917457580566406e+02, 2.91555419921875e+02, 2.912459716796875e+02]
flo.nor.TAir=[2.931499938964844e+02, 2.952291564941406e+02, 2.950660400390625e+02, 2.949778747558594e+02, 2.94928955078125e+02, 2.948657836914062e+02, 2.947962951660156e+02, 2.953581237792969e+02, 2.956367797851562e+02, 2.959210205078125e+02, 2.958294372558594e+02, 2.963955688476562e+02, 2.96620849609375e+02, 2.96662109375e+02, 2.955276184082031e+02, 2.947549743652344e+02, 2.954198913574219e+02, 2.955683898925781e+02, 2.954580688476562e+02, 2.952697143554688e+02, 2.951275329589844e+02, 2.950470275878906e+02, 2.948445434570312e+02, 2.94073974609375e+02, 2.938532409667969e+02, 2.936566162109375e+02, 2.941766967773438e+02, 2.948330078125e+02, 2.946535339355469e+02, 2.94907470703125e+02, 2.950662536621094e+02, 2.951824035644531e+02, 2.949345092773438e+02, 2.954928894042969e+02, 2.943857116699219e+02, 2.936909484863281e+02, 2.941050109863281e+02, 2.94407958984375e+02, 2.942424011230469e+02, 2.94060302734375e+02, 2.938994445800781e+02, 2.934629211425781e+02, 2.935852661132812e+02, 2.931676025390625e+02, 2.933260192871094e+02, 2.933121337890625e+02, 2.938298645019531e+02, 2.941727905273438e+02, 2.945965576171875e+02, 2.949743957519531e+02, 2.9477197265625e+02, 2.953211364746094e+02, 2.950817565917969e+02, 2.950861511230469e+02, 2.938201904296875e+02, 2.932763977050781e+02, 2.936473999023438e+02, 2.927825317382812e+02, 2.924986877441406e+02, 2.922853088378906e+02, 2.919291381835938e+02, 2.919254455566406e+02, 2.916884765625e+02, 2.913746337890625e+02, 2.911758117675781e+02, 2.905027465820312e+02, 2.939171752929688e+02, 2.93406982421875e+02, 2.936883239746094e+02, 2.93294189453125e+02, 2.932594604492188e+02, 2.9315771484375e+02, 2.93146240234375e+02, 2.930588073730469e+02, 2.93160400390625e+02, 2.931529541015625e+02, 2.921595153808594e+02, 2.920000610351562e+02, 2.922945861816406e+02, 2.920756225585938e+02, 2.917284851074219e+02, 2.915146484375e+02, 2.9157861328125e+02, 2.914363403320312e+02, 2.913181762695312e+02, 2.931160888671875e+02, 2.937673645019531e+02, 2.933177185058594e+02, 2.934424438476562e+02, 2.937515258789062e+02, 2.934429626464844e+02, 2.937455749511719e+02, 2.938137512207031e+02, 2.937649536132812e+02, 2.929037475585938e+02, 2.931460876464844e+02, 2.923817443847656e+02, 2.920919799804688e+02, 2.918579711914062e+02, 2.916661682128906e+02, 2.913566589355469e+02]
flo.wes.TAir=[2.931499938964844e+02, 2.952975463867188e+02, 2.951221313476562e+02, 2.950693359375e+02, 2.950137939453125e+02, 2.949108276367188e+02, 2.943450622558594e+02, 2.946633911132812e+02, 2.951593933105469e+02, 2.952973022460938e+02, 2.954083251953125e+02, 2.960144348144531e+02, 2.964332275390625e+02, 2.966038818359375e+02, 2.953869934082031e+02, 2.947645263671875e+02, 2.955959167480469e+02, 2.956595458984375e+02, 2.955501403808594e+02, 2.953839721679688e+02, 2.95217529296875e+02, 2.951274719238281e+02, 2.943118896484375e+02, 2.941877746582031e+02, 2.943563842773438e+02, 2.942579650878906e+02, 2.938572998046875e+02, 2.945773010253906e+02, 2.946644897460938e+02, 2.948518676757812e+02, 2.948458862304688e+02, 2.952100524902344e+02, 2.951773986816406e+02, 2.95301025390625e+02, 2.942295837402344e+02, 2.935239868164062e+02, 2.942774047851562e+02, 2.943671875e+02, 2.939568176269531e+02, 2.936521911621094e+02, 2.933878479003906e+02, 2.93276611328125e+02, 2.930325317382812e+02, 2.929465026855469e+02, 2.930000610351562e+02, 2.929457702636719e+02, 2.936673583984375e+02, 2.939001770019531e+02, 2.943285827636719e+02, 2.946808471679688e+02, 2.944386596679688e+02, 2.950450744628906e+02, 2.951139221191406e+02, 2.947907409667969e+02, 2.938179931640625e+02, 2.930691833496094e+02, 2.937171020507812e+02, 2.934569702148438e+02, 2.932131958007812e+02, 2.929683532714844e+02, 2.926809997558594e+02, 2.925528259277344e+02, 2.923620300292969e+02, 2.921221923828125e+02, 2.919395446777344e+02, 2.903507385253906e+02, 2.935428161621094e+02, 2.932067260742188e+02, 2.93209716796875e+02, 2.931451416015625e+02, 2.931580505371094e+02, 2.931527404785156e+02, 2.931548767089844e+02, 2.931498718261719e+02, 2.930927124023438e+02, 2.931582641601562e+02, 2.927618713378906e+02, 2.924525756835938e+02, 2.922802429199219e+02, 2.921106567382812e+02, 2.91885498046875e+02, 2.916907348632812e+02, 2.915328979492188e+02, 2.913788452148438e+02, 2.912724914550781e+02, 2.930558776855469e+02, 2.9361376953125e+02, 2.931857604980469e+02, 2.931892700195312e+02, 2.9336865234375e+02, 2.929671936035156e+02, 2.931271057128906e+02, 2.930095825195312e+02, 2.931739807128906e+02, 2.930765991210938e+02, 2.931790771484375e+02, 2.909446716308594e+02, 2.909344787597656e+02, 2.906694641113281e+02, 2.905805053710938e+02, 2.903857421875e+02]
flo.cor.TAir=[2.931499938964844e+02, 2.951824340820312e+02, 2.949906616210938e+02, 2.949528198242188e+02, 2.949466857910156e+02, 2.948113098144531e+02, 2.947869262695312e+02, 2.952491760253906e+02, 2.955702819824219e+02, 2.958213500976562e+02, 2.959349670410156e+02, 2.965669250488281e+02, 2.967411193847656e+02, 2.96776611328125e+02, 2.956302490234375e+02, 2.948975830078125e+02, 2.956450805664062e+02, 2.958226928710938e+02, 2.956302185058594e+02, 2.953822326660156e+02, 2.952702331542969e+02, 2.951662902832031e+02, 2.948062133789062e+02, 2.946264038085938e+02, 2.943829040527344e+02, 2.942542419433594e+02, 2.944634704589844e+02, 2.950450134277344e+02, 2.950423278808594e+02, 2.952350463867188e+02, 2.952163696289062e+02, 2.955302734375e+02, 2.954791564941406e+02, 2.956201477050781e+02, 2.946241149902344e+02, 2.939309997558594e+02, 2.945093078613281e+02, 2.947043151855469e+02, 2.944979248046875e+02, 2.942682495117188e+02, 2.940956420898438e+02, 2.93876953125e+02, 2.937822875976562e+02, 2.935742797851562e+02, 2.935770568847656e+02, 2.935750427246094e+02, 2.93907958984375e+02, 2.943734436035156e+02, 2.947817687988281e+02, 2.951205139160156e+02, 2.948590087890625e+02, 2.954319458007812e+02, 2.954316711425781e+02, 2.951639099121094e+02, 2.94115234375e+02, 2.935165100097656e+02, 2.939501037597656e+02, 2.934891662597656e+02, 2.932540893554688e+02, 2.930296936035156e+02, 2.927204895019531e+02, 2.926651306152344e+02, 2.9248193359375e+02, 2.921680297851562e+02, 2.919592895507812e+02, 2.907436828613281e+02, 2.938995666503906e+02, 2.936913146972656e+02, 2.938663330078125e+02, 2.938086853027344e+02, 2.937124633789062e+02, 2.938206481933594e+02, 2.938193969726562e+02, 2.937804565429688e+02, 2.931806945800781e+02, 2.931203918457031e+02, 2.928172912597656e+02, 2.925420227050781e+02, 2.92522705078125e+02, 2.923680725097656e+02, 2.921157836914062e+02, 2.918977966308594e+02, 2.917887268066406e+02, 2.916315002441406e+02, 2.914747314453125e+02, 2.934100952148438e+02, 2.938795776367188e+02, 2.935834350585938e+02, 2.936287841796875e+02, 2.937030639648438e+02, 2.934549560546875e+02, 2.937034912109375e+02, 2.936805419921875e+02, 2.937474670410156e+02, 2.930763549804688e+02, 2.931222839355469e+02, 2.920548706054688e+02, 2.919911499023438e+02, 2.91916015625e+02, 2.917725219726562e+02, 2.915083923339844e+02]
hvac.TSetRoo.setPoiHea.y=[2.851499938964844e+02, 2.851499938964844e+02, 2.851499938964844e+02, 2.851499938964844e+02, 2.851499938964844e+02, 2.851499938964844e+02, 2.931499938964844e+02, 2.931499938964844e+02, 2.931499938964844e+02, 2.931499938964844e+02, 2.931499938964844e+02, 2.931499938964844e+02, 2.931499938964844e+02, 2.931499938964844e+02, 2.931499938964844e+02, 2.931499938964844e+02, 2.851499938964844e+02, 2.851499938964844e+02, 2.851499938964844e+02, 2.851499938964844e+02, 2.851499938964844e+02, 2.851499938964844e+02, 2.851499938964844e+02, 2.851499938964844e+02, 2.851499938964844e+02, 2.851499938964844e+02, 2.931499938964844e+02, 2.931499938964844e+02, 2.931499938964844e+02, 2.931499938964844e+02, 2.931499938964844e+02, 2.931499938964844e+02, 2.931499938964844e+02, 2.931499938964844e+02, 2.931499938964844e+02, 2.931499938964844e+02, 2.851499938964844e+02, 2.851499938964844e+02, 2.851499938964844e+02, 2.851499938964844e+02, 2.851499938964844e+02, 2.851499938964844e+02, 2.851499938964844e+02, 2.851499938964844e+02, 2.851499938964844e+02, 2.851499938964844e+02, 2.931499938964844e+02, 2.931499938964844e+02, 2.931499938964844e+02, 2.931499938964844e+02, 2.931499938964844e+02, 2.931499938964844e+02, 2.931499938964844e+02, 2.931499938964844e+02, 2.931499938964844e+02, 2.931499938964844e+02, 2.851499938964844e+02, 2.851499938964844e+02, 2.851499938964844e+02, 2.851499938964844e+02, 2.851499938964844e+02, 2.851499938964844e+02, 2.851499938964844e+02, 2.851499938964844e+02, 2.851499938964844e+02, 2.931499938964844e+02, 2.931499938964844e+02, 2.931499938964844e+02, 2.931499938964844e+02, 2.931499938964844e+02, 2.931499938964844e+02, 2.931499938964844e+02, 2.931499938964844e+02, 2.931499938964844e+02, 2.931499938964844e+02, 2.931499938964844e+02, 2.851499938964844e+02, 2.851499938964844e+02, 2.851499938964844e+02, 2.851499938964844e+02, 2.851499938964844e+02, 2.851499938964844e+02, 2.851499938964844e+02, 2.851499938964844e+02, 2.851499938964844e+02, 2.931499938964844e+02, 2.931499938964844e+02, 2.931499938964844e+02, 2.931499938964844e+02, 2.931499938964844e+02, 2.931499938964844e+02, 2.931499938964844e+02, 2.931499938964844e+02, 2.931499938964844e+02, 2.931499938964844e+02, 2.931499938964844e+02, 2.851499938964844e+02, 2.851499938964844e+02, 2.851499938964844e+02, 2.851499938964844e+02, 2.851499938964844e+02]
hvac.TSetRoo.setPoiCoo.y=[3.031499938964844e+02, 3.031499938964844e+02, 3.031499938964844e+02, 3.031499938964844e+02, 3.031499938964844e+02, 3.031499938964844e+02, 2.971499938964844e+02, 2.971499938964844e+02, 2.971499938964844e+02, 2.971499938964844e+02, 2.971499938964844e+02, 2.971499938964844e+02, 2.971499938964844e+02, 2.971499938964844e+02, 2.971499938964844e+02, 2.971499938964844e+02, 3.031499938964844e+02, 3.031499938964844e+02, 3.031499938964844e+02, 3.031499938964844e+02, 3.031499938964844e+02, 3.031499938964844e+02, 3.031499938964844e+02, 3.031499938964844e+02, 3.031499938964844e+02, 3.031499938964844e+02, 2.971499938964844e+02, 2.971499938964844e+02, 2.971499938964844e+02, 2.971499938964844e+02, 2.971499938964844e+02, 2.971499938964844e+02, 2.971499938964844e+02, 2.971499938964844e+02, 2.971499938964844e+02, 2.971499938964844e+02, 3.031499938964844e+02, 3.031499938964844e+02, 3.031499938964844e+02, 3.031499938964844e+02, 3.031499938964844e+02, 3.031499938964844e+02, 3.031499938964844e+02, 3.031499938964844e+02, 3.031499938964844e+02, 3.031499938964844e+02, 2.971499938964844e+02, 2.971499938964844e+02, 2.971499938964844e+02, 2.971499938964844e+02, 2.971499938964844e+02, 2.971499938964844e+02, 2.971499938964844e+02, 2.971499938964844e+02, 2.971499938964844e+02, 2.971499938964844e+02, 3.031499938964844e+02, 3.031499938964844e+02, 3.031499938964844e+02, 3.031499938964844e+02, 3.031499938964844e+02, 3.031499938964844e+02, 3.031499938964844e+02, 3.031499938964844e+02, 3.031499938964844e+02, 2.971499938964844e+02, 2.971499938964844e+02, 2.971499938964844e+02, 2.971499938964844e+02, 2.971499938964844e+02, 2.971499938964844e+02, 2.971499938964844e+02, 2.971499938964844e+02, 2.971499938964844e+02, 2.971499938964844e+02, 2.971499938964844e+02, 3.031499938964844e+02, 3.031499938964844e+02, 3.031499938964844e+02, 3.031499938964844e+02, 3.031499938964844e+02, 3.031499938964844e+02, 3.031499938964844e+02, 3.031499938964844e+02, 3.031499938964844e+02, 3.031499938964844e+02, 2.971499938964844e+02, 2.971499938964844e+02, 2.971499938964844e+02, 2.971499938964844e+02, 2.971499938964844e+02, 2.971499938964844e+02, 2.971499938964844e+02, 2.971499938964844e+02, 2.971499938964844e+02, 2.971499938964844e+02, 3.031499938964844e+02, 3.031499938964844e+02, 3.031499938964844e+02, 3.031499938964844e+02, 3.031499938964844e+02]
hvac.fanSup.y=[0e+00, 0e+00, 0e+00, 0e+00, 0e+00, 0e+00, 3.048429489135742e-01, 3.072939515113831e-01, 3.075137138366699e-01, 3.074474930763245e-01, 3.075531423091888e-01, 3.076677918434143e-01, 3.092507123947144e-01, 3.082154095172882e-01, 3.075114786624908e-01, 3.074387013912201e-01, 0e+00, 0e+00, 0e+00, 0e+00, 0e+00, 0e+00, 0e+00, 0e+00, 0e+00, 0e+00, 3.38878333568573e-01, 3.139497339725494e-01, 3.121448457241058e-01, 3.120557963848114e-01, 3.120703399181366e-01, 3.118065595626831e-01, 3.118764460086823e-01, 3.124186098575592e-01, 3.118780255317688e-01, 3.121472895145416e-01, 0e+00, 0e+00, 0e+00, 0e+00, 0e+00, 0e+00, 0e+00, 0e+00, 0e+00, 0e+00, 3.815620839595795e-01, 3.162983059883118e-01, 3.113887310028076e-01, 3.086568415164948e-01, 3.075023293495178e-01, 3.074837625026703e-01, 3.074681162834167e-01, 3.103695213794708e-01, 3.13904881477356e-01, 3.33370178937912e-01, 0e+00, 0e+00, 0e+00, 0e+00, 0e+00, 0e+00, 0e+00, 0e+00, 0e+00, 8.223246932029724e-01, 4.03060257434845e-01, 3.584689795970917e-01, 3.553683459758759e-01, 3.529525101184845e-01, 3.790012896060944e-01, 3.799402117729187e-01, 3.804397583007812e-01, 3.803155720233917e-01, 4.333344399929047e-01, 4.444780945777893e-01, 0e+00, 0e+00, 0e+00, 0e+00, 0e+00, 0e+00, 0e+00, 0e+00, 0e+00, 8.15330982208252e-01, 3.921830356121063e-01, 3.559713661670685e-01, 3.786280155181885e-01, 3.813073933124542e-01, 3.786584436893463e-01, 3.793895542621613e-01, 3.796155750751495e-01, 3.807430863380432e-01, 4.338759183883667e-01, 4.42801833152771e-01, 0e+00, 0e+00, 0e+00, 0e+00, 0e+00]
hvac.VAVBox[5].vav.y_actual=[1e+00, 6.041653156280518e-01, 1e+00, 1e+00, 1e+00, 1e+00, 4.583292305469513e-01, 4.647991359233856e-01, 4.652340412139893e-01, 4.652369618415833e-01, 4.651214480400085e-01, 4.633842408657074e-01, 4.635505378246307e-01, 4.636742472648621e-01, 4.639895260334015e-01, 4.642980992794037e-01, 5.783635377883911e-01, 1e+00, 1e+00, 1e+00, 1e+00, 1e+00, 1e+00, 1e+00, 1e+00, 1e+00, 4.649897813796997e-01, 4.677482545375824e-01, 4.677593111991882e-01, 4.67679888010025e-01, 4.676361382007599e-01, 4.680328369140625e-01, 4.678662419319153e-01, 4.677780866622925e-01, 4.673889875411987e-01, 4.673809707164764e-01, 5.809677243232727e-01, 1e+00, 1e+00, 1e+00, 1e+00, 1e+00, 1e+00, 1e+00, 1e+00, 1e+00, 5.533882975578308e-01, 4.729464948177338e-01, 4.671867191791534e-01, 4.657703340053558e-01, 4.646489918231964e-01, 4.645938575267792e-01, 4.64730978012085e-01, 4.651941955089569e-01, 4.683590829372406e-01, 4.697659015655518e-01, 5.886003375053406e-01, 1e+00, 1e+00, 1e+00, 1e+00, 1e+00, 1e+00, 1e+00, 1e+00, 5.354878306388855e-01, 5.745136737823486e-01, 4.794833064079285e-01, 4.719613790512085e-01, 4.734644293785095e-01, 4.76312130689621e-01, 4.786043465137482e-01, 4.790135324001312e-01, 4.792492091655731e-01, 6.035147309303284e-01, 6.279106736183167e-01, 7.426316142082214e-01, 1e+00, 1e+00, 1e+00, 1e+00, 1e+00, 1e+00, 1e+00, 1e+00, 5.252896547317505e-01, 5.698254108428955e-01, 4.787743389606476e-01, 4.761236011981964e-01, 4.78255957365036e-01, 4.788632094860077e-01, 4.778441786766052e-01, 4.789640009403229e-01, 4.794757664203644e-01, 6.075077652931213e-01, 6.352989673614502e-01, 7.509533762931824e-01, 1e+00, 1e+00, 1e+00, 1e+00]
hvac.VAVBox[1].vav.y_actual=[1e+00, 6.041660904884338e-01, 1e+00, 1e+00, 1e+00, 1e+00, 4.583294689655304e-01, 4.647994041442871e-01, 4.652342796325684e-01, 4.652372300624847e-01, 4.6512171626091e-01, 4.633845090866089e-01, 4.808902442455292e-01, 4.714430272579193e-01, 4.644554257392883e-01, 4.643264412879944e-01, 5.783668756484985e-01, 1e+00, 1e+00, 1e+00, 1e+00, 1e+00, 1e+00, 1e+00, 1e+00, 1e+00, 4.652996957302094e-01, 4.677673876285553e-01, 4.677607119083405e-01, 4.676802158355713e-01, 4.67636376619339e-01, 4.68033105134964e-01, 4.678665101528168e-01, 4.67778354883194e-01, 4.673892557621002e-01, 4.673812389373779e-01, 5.809681415557861e-01, 1e+00, 1e+00, 1e+00, 1e+00, 1e+00, 1e+00, 1e+00, 1e+00, 1e+00, 5.572608113288879e-01, 4.731530547142029e-01, 4.671993553638458e-01, 4.657713174819946e-01, 4.646492898464203e-01, 4.645941257476807e-01, 4.647312164306641e-01, 4.651944637298584e-01, 4.683593213558197e-01, 4.697661697864532e-01, 7.161940336227417e-01, 1e+00, 1e+00, 1e+00, 1e+00, 1e+00, 1e+00, 1e+00, 1e+00, 5.354878902435303e-01, 5.774577856063843e-01, 4.796399772167206e-01, 4.719710648059845e-01, 4.73465234041214e-01, 4.763123989105225e-01, 4.786045849323273e-01, 4.790137708187103e-01, 4.792494475841522e-01, 5.964708924293518e-01, 6.276448965072632e-01, 7.426124215126038e-01, 1e+00, 1e+00, 1e+00, 1e+00, 1e+00, 1e+00, 1e+00, 1e+00, 5.252896547317505e-01, 5.647068023681641e-01, 4.785010814666748e-01, 6.128470897674561e-01, 6.23146116733551e-01, 6.241897940635681e-01, 6.227875947952271e-01, 6.243203282356262e-01, 6.249223351478577e-01, 6.298800110816956e-01, 6.362020373344421e-01, 7.510241270065308e-01, 1e+00, 1e+00, 1e+00, 1e+00]
hvac.VAVBox[2].vav.y_actual=[1e+00, 5.549784898757935e-01, 1e+00, 1e+00, 1e+00, 1e+00, 4.464486241340637e-01, 4.490300714969635e-01, 4.492433369159698e-01, 4.492315351963043e-01, 4.491207599639893e-01, 4.47418600320816e-01, 4.475631415843964e-01, 4.476844668388367e-01, 4.479961693286896e-01, 4.483002126216888e-01, 5.531085133552551e-01, 1e+00, 1e+00, 1e+00, 1e+00, 1e+00, 1e+00, 1e+00, 1e+00, 1e+00, 5.403991341590881e-01, 4.573598504066467e-01, 4.521005153656006e-01, 4.51674222946167e-01, 4.516078233718872e-01, 4.519910514354706e-01, 4.5183265209198e-01, 4.51756089925766e-01, 4.513584971427917e-01, 4.513552486896515e-01, 5.556915402412415e-01, 1e+00, 1e+00, 1e+00, 1e+00, 1e+00, 1e+00, 1e+00, 1e+00, 1e+00, 5.543256402015686e-01, 4.583226442337036e-01, 4.512945711612701e-01, 4.497887790203094e-01, 4.48659360408783e-01, 4.485976696014404e-01, 4.487313032150269e-01, 4.491717517375946e-01, 4.522980749607086e-01, 6.02925717830658e-01, 7.226857542991638e-01, 1e+00, 1e+00, 1e+00, 1e+00, 1e+00, 1e+00, 1e+00, 1e+00, 5.337622165679932e-01, 5.767845511436462e-01, 6.148232221603394e-01, 6.147985458374023e-01, 6.175861358642578e-01, 6.209849119186401e-01, 6.239736676216125e-01, 6.243471503257751e-01, 6.246506571769714e-01, 6.269959211349487e-01, 6.287972927093506e-01, 7.333980202674866e-01, 1e+00, 1e+00, 1e+00, 1e+00, 1e+00, 1e+00, 1e+00, 1e+00, 5.236343741416931e-01, 5.6364905834198e-01, 6.138210296630859e-01, 6.202837824821472e-01, 6.234138011932373e-01, 6.241994500160217e-01, 6.227879524230957e-01, 6.243203282356262e-01, 6.249223351478577e-01, 6.298800110816956e-01, 6.362020373344421e-01, 7.41725742816925e-01, 1e+00, 1e+00, 1e+00, 1e+00]
hvac.VAVBox[3].vav.y_actual=[1e+00, 6.041660904884338e-01, 1e+00, 1e+00, 1e+00, 1e+00, 4.583294689655304e-01, 4.647994041442871e-01, 4.652342796325684e-01, 4.652372300624847e-01, 4.6512171626091e-01, 4.633845090866089e-01, 4.635507762432098e-01, 4.636744856834412e-01, 4.639897644519806e-01, 4.642983675003052e-01, 5.783639550209045e-01, 1e+00, 1e+00, 1e+00, 1e+00, 1e+00, 1e+00, 1e+00, 1e+00, 1e+00, 5.175960659980774e-01, 4.708284139633179e-01, 4.679461717605591e-01, 4.676914811134338e-01, 4.676370620727539e-01, 4.680331349372864e-01, 4.678665101528168e-01, 4.67778354883194e-01, 4.673892557621002e-01, 4.673812389373779e-01, 5.809681415557861e-01, 1e+00, 1e+00, 1e+00, 1e+00, 1e+00, 1e+00, 1e+00, 1e+00, 1e+00, 5.57686984539032e-01, 4.731757044792175e-01, 4.672007262706757e-01, 4.657714068889618e-01, 4.646492898464203e-01, 4.645941257476807e-01, 4.647312164306641e-01, 4.651944637298584e-01, 4.683593213558197e-01, 4.697661697864532e-01, 7.190482616424561e-01, 1e+00, 1e+00, 1e+00, 1e+00, 1e+00, 1e+00, 1e+00, 1e+00, 5.354878902435303e-01, 5.709146857261658e-01, 4.792914688587189e-01, 4.719499945640564e-01, 4.734639525413513e-01, 6.112438440322876e-01, 6.236235499382019e-01, 6.243343949317932e-01, 6.24650239944458e-01, 6.26995861530304e-01, 6.287972927093506e-01, 7.42696225643158e-01, 1e+00, 1e+00, 1e+00, 1e+00, 1e+00, 1e+00, 1e+00, 1e+00, 5.252896547317505e-01, 5.672076940536499e-01, 4.786349534988403e-01, 4.761152863502502e-01, 4.782556593418121e-01, 4.788634181022644e-01, 4.778444170951843e-01, 4.78964239358902e-01, 4.794760048389435e-01, 6.085027456283569e-01, 6.353390216827393e-01, 7.50956654548645e-01, 1e+00, 1e+00, 1e+00, 1e+00]
hvac.VAVBox[4].vav.y_actual=[1e+00, 5.549784898757935e-01, 1e+00, 1e+00, 1e+00, 1e+00, 4.461027085781097e-01, 4.490070641040802e-01, 4.492418169975281e-01, 4.492314457893372e-01, 4.491207599639893e-01, 4.47418600320816e-01, 4.475631415843964e-01, 4.476844668388367e-01, 4.479961693286896e-01, 4.483002126216888e-01, 5.531085133552551e-01, 1e+00, 1e+00, 1e+00, 1e+00, 1e+00, 1e+00, 1e+00, 1e+00, 1e+00, 5.427096486091614e-01, 4.57492470741272e-01, 4.521092474460602e-01, 4.516747891902924e-01, 4.516078531742096e-01, 4.519910514354706e-01, 4.5183265209198e-01, 4.51756089925766e-01, 4.513584971427917e-01, 4.513552486896515e-01, 5.556915402412415e-01, 1e+00, 1e+00, 1e+00, 1e+00, 1e+00, 1e+00, 1e+00, 1e+00, 1e+00, 5.551745891571045e-01, 4.583705365657806e-01, 4.512977004051208e-01, 4.497889876365662e-01, 4.48659360408783e-01, 4.485976696014404e-01, 4.487313032150269e-01, 4.491717517375946e-01, 4.522980749607086e-01, 4.858149290084839e-01, 7.145535945892334e-01, 1e+00, 1e+00, 1e+00, 1e+00, 1e+00, 1e+00, 1e+00, 1e+00, 5.308719873428345e-01, 6.200093626976013e-01, 6.175059080123901e-01, 6.148870587348938e-01, 6.175891160964966e-01, 6.209850311279297e-01, 6.239737272262573e-01, 6.243471503257751e-01, 6.246506571769714e-01, 6.269959211349487e-01, 6.287972927093506e-01, 7.333980202674866e-01, 1e+00, 1e+00, 1e+00, 1e+00, 1e+00, 1e+00, 1e+00, 1e+00, 4.965027868747711e-01, 5.647767782211304e-01, 6.138905882835388e-01, 6.20286226272583e-01, 6.234139204025269e-01, 6.241994500160217e-01, 6.227879524230957e-01, 6.243203282356262e-01, 6.249223351478577e-01, 6.298800110816956e-01, 6.362020373344421e-01, 7.41725742816925e-01, 1e+00, 1e+00, 1e+00, 1e+00]
hvac.damOut.y=[0e+00, 0e+00, 0e+00, 0e+00, 0e+00, 0e+00, 1e+00, 1e+00, 1e+00, 1e+00, 1e+00, 1e+00, 1e+00, 1e+00, 1e+00, 1e+00, 0e+00, 0e+00, 0e+00, 0e+00, 0e+00, 0e+00, 0e+00, 0e+00, 0e+00, 0e+00, 5.887649655342102e-01, 6.360394358634949e-01, 6.555668711662292e-01, 6.564895510673523e-01, 6.564245820045471e-01, 6.584014296531677e-01, 6.573070883750916e-01, 6.557070016860962e-01, 6.562217473983765e-01, 6.55483603477478e-01, 0e+00, 0e+00, 0e+00, 0e+00, 0e+00, 0e+00, 0e+00, 0e+00, 0e+00, 0e+00, 5.820574760437012e-01, 6.243478059768677e-01, 6.892925500869751e-01, 8.570919036865234e-01, 1e+00, 1e+00, 1e+00, 6.73656702041626e-01, 5.888973474502563e-01, 5.921148657798767e-01, 0e+00, 0e+00, 0e+00, 0e+00, 0e+00, 0e+00, 0e+00, 0e+00, 0e+00, 4.306859970092773e-01, 5.275015830993652e-01, 5.724606513977051e-01, 5.751485228538513e-01, 5.828001499176025e-01, 5.565159916877747e-01, 5.57583212852478e-01, 5.568789839744568e-01, 5.573189854621887e-01, 5.164033174514771e-01, 5.054656863212585e-01, 0e+00, 0e+00, 0e+00, 0e+00, 0e+00, 0e+00, 0e+00, 0e+00, 0e+00, 0e+00, 5.301586389541626e-01, 5.764945149421692e-01, 5.563620924949646e-01, 5.556533932685852e-01, 6.131374835968018e-01, 5.773317813873291e-01, 5.621243715286255e-01, 5.487825870513916e-01, 5.064234733581543e-01, 5.134758949279785e-01, 0e+00, 0e+00, 0e+00, 0e+00, 0e+00]
hvac.VAVBox[1].TSup=[2.931499938964844e+02, 2.93150390625e+02, 2.931510314941406e+02, 2.931508483886719e+02, 2.931508483886719e+02, 2.931513671875e+02, 2.840137634277344e+02, 2.851839599609375e+02, 2.853348083496094e+02, 2.852549743652344e+02, 2.854056701660156e+02, 2.851587524414062e+02, 2.853160095214844e+02, 2.850277099609375e+02, 2.84978271484375e+02, 2.849060363769531e+02, 2.849869384765625e+02, 2.849850463867188e+02, 2.849848327636719e+02, 2.84985107421875e+02, 2.84984130859375e+02, 2.84981689453125e+02, 2.849838256835938e+02, 2.849791259765625e+02, 2.84985595703125e+02, 2.849866943359375e+02, 2.852638549804688e+02, 2.845693359375e+02, 2.8432958984375e+02, 2.832328796386719e+02, 2.851150512695312e+02, 2.851135559082031e+02, 2.851679992675781e+02, 2.853578796386719e+02, 2.852656555175781e+02, 2.851335144042969e+02, 2.853411254882812e+02, 2.8534033203125e+02, 2.853394775390625e+02, 2.853378295898438e+02, 2.853379516601562e+02, 2.853359985351562e+02, 2.853356628417969e+02, 2.853333740234375e+02, 2.853348693847656e+02, 2.853336486816406e+02, 2.881243591308594e+02, 2.852466430664062e+02, 2.851758117675781e+02, 2.857643432617188e+02, 2.853121643066406e+02, 2.852265319824219e+02, 2.848669128417969e+02, 2.839640502929688e+02, 2.851111145019531e+02, 2.84243896484375e+02, 2.861321716308594e+02, 2.861328125e+02, 2.861324768066406e+02, 2.861320495605469e+02, 2.861329040527344e+02, 2.861317138671875e+02, 2.861322937011719e+02, 2.861331176757812e+02, 2.861337890625e+02, 2.8832763671875e+02, 2.913632507324219e+02, 2.849159240722656e+02, 2.851328125e+02, 2.850105285644531e+02, 2.8535791015625e+02, 2.851686096191406e+02, 2.850311279296875e+02, 2.851666259765625e+02, 2.876102294921875e+02, 2.928681335449219e+02, 2.87169677734375e+02, 2.871700134277344e+02, 2.871704406738281e+02, 2.871694641113281e+02, 2.871687927246094e+02, 2.871708374023438e+02, 2.871708374023438e+02, 2.871711730957031e+02, 2.871718139648438e+02, 2.968426818847656e+02, 2.955735168457031e+02, 2.878657531738281e+02, 2.905955810546875e+02, 2.882161560058594e+02, 2.884182739257812e+02, 2.851313171386719e+02, 2.919960632324219e+02, 2.911029052734375e+02, 2.947326049804688e+02, 3.011192932128906e+02, 2.977756652832031e+02, 2.977765502929688e+02, 2.977738342285156e+02, 2.977752075195312e+02, 2.977757263183594e+02]
hvac.VAVBox[2].TSup=[2.931499938964844e+02, 2.931505737304688e+02, 2.931511535644531e+02, 2.9315087890625e+02, 2.931509094238281e+02, 2.931515808105469e+02, 2.840135498046875e+02, 2.851839904785156e+02, 2.853348083496094e+02, 2.852549743652344e+02, 2.8540576171875e+02, 2.851587219238281e+02, 2.853159484863281e+02, 2.850277709960938e+02, 2.849783020019531e+02, 2.84906005859375e+02, 2.849831237792969e+02, 2.849812622070312e+02, 2.849810485839844e+02, 2.849813232421875e+02, 2.849803771972656e+02, 2.849779052734375e+02, 2.849801025390625e+02, 2.849754028320312e+02, 2.849817504882812e+02, 2.849828186035156e+02, 2.852634887695312e+02, 2.84569580078125e+02, 2.843294067382812e+02, 2.832332153320312e+02, 2.851150817871094e+02, 2.851134948730469e+02, 2.851680297851562e+02, 2.853578491210938e+02, 2.852656860351562e+02, 2.851334838867188e+02, 2.853370056152344e+02, 2.853363647460938e+02, 2.853355102539062e+02, 2.853338623046875e+02, 2.853340148925781e+02, 2.853320617675781e+02, 2.853317260742188e+02, 2.853294372558594e+02, 2.853309326171875e+02, 2.853297119140625e+02, 2.887644958496094e+02, 2.852466125488281e+02, 2.851758117675781e+02, 2.857641906738281e+02, 2.853121032714844e+02, 2.852265319824219e+02, 2.848670349121094e+02, 2.839630126953125e+02, 2.851111145019531e+02, 2.908070678710938e+02, 2.868579406738281e+02, 2.868583679199219e+02, 2.86858154296875e+02, 2.868578491210938e+02, 2.868584289550781e+02, 2.868576354980469e+02, 2.868580017089844e+02, 2.868585510253906e+02, 2.868589477539062e+02, 2.907774658203125e+02, 2.917730712890625e+02, 2.93029541015625e+02, 2.924066162109375e+02, 2.914075317382812e+02, 2.926944274902344e+02, 2.90668701171875e+02, 2.901214294433594e+02, 2.920435791015625e+02, 2.984027709960938e+02, 2.978747863769531e+02, 2.878883056640625e+02, 2.878884582519531e+02, 2.878886413574219e+02, 2.878882446289062e+02, 2.878879699707031e+02, 2.878887329101562e+02, 2.878887329101562e+02, 2.878888244628906e+02, 2.878890075683594e+02, 2.968426818847656e+02, 3.001941833496094e+02, 2.932085571289062e+02, 2.892594299316406e+02, 2.880651550292969e+02, 2.883791198730469e+02, 2.876091613769531e+02, 2.876131591796875e+02, 2.874484252929688e+02, 2.931855773925781e+02, 2.94867431640625e+02, 2.868367004394531e+02, 2.868364868164062e+02, 2.868370361328125e+02, 2.868367919921875e+02, 2.868367004394531e+02]
hvac.VAVBox[3].TSup=[2.931499938964844e+02, 2.931505737304688e+02, 2.931514587402344e+02, 2.931511840820312e+02, 2.931512145996094e+02, 2.931519470214844e+02, 2.840137634277344e+02, 2.851839599609375e+02, 2.853348083496094e+02, 2.852549743652344e+02, 2.854056701660156e+02, 2.851587524414062e+02, 2.853159790039062e+02, 2.850277404785156e+02, 2.84978271484375e+02, 2.849060363769531e+02, 2.849869079589844e+02, 2.849850463867188e+02, 2.849848327636719e+02, 2.84985107421875e+02, 2.84984130859375e+02, 2.849816284179688e+02, 2.849838562011719e+02, 2.849792175292969e+02, 2.849852600097656e+02, 2.849862976074219e+02, 2.852635803222656e+02, 2.845692749023438e+02, 2.8432958984375e+02, 2.832328796386719e+02, 2.851150512695312e+02, 2.851135559082031e+02, 2.851679992675781e+02, 2.853578796386719e+02, 2.852656555175781e+02, 2.851335144042969e+02, 2.853411254882812e+02, 2.8534033203125e+02, 2.853394775390625e+02, 2.853378295898438e+02, 2.853379516601562e+02, 2.853359985351562e+02, 2.853356323242188e+02, 2.853333435058594e+02, 2.853347778320312e+02, 2.853335571289062e+02, 2.881255798339844e+02, 2.852466430664062e+02, 2.851758117675781e+02, 2.857643432617188e+02, 2.853121643066406e+02, 2.852265319824219e+02, 2.848669128417969e+02, 2.839640502929688e+02, 2.851111145019531e+02, 2.84243896484375e+02, 2.862093200683594e+02, 2.862098999023438e+02, 2.862096252441406e+02, 2.86209228515625e+02, 2.862099609375e+02, 2.862089538574219e+02, 2.862094421386719e+02, 2.862101440429688e+02, 2.86210693359375e+02, 2.900076904296875e+02, 2.973350524902344e+02, 2.849159240722656e+02, 2.851328125e+02, 2.850105285644531e+02, 2.853578186035156e+02, 2.862960205078125e+02, 2.860108032226562e+02, 2.874655151367188e+02, 2.906872253417969e+02, 2.935028991699219e+02, 2.872282409667969e+02, 2.87228515625e+02, 2.872289123535156e+02, 2.8722802734375e+02, 2.872273864746094e+02, 2.872292785644531e+02, 2.87229248046875e+02, 2.872295837402344e+02, 2.87230224609375e+02, 2.968426818847656e+02, 2.950888977050781e+02, 2.878375549316406e+02, 2.856319580078125e+02, 2.86369384765625e+02, 2.85161376953125e+02, 2.851312866210938e+02, 2.851465454101562e+02, 2.851181640625e+02, 2.908568420410156e+02, 2.946133422851562e+02, 2.868132019042969e+02, 2.8681298828125e+02, 2.868135681152344e+02, 2.868132934570312e+02, 2.868132019042969e+02]
hvac.VAVBox[4].TSup=[2.931499938964844e+02, 2.931505432128906e+02, 2.931511840820312e+02, 2.931509094238281e+02, 2.931509094238281e+02, 2.931516418457031e+02, 2.840135498046875e+02, 2.851839904785156e+02, 2.853348083496094e+02, 2.852549743652344e+02, 2.8540576171875e+02, 2.851587219238281e+02, 2.853159484863281e+02, 2.850277709960938e+02, 2.849783020019531e+02, 2.84906005859375e+02, 2.849831237792969e+02, 2.849812316894531e+02, 2.849810180664062e+02, 2.849813232421875e+02, 2.849803161621094e+02, 2.84977783203125e+02, 2.8497998046875e+02, 2.849754943847656e+02, 2.849816284179688e+02, 2.849827575683594e+02, 2.852634887695312e+02, 2.84569580078125e+02, 2.843294067382812e+02, 2.832332153320312e+02, 2.851150817871094e+02, 2.851134948730469e+02, 2.851680297851562e+02, 2.853578491210938e+02, 2.852656860351562e+02, 2.851334838867188e+02, 2.853370361328125e+02, 2.853363647460938e+02, 2.853355407714844e+02, 2.853339233398438e+02, 2.853340759277344e+02, 2.853322143554688e+02, 2.853319091796875e+02, 2.853297424316406e+02, 2.853311767578125e+02, 2.853299865722656e+02, 2.890817260742188e+02, 2.852466125488281e+02, 2.851758117675781e+02, 2.857641906738281e+02, 2.853121032714844e+02, 2.852265319824219e+02, 2.848670349121094e+02, 2.839630126953125e+02, 2.851111145019531e+02, 2.842431945800781e+02, 2.867076416015625e+02, 2.867081298828125e+02, 2.867078552246094e+02, 2.867074890136719e+02, 2.867081909179688e+02, 2.867072448730469e+02, 2.867077026367188e+02, 2.867083435058594e+02, 2.867088623046875e+02, 2.883276672363281e+02, 2.910898132324219e+02, 2.888416137695312e+02, 2.871143798828125e+02, 2.860707092285156e+02, 2.875736389160156e+02, 2.8536181640625e+02, 2.850307922363281e+02, 2.855131530761719e+02, 2.91266357421875e+02, 2.931640625e+02, 2.871957702636719e+02, 2.871961059570312e+02, 2.87196533203125e+02, 2.871956176757812e+02, 2.871949462890625e+02, 2.871969604492188e+02, 2.871969604492188e+02, 2.871972961425781e+02, 2.871979370117188e+02, 2.968426513671875e+02, 2.938511047363281e+02, 2.907172241210938e+02, 2.891289672851562e+02, 2.890009765625e+02, 2.90911865234375e+02, 2.919086303710938e+02, 2.895580139160156e+02, 2.934769897460938e+02, 2.995686340332031e+02, 3.010470581054688e+02, 2.949849243164062e+02, 2.949855346679688e+02, 2.949835815429688e+02, 2.949845886230469e+02, 2.949849548339844e+02]
hvac.VAVBox[5].TSup=[2.931499938964844e+02, 2.931505432128906e+02, 2.931514282226562e+02, 2.931511535644531e+02, 2.931511840820312e+02, 2.931519165039062e+02, 2.840137634277344e+02, 2.851839599609375e+02, 2.853348083496094e+02, 2.852549743652344e+02, 2.854056701660156e+02, 2.851587524414062e+02, 2.853159790039062e+02, 2.850277404785156e+02, 2.84978271484375e+02, 2.849060363769531e+02, 2.849869384765625e+02, 2.849850158691406e+02, 2.849848022460938e+02, 2.849850769042969e+02, 2.849841003417969e+02, 2.849815673828125e+02, 2.849837951660156e+02, 2.849790344238281e+02, 2.849854431152344e+02, 2.849865417480469e+02, 2.852638549804688e+02, 2.845693359375e+02, 2.8432958984375e+02, 2.832328796386719e+02, 2.851150512695312e+02, 2.851135559082031e+02, 2.851679992675781e+02, 2.853578796386719e+02, 2.852656555175781e+02, 2.851335144042969e+02, 2.853411254882812e+02, 2.8534033203125e+02, 2.853394470214844e+02, 2.853377380371094e+02, 2.85337890625e+02, 2.853358764648438e+02, 2.853355407714844e+02, 2.853331909179688e+02, 2.853346862792969e+02, 2.853334350585938e+02, 2.852565612792969e+02, 2.852466430664062e+02, 2.851758117675781e+02, 2.857643432617188e+02, 2.853121643066406e+02, 2.852265319824219e+02, 2.848669128417969e+02, 2.839640502929688e+02, 2.851111145019531e+02, 2.84243896484375e+02, 2.855782470703125e+02, 2.855786743164062e+02, 2.855783081054688e+02, 2.855777893066406e+02, 2.855788269042969e+02, 2.855774230957031e+02, 2.855780944824219e+02, 2.855790710449219e+02, 2.855798645019531e+02, 2.8832763671875e+02, 2.87772705078125e+02, 2.849159240722656e+02, 2.851328125e+02, 2.850105285644531e+02, 2.8535791015625e+02, 2.851686096191406e+02, 2.850311279296875e+02, 2.851666259765625e+02, 2.859643859863281e+02, 2.883829956054688e+02, 2.864314880371094e+02, 2.864319458007812e+02, 2.864325256347656e+02, 2.864312438964844e+02, 2.864302368164062e+02, 2.864332275390625e+02, 2.864331970214844e+02, 2.864337158203125e+02, 2.864347229003906e+02, 2.968426818847656e+02, 2.889009399414062e+02, 2.850337219238281e+02, 2.856319580078125e+02, 2.86369384765625e+02, 2.85161376953125e+02, 2.851312866210938e+02, 2.851465454101562e+02, 2.851181640625e+02, 2.866873779296875e+02, 2.894341125488281e+02, 2.861492919921875e+02, 2.861490478515625e+02, 2.861497802734375e+02, 2.861494140625e+02, 2.861492919921875e+02]
hvac.res.EFan=[0e+00, -3.149910128286137e-07, -3.166346118632646e-07, -3.158200172492798e-07, -3.159032928579109e-07, -3.181270642471645e-07, 8.8054345703125e+03, 1.2665552734375e+04, 1.65251875e+04, 2.038478515625e+04, 2.4244375e+04, 2.81038203125e+04, 3.1963185546875e+04, 3.582176953125e+04, 3.968125390625e+04, 4.354087109375e+04, 4.676152734375e+04, 4.676152734375e+04, 4.676152734375e+04, 4.676152734375e+04, 4.676152734375e+04, 4.676152734375e+04, 4.676152734375e+04, 4.676152734375e+04, 4.676152734375e+04, 4.676152734375e+04, 5.66065625e+04, 6.046176953125e+04, 6.431958984375e+04, 6.817765625e+04, 7.203575e+04, 7.58938828125e+04, 7.97519765625e+04, 8.361009375e+04, 8.74681171875e+04, 9.13262109375e+04, 9.45457109375e+04, 9.45457109375e+04, 9.45457109375e+04, 9.45457109375e+04, 9.45457109375e+04, 9.45457109375e+04, 9.45457109375e+04, 9.45457109375e+04, 9.45457109375e+04, 9.45457109375e+04, 1.046512421875e+05, 1.085083828125e+05, 1.123659765625e+05, 1.162245625e+05, 1.200840234375e+05, 1.239436171875e+05, 1.27803234375e+05, 1.31662703125e+05, 1.355206875e+05, 1.39375328125e+05, 1.42620984375e+05, 1.42620984375e+05, 1.42620984375e+05, 1.42620984375e+05, 1.42620984375e+05, 1.42620984375e+05, 1.42620984375e+05, 1.42620984375e+05, 1.42620984375e+05, 1.49949265625e+05, 1.5428325e+05, 1.58159109375e+05, 1.6201978125e+05, 1.6587909375e+05, 1.6975125e+05, 1.73638984375e+05, 1.775285625e+05, 1.8141825e+05, 1.85355625e+05, 1.89459140625e+05, 1.92901703125e+05, 1.92901703125e+05, 1.92901703125e+05, 1.92901703125e+05, 1.92901703125e+05, 1.92901703125e+05, 1.92901703125e+05, 1.92901703125e+05, 1.92901703125e+05, 2.00237546875e+05, 2.044869375e+05, 2.08354203125e+05, 2.12228828125e+05, 2.16116671875e+05, 2.20005765625e+05, 2.23894609375e+05, 2.2778334375e+05, 2.3167278125e+05, 2.35618078125e+05, 2.39716609375e+05, 2.43155484375e+05, 2.43155484375e+05, 2.43155484375e+05, 2.43155484375e+05, 2.43155484375e+05]
hvac.res.EHea=[0e+00, 0e+00, 0e+00, 0e+00, 0e+00, 0e+00, 0e+00, 0e+00, 0e+00, 0e+00, 0e+00, 0e+00, 0e+00, 0e+00, 0e+00, 0e+00, 0e+00, 0e+00, 0e+00, 0e+00, 0e+00, 0e+00, 0e+00, 0e+00, 0e+00, 0e+00, 0e+00, 0e+00, 0e+00, 0e+00, 5.21486962890625e+03, 1.37376591796875e+04, 2.3048396484375e+04, 3.1563537109375e+04, 3.768348046875e+04, 4.26226640625e+04, 4.646922265625e+04, 4.646922265625e+04, 4.646922265625e+04, 4.646922265625e+04, 4.646922265625e+04, 4.646922265625e+04, 4.646922265625e+04, 4.646922265625e+04, 4.646922265625e+04, 4.646922265625e+04, 5.499219921875e+04, 5.6159796875e+04, 5.61650078125e+04, 5.616673046875e+04, 5.616673046875e+04, 5.616673046875e+04, 5.616673046875e+04, 5.616673046875e+04, 5.616673046875e+04, 5.86175234375e+04, 7.01710546875e+04, 7.01710546875e+04, 7.01710546875e+04, 7.01710546875e+04, 7.01710546875e+04, 7.01710546875e+04, 7.01710546875e+04, 7.01710546875e+04, 7.01710546875e+04, 8.1858296875e+04, 1.4143615625e+05, 1.6556578125e+05, 1.8576346875e+05, 2.0433075e+05, 2.25043234375e+05, 2.39417609375e+05, 2.53094890625e+05, 2.7051915625e+05, 2.9913546875e+05, 3.3547809375e+05, 3.704743125e+05, 3.704743125e+05, 3.704743125e+05, 3.704743125e+05, 3.704743125e+05, 3.704743125e+05, 3.704743125e+05, 3.704743125e+05, 3.704743125e+05, 3.8136659375e+05, 4.5548075e+05, 4.8459715625e+05, 5.0207415625e+05, 5.1165778125e+05, 5.2091128125e+05, 5.3080625e+05, 5.43423125e+05, 5.61074375e+05, 5.898968125e+05, 6.444974375e+05, 6.99042375e+05, 6.99042375e+05, 6.99042375e+05, 6.99042375e+05, 6.99042375e+05]
hvac.res.ECoo=[0e+00, 0e+00, 0e+00, 0e+00, 0e+00, 0e+00, -1.79001025390625e+03, -9.796025390625e+03, -1.925003515625e+04, -3.385721484375e+04, -5.70951484375e+04, -8.75533359375e+04, -1.182299609375e+05, -1.575176875e+05, -1.8964671875e+05, -2.1113796875e+05, -2.221905625e+05, -2.221905625e+05, -2.221905625e+05, -2.221905625e+05, -2.221905625e+05, -2.221905625e+05, -2.221905625e+05, -2.221905625e+05, -2.221905625e+05, -2.221905625e+05, -2.221905625e+05, -2.221905625e+05, -2.221905625e+05, -2.221905625e+05, -2.221905625e+05, -2.221905625e+05, -2.221905625e+05, -2.221905625e+05, -2.221905625e+05, -2.221905625e+05, -2.221905625e+05, -2.221905625e+05, -2.221905625e+05, -2.221905625e+05, -2.221905625e+05, -2.221905625e+05, -2.221905625e+05, -2.221905625e+05, -2.221905625e+05, -2.221905625e+05, -2.221905625e+05, -2.221905625e+05, -2.221905625e+05, -2.221905625e+05, -2.25786296875e+05, -2.32779e+05, -2.40864109375e+05, -2.425249375e+05, -2.425249375e+05, -2.425249375e+05, -2.425249375e+05, -2.425249375e+05, -2.425249375e+05, -2.425249375e+05, -2.425249375e+05, -2.425249375e+05, -2.425249375e+05, -2.425249375e+05, -2.425249375e+05, -2.425249375e+05, -2.425249375e+05, -2.425249375e+05, -2.425249375e+05, -2.425249375e+05, -2.425249375e+05, -2.425249375e+05, -2.425249375e+05, -2.425249375e+05, -2.425249375e+05, -2.425249375e+05, -2.425249375e+05, -2.425249375e+05, -2.425249375e+05, -2.425249375e+05, -2.425249375e+05, -2.425249375e+05, -2.425249375e+05, -2.425249375e+05, -2.425249375e+05, -2.425249375e+05, -2.425249375e+05, -2.425249375e+05, -2.425249375e+05, -2.425249375e+05, -2.425249375e+05, -2.425249375e+05, -2.425249375e+05, -2.425249375e+05, -2.425249375e+05, -2.425249375e+05, -2.425249375e+05, -2.425249375e+05, -2.425249375e+05, -2.425249375e+05, -2.425249375e+05]
