last-generated=2026-10-10
statistics-initialization=
{
  "linear": "0, 0, 0, 0, 0, 0",
  "nonlinear": "0, 0, 0, 0, 0, 0, 0, 0, 0, 0, 0, 0, 0, 0, 0, 0, 0, 0, 0, 0, 0, 0, 0, 0",
  "numerical Jacobians": "0"
}
statistics-simulation=
{
  "linear": "0, 0, 0, 0, 0, 0, 0, 0, 0, 0",
  "nonlinear": "0, 0, 0, 0",
  "number of continuous time states": "36",
  "numerical Jacobians": "0"
}
time=[1.6848e+07, 1.728e+07]
flo.TAirCor=[2.751499938964844e+02, 2.9682666015625e+02, 2.970203247070312e+02, 2.970608215332031e+02, 2.970837097167969e+02, 2.976681518554688e+02, 2.982706909179688e+02, 2.98593505859375e+02, 2.988734130859375e+02, 2.9894189453125e+02, 2.988636779785156e+02, 2.988853759765625e+02, 2.989145812988281e+02, 2.989487915039062e+02, 2.989140014648438e+02, 2.989216613769531e+02, 2.989335632324219e+02, 2.988656921386719e+02, 2.988883056640625e+02, 2.98928955078125e+02, 2.989547729492188e+02, 2.9885546875e+02, 2.987825927734375e+02, 2.987886962890625e+02, 2.987760620117188e+02, 2.989326477050781e+02, 2.989671325683594e+02, 2.989707641601562e+02, 2.989744873046875e+02, 2.989752197265625e+02, 2.989776611328125e+02, 2.989878234863281e+02, 2.990057373046875e+02, 2.990284118652344e+02, 2.990514831542969e+02, 2.990930480957031e+02, 2.991042175292969e+02, 2.9909130859375e+02, 2.990971374511719e+02, 2.991045837402344e+02, 2.991499938964844e+02, 2.991499633789062e+02, 2.991499328613281e+02, 2.991499938964844e+02, 2.991499938964844e+02, 2.991499938964844e+02, 2.991544189453125e+02, 2.991510620117188e+02, 2.991500549316406e+02, 2.991499328613281e+02, 2.991499633789062e+02, 2.991507263183594e+02, 2.991504211425781e+02, 2.991500244140625e+02, 2.99150146484375e+02, 2.991500854492188e+02, 2.991485900878906e+02, 2.991497802734375e+02, 2.991499633789062e+02, 2.991500549316406e+02, 2.991500244140625e+02, 2.991496276855469e+02, 2.991498413085938e+02, 2.991499938964844e+02, 2.991500244140625e+02, 2.991499938964844e+02, 2.991570129394531e+02, 2.991510009765625e+02, 2.991500549316406e+02, 2.991499633789062e+02, 2.991499938964844e+02, 2.991506652832031e+02, 2.991503601074219e+02, 2.991500244140625e+02, 2.99150146484375e+02, 2.991500549316406e+02, 2.991484069824219e+02, 2.991497497558594e+02, 2.991499633789062e+02, 2.991500549316406e+02, 2.991500244140625e+02, 2.991495971679688e+02, 2.991498107910156e+02, 2.991499938964844e+02, 2.991500244140625e+02, 2.991499938964844e+02, 2.991584167480469e+02, 2.991509094238281e+02, 2.991500549316406e+02, 2.991499328613281e+02, 2.991499938964844e+02, 2.991505432128906e+02, 2.991503601074219e+02, 2.991500244140625e+02, 2.991501770019531e+02, 2.991500854492188e+02, 2.991486206054688e+02, 2.991497192382812e+02, 2.991499633789062e+02, 2.991500549316406e+02, 2.991500244140625e+02]
flo.TAirSou=[2.751499938964844e+02, 2.968068237304688e+02, 2.969759826660156e+02, 2.969477233886719e+02, 2.9693408203125e+02, 2.975163269042969e+02, 2.9819775390625e+02, 2.987835998535156e+02, 2.991517028808594e+02, 2.99150146484375e+02, 2.991510925292969e+02, 2.991513977050781e+02, 2.991499633789062e+02, 2.991504516601562e+02, 2.991505737304688e+02, 2.991483764648438e+02, 2.991448974609375e+02, 2.98991943359375e+02, 2.990273132324219e+02, 2.991170959472656e+02, 2.991497497558594e+02, 2.988948669433594e+02, 2.987809448242188e+02, 2.988377990722656e+02, 2.988056335449219e+02, 2.990606689453125e+02, 2.991522521972656e+02, 2.991510925292969e+02, 2.991504211425781e+02, 2.991499633789062e+02, 2.991500549316406e+02, 2.99150146484375e+02, 2.991492004394531e+02, 2.991498413085938e+02, 2.991500244140625e+02, 2.991498718261719e+02, 2.991481018066406e+02, 2.991499328613281e+02, 2.991488647460938e+02, 2.991499328613281e+02, 2.9914990234375e+02, 2.991492309570312e+02, 2.991495056152344e+02, 2.991498718261719e+02, 2.991498718261719e+02, 2.99150390625e+02, 2.991622009277344e+02, 2.991510009765625e+02, 2.991510314941406e+02, 2.991498413085938e+02, 2.991498718261719e+02, 2.991488342285156e+02, 2.991495361328125e+02, 2.991498107910156e+02, 2.991517639160156e+02, 2.991499938964844e+02, 2.991451110839844e+02, 2.991495361328125e+02, 2.99149169921875e+02, 2.991500244140625e+02, 2.991499633789062e+02, 2.991487731933594e+02, 2.991495971679688e+02, 2.991498107910156e+02, 2.991499633789062e+02, 2.991502685546875e+02, 2.991614379882812e+02, 2.991521606445312e+02, 2.991506652832031e+02, 2.991497497558594e+02, 2.991499328613281e+02, 2.991495056152344e+02, 2.991490173339844e+02, 2.991516723632812e+02, 2.9914990234375e+02, 2.991490783691406e+02, 2.991444091796875e+02, 2.991493530273438e+02, 2.991494445800781e+02, 2.991499633789062e+02, 2.991499328613281e+02, 2.991484985351562e+02, 2.991495666503906e+02, 2.991498413085938e+02, 2.991498718261719e+02, 2.991503295898438e+02, 2.991605224609375e+02, 2.991528930664062e+02, 2.991507873535156e+02, 2.991500244140625e+02, 2.991513061523438e+02, 2.991497192382812e+02, 2.991521301269531e+02, 2.991469421386719e+02, 2.991497192382812e+02, 2.991499938964844e+02, 2.991445617675781e+02, 2.991490783691406e+02, 2.991497802734375e+02, 2.991501159667969e+02, 2.991499938964844e+02]
flo.TAirNor=[2.751499938964844e+02, 2.967688903808594e+02, 2.969434204101562e+02, 2.969336853027344e+02, 2.969786682128906e+02, 2.976723022460938e+02, 2.982125244140625e+02, 2.987413024902344e+02, 2.991485290527344e+02, 2.991502685546875e+02, 2.991502685546875e+02, 2.991510925292969e+02, 2.991505126953125e+02, 2.991502685546875e+02, 2.991499938964844e+02, 2.991495971679688e+02, 2.991470031738281e+02, 2.988926391601562e+02, 2.989351501464844e+02, 2.99041259765625e+02, 2.990903015136719e+02, 2.988183288574219e+02, 2.987232971191406e+02, 2.987752380371094e+02, 2.988279418945312e+02, 2.991509399414062e+02, 2.991513977050781e+02, 2.991509399414062e+02, 2.991502990722656e+02, 2.991500854492188e+02, 2.991500854492188e+02, 2.991512451171875e+02, 2.991504821777344e+02, 2.9914990234375e+02, 2.991499938964844e+02, 2.991497802734375e+02, 2.991430969238281e+02, 2.991493835449219e+02, 2.991497497558594e+02, 2.991499328613281e+02, 2.991498718261719e+02, 2.991493835449219e+02, 2.991495666503906e+02, 2.991498718261719e+02, 2.991498107910156e+02, 2.991503601074219e+02, 2.991608276367188e+02, 2.991525268554688e+02, 2.991502075195312e+02, 2.991499633789062e+02, 2.991499633789062e+02, 2.991509704589844e+02, 2.991509094238281e+02, 2.991498718261719e+02, 2.99150146484375e+02, 2.991499633789062e+02, 2.9914404296875e+02, 2.991495971679688e+02, 2.991492004394531e+02, 2.991499938964844e+02, 2.991499633789062e+02, 2.9914892578125e+02, 2.991496276855469e+02, 2.991498107910156e+02, 2.991498413085938e+02, 2.991502380371094e+02, 2.991603088378906e+02, 2.991520080566406e+02, 2.991505126953125e+02, 2.991499938964844e+02, 2.991499938964844e+02, 2.991510620117188e+02, 2.991504821777344e+02, 2.991502075195312e+02, 2.991498413085938e+02, 2.9914990234375e+02, 2.991424560546875e+02, 2.991493835449219e+02, 2.991494750976562e+02, 2.991499633789062e+02, 2.991499328613281e+02, 2.991486511230469e+02, 2.991496276855469e+02, 2.991498413085938e+02, 2.991497497558594e+02, 2.991502990722656e+02, 2.991594848632812e+02, 2.991523742675781e+02, 2.99150390625e+02, 2.991501159667969e+02, 2.991499938964844e+02, 2.991507568359375e+02, 2.991509399414062e+02, 2.991497497558594e+02, 2.991500244140625e+02, 2.991499633789062e+02, 2.991450500488281e+02, 2.991495056152344e+02, 2.991498107910156e+02, 2.991501159667969e+02, 2.991499938964844e+02]
flo.TAirEas=[2.751499938964844e+02, 2.969373168945312e+02, 2.970007019042969e+02, 2.970296020507812e+02, 2.972234191894531e+02, 2.982493286132812e+02, 2.989792785644531e+02, 2.991533508300781e+02, 2.991509399414062e+02, 2.991506042480469e+02, 2.991502685546875e+02, 2.991510314941406e+02, 2.991504211425781e+02, 2.991502075195312e+02, 2.991500244140625e+02, 2.991495971679688e+02, 2.991463928222656e+02, 2.991339111328125e+02, 2.991502380371094e+02, 2.991504821777344e+02, 2.991497802734375e+02, 2.990539245605469e+02, 2.989655151367188e+02, 2.989903259277344e+02, 2.990729675292969e+02, 2.991499938964844e+02, 2.991600341796875e+02, 2.991513366699219e+02, 2.991494445800781e+02, 2.991507568359375e+02, 2.991501159667969e+02, 2.99151123046875e+02, 2.991502075195312e+02, 2.991498107910156e+02, 2.991500549316406e+02, 2.991498718261719e+02, 2.99148193359375e+02, 2.991492614746094e+02, 2.991497192382812e+02, 2.991499328613281e+02, 2.9914990234375e+02, 2.991490173339844e+02, 2.991493835449219e+02, 2.991498413085938e+02, 2.99149658203125e+02, 2.991499938964844e+02, 2.991779479980469e+02, 2.991543884277344e+02, 2.99149658203125e+02, 2.991508178710938e+02, 2.991499938964844e+02, 2.99150634765625e+02, 2.991506652832031e+02, 2.991498107910156e+02, 2.991502075195312e+02, 2.991499633789062e+02, 2.991452331542969e+02, 2.991494445800781e+02, 2.99149169921875e+02, 2.991500244140625e+02, 2.991499633789062e+02, 2.991486206054688e+02, 2.991495056152344e+02, 2.991498107910156e+02, 2.99149658203125e+02, 2.991498107910156e+02, 2.991751708984375e+02, 2.991533813476562e+02, 2.9914990234375e+02, 2.991509704589844e+02, 2.991500244140625e+02, 2.991507873535156e+02, 2.99150146484375e+02, 2.991501770019531e+02, 2.991499328613281e+02, 2.991499633789062e+02, 2.991452941894531e+02, 2.991492614746094e+02, 2.991494445800781e+02, 2.991499938964844e+02, 2.991499328613281e+02, 2.991483459472656e+02, 2.991494750976562e+02, 2.991498107910156e+02, 2.991495666503906e+02, 2.991497192382812e+02, 2.991655578613281e+02, 2.991505432128906e+02, 2.991501159667969e+02, 2.991506042480469e+02, 2.991500244140625e+02, 2.991504211425781e+02, 2.991507263183594e+02, 2.991497192382812e+02, 2.991501159667969e+02, 2.991499938964844e+02, 2.991445617675781e+02, 2.991490173339844e+02, 2.991497802734375e+02, 2.99150146484375e+02, 2.991499938964844e+02]
flo.TAirWes=[2.751499938964844e+02, 2.96918701171875e+02, 2.971221618652344e+02, 2.971044311523438e+02, 2.970694580078125e+02, 2.975989379882812e+02, 2.982335205078125e+02, 2.987983703613281e+02, 2.991511535644531e+02, 2.991502075195312e+02, 2.991502685546875e+02, 2.991556396484375e+02, 2.991547546386719e+02, 2.991501770019531e+02, 2.991504211425781e+02, 2.991496887207031e+02, 2.991460266113281e+02, 2.991219787597656e+02, 2.991502380371094e+02, 2.991501770019531e+02, 2.991497497558594e+02, 2.990351867675781e+02, 2.989436340332031e+02, 2.989742736816406e+02, 2.989391479492188e+02, 2.991311950683594e+02, 2.991520690917969e+02, 2.991519775390625e+02, 2.99150634765625e+02, 2.991492309570312e+02, 2.991505126953125e+02, 2.991589660644531e+02, 2.991561584472656e+02, 2.991511840820312e+02, 2.991485900878906e+02, 2.991495666503906e+02, 2.991296997070312e+02, 2.991487426757812e+02, 2.991499328613281e+02, 2.991498107910156e+02, 2.991498718261719e+02, 2.9914892578125e+02, 2.991493225097656e+02, 2.991498413085938e+02, 2.9914990234375e+02, 2.991504211425781e+02, 2.991616821289062e+02, 2.991557922363281e+02, 2.991478271484375e+02, 2.991505737304688e+02, 2.991503295898438e+02, 2.991586303710938e+02, 2.991596069335938e+02, 2.991502380371094e+02, 2.991483764648438e+02, 2.991496276855469e+02, 2.991377868652344e+02, 2.991492309570312e+02, 2.99149169921875e+02, 2.991500244140625e+02, 2.991499633789062e+02, 2.991485290527344e+02, 2.991493225097656e+02, 2.991496887207031e+02, 2.991502990722656e+02, 2.99150390625e+02, 2.991612854003906e+02, 2.991529846191406e+02, 2.991506042480469e+02, 2.991487426757812e+02, 2.991500244140625e+02, 2.991608276367188e+02, 2.99158203125e+02, 2.991499328613281e+02, 2.991500854492188e+02, 2.991494750976562e+02, 2.991333923339844e+02, 2.9914892578125e+02, 2.991486511230469e+02, 2.991501159667969e+02, 2.991498718261719e+02, 2.991482543945312e+02, 2.991494140625e+02, 2.991498107910156e+02, 2.991495666503906e+02, 2.991504821777344e+02, 2.991604309082031e+02, 2.991525573730469e+02, 2.991533508300781e+02, 2.991500854492188e+02, 2.991499938964844e+02, 2.991570739746094e+02, 2.991586303710938e+02, 2.991498718261719e+02, 2.991495056152344e+02, 2.991499328613281e+02, 2.991423034667969e+02, 2.991489868164062e+02, 2.991497802734375e+02, 2.991501770019531e+02, 2.991500244140625e+02]
hea[1].conPID.y=[1e+00, 0e+00, 0e+00, 0e+00, 0e+00, 0e+00, 0e+00, 0e+00, 0e+00, 0e+00, 0e+00, 0e+00, 0e+00, 0e+00, 0e+00, 0e+00, 0e+00, 0e+00, 0e+00, 0e+00, 0e+00, 0e+00, 0e+00, 0e+00, 0e+00, 0e+00, 0e+00, 0e+00, 0e+00, 0e+00, 0e+00, 0e+00, 0e+00, 0e+00, 0e+00, 0e+00, 0e+00, 0e+00, 0e+00, 0e+00, 0e+00, 0e+00, 0e+00, 0e+00, 0e+00, 0e+00, 0e+00, 0e+00, 0e+00, 0e+00, 0e+00, 0e+00, 0e+00, 0e+00, 0e+00, 0e+00, 0e+00, 0e+00, 0e+00, 0e+00, 0e+00, 0e+00, 0e+00, 0e+00, 0e+00, 0e+00, 0e+00, 0e+00, 0e+00, 0e+00, 0e+00, 0e+00, 0e+00, 0e+00, 0e+00, 0e+00, 0e+00, 0e+00, 0e+00, 0e+00, 0e+00, 0e+00, 0e+00, 0e+00, 0e+00, 0e+00, 0e+00, 0e+00, 0e+00, 0e+00, 0e+00, 0e+00, 0e+00, 0e+00, 0e+00, 0e+00, 0e+00, 0e+00, 0e+00, 0e+00, 0e+00]
hea[2].conPID.y=[1e+00, 0e+00, 0e+00, 0e+00, 0e+00, 0e+00, 0e+00, 0e+00, 0e+00, 0e+00, 0e+00, 0e+00, 0e+00, 0e+00, 0e+00, 0e+00, 0e+00, 0e+00, 0e+00, 0e+00, 0e+00, 0e+00, 0e+00, 0e+00, 0e+00, 0e+00, 0e+00, 0e+00, 0e+00, 0e+00, 0e+00, 0e+00, 0e+00, 0e+00, 0e+00, 0e+00, 0e+00, 0e+00, 0e+00, 0e+00, 0e+00, 0e+00, 0e+00, 0e+00, 0e+00, 0e+00, 0e+00, 0e+00, 0e+00, 0e+00, 0e+00, 0e+00, 0e+00, 0e+00, 0e+00, 0e+00, 0e+00, 0e+00, 0e+00, 0e+00, 0e+00, 0e+00, 0e+00, 0e+00, 0e+00, 0e+00, 0e+00, 0e+00, 0e+00, 0e+00, 0e+00, 0e+00, 0e+00, 0e+00, 0e+00, 0e+00, 0e+00, 0e+00, 0e+00, 0e+00, 0e+00, 0e+00, 0e+00, 0e+00, 0e+00, 0e+00, 0e+00, 0e+00, 0e+00, 0e+00, 0e+00, 0e+00, 0e+00, 0e+00, 0e+00, 0e+00, 0e+00, 0e+00, 0e+00, 0e+00, 0e+00]
hea[3].conPID.y=[1e+00, 0e+00, 0e+00, 0e+00, 0e+00, 0e+00, 0e+00, 0e+00, 0e+00, 0e+00, 0e+00, 0e+00, 0e+00, 0e+00, 0e+00, 0e+00, 0e+00, 0e+00, 0e+00, 0e+00, 0e+00, 0e+00, 0e+00, 0e+00, 0e+00, 0e+00, 0e+00, 0e+00, 0e+00, 0e+00, 0e+00, 0e+00, 0e+00, 0e+00, 0e+00, 0e+00, 0e+00, 0e+00, 0e+00, 0e+00, 0e+00, 0e+00, 0e+00, 0e+00, 0e+00, 0e+00, 0e+00, 0e+00, 0e+00, 0e+00, 0e+00, 0e+00, 0e+00, 0e+00, 0e+00, 0e+00, 0e+00, 0e+00, 0e+00, 0e+00, 0e+00, 0e+00, 0e+00, 0e+00, 0e+00, 0e+00, 0e+00, 0e+00, 0e+00, 0e+00, 0e+00, 0e+00, 0e+00, 0e+00, 0e+00, 0e+00, 0e+00, 0e+00, 0e+00, 0e+00, 0e+00, 0e+00, 0e+00, 0e+00, 0e+00, 0e+00, 0e+00, 0e+00, 0e+00, 0e+00, 0e+00, 0e+00, 0e+00, 0e+00, 0e+00, 0e+00, 0e+00, 0e+00, 0e+00, 0e+00, 0e+00]
hea[4].conPID.y=[1e+00, 0e+00, 0e+00, 0e+00, 0e+00, 0e+00, 0e+00, 0e+00, 0e+00, 0e+00, 0e+00, 0e+00, 0e+00, 0e+00, 0e+00, 0e+00, 0e+00, 0e+00, 0e+00, 0e+00, 0e+00, 0e+00, 0e+00, 0e+00, 0e+00, 0e+00, 0e+00, 0e+00, 0e+00, 0e+00, 0e+00, 0e+00, 0e+00, 0e+00, 0e+00, 0e+00, 0e+00, 0e+00, 0e+00, 0e+00, 0e+00, 0e+00, 0e+00, 0e+00, 0e+00, 0e+00, 0e+00, 0e+00, 0e+00, 0e+00, 0e+00, 0e+00, 0e+00, 0e+00, 0e+00, 0e+00, 0e+00, 0e+00, 0e+00, 0e+00, 0e+00, 0e+00, 0e+00, 0e+00, 0e+00, 0e+00, 0e+00, 0e+00, 0e+00, 0e+00, 0e+00, 0e+00, 0e+00, 0e+00, 0e+00, 0e+00, 0e+00, 0e+00, 0e+00, 0e+00, 0e+00, 0e+00, 0e+00, 0e+00, 0e+00, 0e+00, 0e+00, 0e+00, 0e+00, 0e+00, 0e+00, 0e+00, 0e+00, 0e+00, 0e+00, 0e+00, 0e+00, 0e+00, 0e+00, 0e+00, 0e+00]
hea[5].conPID.y=[1e+00, 0e+00, 0e+00, 0e+00, 0e+00, 0e+00, 0e+00, 0e+00, 0e+00, 0e+00, 0e+00, 0e+00, 0e+00, 0e+00, 0e+00, 0e+00, 0e+00, 0e+00, 0e+00, 0e+00, 0e+00, 0e+00, 0e+00, 0e+00, 0e+00, 0e+00, 0e+00, 0e+00, 0e+00, 0e+00, 0e+00, 0e+00, 0e+00, 0e+00, 0e+00, 0e+00, 0e+00, 0e+00, 0e+00, 0e+00, 0e+00, 0e+00, 0e+00, 0e+00, 0e+00, 0e+00, 0e+00, 0e+00, 0e+00, 0e+00, 0e+00, 0e+00, 0e+00, 0e+00, 0e+00, 0e+00, 0e+00, 0e+00, 0e+00, 0e+00, 0e+00, 0e+00, 0e+00, 0e+00, 0e+00, 0e+00, 0e+00, 0e+00, 0e+00, 0e+00, 0e+00, 0e+00, 0e+00, 0e+00, 0e+00, 0e+00, 0e+00, 0e+00, 0e+00, 0e+00, 0e+00, 0e+00, 0e+00, 0e+00, 0e+00, 0e+00, 0e+00, 0e+00, 0e+00, 0e+00, 0e+00, 0e+00, 0e+00, 0e+00, 0e+00, 0e+00, 0e+00, 0e+00, 0e+00, 0e+00, 0e+00]
flo.sou.heaPorAir.Q_flow=[7.9415e+03, 0e+00, 0e+00, 0e+00, 0e+00, 0e+00, 0e+00, 0e+00, -1.802647399902344e+02, -5.922145385742188e+02, -7.347512817382812e+02, -8.88210693359375e+02, -1.0507275390625e+03, -1.098548095703125e+03, -1.075308349609375e+03, -5.409605102539062e+02, -2.837148132324219e+02, 0e+00, 0e+00, 0e+00, -3.875501871109009e+00, 0e+00, 0e+00, 0e+00, 0e+00, 0e+00, -1.337703094482422e+02, -3.080665283203125e+02, -5.203807983398438e+02, -7.76447509765625e+02, -9.562144775390625e+02, -1.054478393554688e+03, -1.001792297363281e+03, -9.10620849609375e+02, -8.92137939453125e+02, -7.778458251953125e+02, -5.9772021484375e+02, -4.982543334960938e+02, -4.157289428710938e+02, -3.364159545898438e+02, -3.272919311523438e+02, -2.578623046875e+02, -1.889236755371094e+02, -1.203440475463867e+02, -8.240750885009766e+01, -2.417969970703125e+02, -1.409795776367188e+03, -1.907372802734375e+03, -2.22472314453125e+03, -2.542901611328125e+03, -2.92300634765625e+03, -2.900851318359375e+03, -2.83251806640625e+03, -2.7779189453125e+03, -2.220033203125e+03, -1.4282509765625e+03, -1.136106201171875e+03, -9.46972412109375e+02, -7.630142822265625e+02, -5.952427368164062e+02, -5.140401000976562e+02, -4.142030029296875e+02, -3.288654174804688e+02, -2.559624328613281e+02, -1.991662445068359e+02, -3.574682006835938e+02, -1.480337036132812e+03, -1.926142700195312e+03, -2.24063671875e+03, -2.58445849609375e+03, -2.64301123046875e+03, -2.892799560546875e+03, -2.814778564453125e+03, -2.957015625e+03, -2.2510791015625e+03, -1.706002319335938e+03, -1.14384765625e+03, -9.59883056640625e+02, -7.880477905273438e+02, -6.530372924804688e+02, -5.442324829101562e+02, -4.347568359375e+02, -3.197041015625e+02, -2.488586120605469e+02, -2.002515869140625e+02, -3.370711669921875e+02, -1.511234252929688e+03, -1.923486450195312e+03, -2.299025146484375e+03, -2.627042724609375e+03, -2.79457666015625e+03, -3.32046142578125e+03, -3.4969833984375e+03, -3.191156982421875e+03, -2.026681030273438e+03, -1.459705200195312e+03, -1.09282568359375e+03, -7.512531127929688e+02, -6.028428955078125e+02, -4.985394287109375e+02, -4.444286804199219e+02]
flo.eas.heaPorAir.Q_flow=[4.711e+03, 0e+00, 0e+00, 0e+00, 0e+00, 0e+00, 0e+00, -2.174701538085938e+02, -5.880554809570312e+02, -5.092904968261719e+02, -3.892625732421875e+02, -4.633887329101562e+02, -5.043306579589844e+02, -5.18818603515625e+02, -4.211099548339844e+02, -2.83046630859375e+02, -1.988063049316406e+02, 0e+00, -2.225102806091309e+01, -7.007207489013672e+01, -8.231443786621094e+01, 0e+00, 0e+00, 0e+00, 0e+00, -5.407228393554688e+02, -1.184148071289062e+03, -1.429882446289062e+03, -1.198961791992188e+03, -7.529866943359375e+02, -6.788533325195312e+02, -7.295563354492188e+02, -7.674193725585938e+02, -7.190370483398438e+02, -6.767991943359375e+02, -5.942742919921875e+02, -4.989328308105469e+02, -4.260517272949219e+02, -3.671234436035156e+02, -3.222145080566406e+02, -3.10480712890625e+02, -2.61368896484375e+02, -2.098617248535156e+02, -1.602436370849609e+02, -1.687396850585938e+02, -4.459127807617188e+02, -1.641046508789062e+03, -2.202596923828125e+03, -2.1421875e+03, -1.759066528320312e+03, -1.62576708984375e+03, -1.77966748046875e+03, -1.816596313476562e+03, -1.797747680664062e+03, -1.30341943359375e+03, -9.673289794921875e+02, -8.009108276367188e+02, -6.843359375e+02, -5.683234252929688e+02, -4.620449829101562e+02, -4.064008483886719e+02, -3.3963232421875e+02, -2.817579956054688e+02, -2.317858276367188e+02, -2.352022399902344e+02, -5.66712646484375e+02, -1.79730224609375e+03, -2.30381689453125e+03, -2.216061767578125e+03, -1.786723266601562e+03, -1.613313720703125e+03, -1.759926513671875e+03, -1.778771240234375e+03, -1.78415283203125e+03, -1.281950927734375e+03, -9.95705322265625e+02, -7.968922729492188e+02, -6.891629638671875e+02, -5.809666137695312e+02, -4.929681701660156e+02, -4.214982604980469e+02, -3.495462341308594e+02, -2.747192687988281e+02, -2.261835327148438e+02, -2.386314544677734e+02, -6.036697387695312e+02, -1.735851440429688e+03, -1.871819458007812e+03, -1.863409057617188e+03, -1.765215087890625e+03, -1.6097607421875e+03, -1.772002807617188e+03, -1.834510864257812e+03, -1.792525634765625e+03, -1.292613525390625e+03, -9.769296875e+02, -7.620430908203125e+02, -5.557090454101562e+02, -4.621699523925781e+02, -3.935736389160156e+02, -3.550287170410156e+02]
flo.nor.heaPorAir.Q_flow=[7.9415e+03, 0e+00, 0e+00, 0e+00, 0e+00, 0e+00, 0e+00, 0e+00, 0e+00, -3.134731750488281e+02, -2.268870849609375e+02, -3.70760986328125e+02, -4.471763610839844e+02, -5.024815979003906e+02, -3.7714892578125e+02, -1.868038482666016e+02, -7.974864959716797e+01, 0e+00, 0e+00, 0e+00, 0e+00, 0e+00, 0e+00, 0e+00, 0e+00, -4.631446838378906e+01, -1.081710739135742e+02, -2.572569885253906e+02, -3.858269958496094e+02, -4.49269775390625e+02, -5.130646362304688e+02, -6.230292358398438e+02, -7.129622802734375e+02, -7.008814086914062e+02, -7.038014526367188e+02, -7.616373901367188e+02, -5.3870849609375e+02, -4.08694580078125e+02, -3.329095153808594e+02, -2.829896545410156e+02, -2.863229370117188e+02, -2.312838745117188e+02, -1.687247924804688e+02, -1.089644012451172e+02, -9.918506622314453e+01, -2.841957397460938e+02, -1.346281127929688e+03, -1.814931884765625e+03, -2.04387939453125e+03, -2.17599072265625e+03, -2.1299169921875e+03, -2.4174541015625e+03, -2.5090927734375e+03, -2.534082275390625e+03, -1.7756474609375e+03, -1.342159423828125e+03, -1.043020385742188e+03, -8.64098388671875e+02, -6.957994384765625e+02, -5.436453857421875e+02, -4.714314575195312e+02, -3.819770812988281e+02, -3.040750122070312e+02, -2.375594329833984e+02, -2.152486267089844e+02, -4.199259033203125e+02, -1.434188598632812e+03, -1.842075561523438e+03, -2.0704130859375e+03, -2.20052783203125e+03, -2.109769775390625e+03, -2.3867490234375e+03, -2.45210400390625e+03, -2.5175615234375e+03, -1.752288452148438e+03, -1.429624633789062e+03, -1.054352905273438e+03, -8.744716186523438e+02, -7.164913330078125e+02, -5.94267578125e+02, -4.951275939941406e+02, -3.976159057617188e+02, -2.923664245605469e+02, -2.280528564453125e+02, -2.167644348144531e+02, -4.125975341796875e+02, -1.465121826171875e+03, -1.835866333007812e+03, -2.135558349609375e+03, -2.33877685546875e+03, -2.189888671875e+03, -2.481071044921875e+03, -2.610353271484375e+03, -2.59340576171875e+03, -1.819668212890625e+03, -1.342729370117188e+03, -1.001576477050781e+03, -6.742196655273438e+02, -5.548956298828125e+02, -4.610738220214844e+02, -4.141241149902344e+02]
flo.wes.heaPorAir.Q_flow=[4.711e+03, 0e+00, 0e+00, 0e+00, 0e+00, 0e+00, 0e+00, 0e+00, -6.839710998535156e+01, -2.505621490478516e+02, -2.158583984375e+02, -3.468363647460938e+02, -6.999815673828125e+02, -1.046283203125e+03, -5.930264282226562e+02, -2.868573913574219e+02, -1.814734802246094e+02, 0e+00, -4.468318939208984e+00, -5.176195907592773e+01, -7.04832763671875e+01, 0e+00, 0e+00, 0e+00, 0e+00, 0e+00, -1.125701141357422e+02, -3.021924438476562e+02, -4.843316040039062e+02, -4.645606994628906e+02, -6.05519775390625e+02, -7.774389038085938e+02, -1.241572875976562e+03, -1.710665161132812e+03, -1.77738818359375e+03, -1.4647734375e+03, -6.992261962890625e+02, -5.027680053710938e+02, -4.338576049804688e+02, -4.105623474121094e+02, -3.761293334960938e+02, -3.23337646484375e+02, -2.670665283203125e+02, -2.124618530273438e+02, -1.781974182128906e+02, -2.6269580078125e+02, -9.3094873046875e+02, -1.312616821289062e+03, -1.515479858398438e+03, -1.588326904296875e+03, -1.537722045898438e+03, -1.867875610351562e+03, -2.448557861328125e+03, -2.898015869140625e+03, -2.155922607421875e+03, -1.569059448242188e+03, -1.017212951660156e+03, -7.43679443359375e+02, -6.222881469726562e+02, -5.143154907226562e+02, -4.56903564453125e+02, -3.826690063476562e+02, -3.207629699707031e+02, -2.553224182128906e+02, -2.239893188476562e+02, -3.047982788085938e+02, -9.80724609375e+02, -1.289522705078125e+03, -1.489240356445312e+03, -1.629997924804688e+03, -1.599678466796875e+03, -1.858518798828125e+03, -2.46942578125e+03, -2.88964306640625e+03, -2.400764404296875e+03, -1.74279736328125e+03, -1.009592407226562e+03, -7.8107373046875e+02, -6.637954711914062e+02, -5.788848266601562e+02, -4.982367858886719e+02, -4.189515991210938e+02, -3.388860778808594e+02, -2.848803405761719e+02, -2.359419860839844e+02, -3.032807922363281e+02, -9.871055297851562e+02, -1.226018798828125e+03, -1.45391357421875e+03, -1.559349243164062e+03, -1.471883911132812e+03, -1.70949853515625e+03, -2.250355224609375e+03, -2.777535400390625e+03, -2.156231689453125e+03, -1.347401000976562e+03, -8.959171752929688e+02, -6.061207885742188e+02, -5.108871459960938e+02, -4.329221801757812e+02, -3.953649291992188e+02]
flo.cor.heaPorAir.Q_flow=[1.0476017578125e+04, 0e+00, 0e+00, 0e+00, 0e+00, 0e+00, 0e+00, 0e+00, 0e+00, 0e+00, 0e+00, 0e+00, 0e+00, 0e+00, 0e+00, 0e+00, 0e+00, 0e+00, 0e+00, 0e+00, 0e+00, 0e+00, 0e+00, 0e+00, 0e+00, 0e+00, 0e+00, 0e+00, 0e+00, 0e+00, 0e+00, 0e+00, 0e+00, 0e+00, 0e+00, 0e+00, 0e+00, 0e+00, 0e+00, 0e+00, -6.606015777587891e+01, -6.93050537109375e+01, -6.1407470703125e+01, -4.773715209960938e+01, -5.55810661315918e+01, -1.031649551391602e+02, -1.176889526367188e+03, -1.4525419921875e+03, -1.576247314453125e+03, -1.647321411132812e+03, -1.432093994140625e+03, -1.7668984375e+03, -1.832743041992188e+03, -1.893795776367188e+03, -1.045118286132812e+03, -6.851764526367188e+02, -5.437335205078125e+02, -4.807986145019531e+02, -4.061409606933594e+02, -3.425484008789062e+02, -2.874523010253906e+02, -2.507651672363281e+02, -2.217918243408203e+02, -1.916436614990234e+02, -1.8195263671875e+02, -2.147767791748047e+02, -1.286756469726562e+03, -1.55439794921875e+03, -1.661982666015625e+03, -1.72169384765625e+03, -1.489763061523438e+03, -1.811324096679688e+03, -1.87098583984375e+03, -1.9291318359375e+03, -1.0801591796875e+03, -7.263201293945312e+02, -5.806985473632812e+02, -5.072229919433594e+02, -4.284161682128906e+02, -3.628283386230469e+02, -3.060235290527344e+02, -2.66338134765625e+02, -2.329302215576172e+02, -2.043204040527344e+02, -1.945218353271484e+02, -2.310251922607422e+02, -1.31278662109375e+03, -1.565623901367188e+03, -1.671377075195312e+03, -1.74208251953125e+03, -1.511237426757812e+03, -1.83311328125e+03, -1.8869580078125e+03, -1.935418823242188e+03, -1.07970263671875e+03, -6.934019775390625e+02, -5.458084716796875e+02, -4.811703796386719e+02, -4.014914855957031e+02, -3.371452026367188e+02, -2.816974182128906e+02]
EHea.y=[0e+00, 1.7350586e+07, 1.7350586e+07, 1.7350586e+07, 1.7350586e+07, 1.7350586e+07, 1.7350586e+07, 1.7350586e+07, 1.7350586e+07, 1.7350586e+07, 1.7350586e+07, 1.7350586e+07, 1.7350586e+07, 1.7350586e+07, 1.7350586e+07, 1.7350586e+07, 1.7350586e+07, 1.7350586e+07, 1.7350586e+07, 1.7350586e+07, 1.7350586e+07, 1.7350586e+07, 1.7350586e+07, 1.7350586e+07, 1.7350586e+07, 1.7350586e+07, 1.7350586e+07, 1.7350586e+07, 1.7350586e+07, 1.7350586e+07, 1.7350586e+07, 1.7350586e+07, 1.7350586e+07, 1.7350586e+07, 1.7350586e+07, 1.7350586e+07, 1.7350586e+07, 1.7350586e+07, 1.7350586e+07, 1.7350586e+07, 1.7350586e+07, 1.7350586e+07, 1.7350586e+07, 1.7350586e+07, 1.7350586e+07, 1.7350586e+07, 1.7350586e+07, 1.7350586e+07, 1.7350586e+07, 1.7350586e+07, 1.7350586e+07, 1.7350586e+07, 1.7350586e+07, 1.7350586e+07, 1.7350586e+07, 1.7350586e+07, 1.7350586e+07, 1.7350586e+07, 1.7350586e+07, 1.7350586e+07, 1.7350586e+07, 1.7350586e+07, 1.7350586e+07, 1.7350586e+07, 1.7350586e+07, 1.7350586e+07, 1.7350586e+07, 1.7350586e+07, 1.7350586e+07, 1.7350586e+07, 1.7350586e+07, 1.7350586e+07, 1.7350586e+07, 1.7350586e+07, 1.7350586e+07, 1.7350586e+07, 1.7350586e+07, 1.7350586e+07, 1.7350586e+07, 1.7350586e+07, 1.7350586e+07, 1.7350586e+07, 1.7350586e+07, 1.7350586e+07, 1.7350586e+07, 1.7350586e+07, 1.7350586e+07, 1.7350586e+07, 1.7350586e+07, 1.7350586e+07, 1.7350586e+07, 1.7350586e+07, 1.7350586e+07, 1.7350586e+07, 1.7350586e+07, 1.7350586e+07, 1.7350586e+07, 1.7350586e+07, 1.7350586e+07, 1.7350586e+07, 1.7350586e+07]
ECoo.y=[0e+00, -2.21154175e+06, -2.21154175e+06, -2.21154175e+06, -2.21154175e+06, -2.21154175e+06, -2.21154175e+06, -2.47614675e+06, -4.46298e+06, -1.0274482e+07, -1.6134471e+07, -2.396779e+07, -3.431396e+07, -4.7047252e+07, -5.9056556e+07, -6.7257424e+07, -7.201284e+07, -7.2739872e+07, -7.2791224e+07, -7.3083136e+07, -7.3784896e+07, -7.397764e+07, -7.397764e+07, -7.397764e+07, -7.397764e+07, -7.5052048e+07, -7.9624488e+07, -8.7929872e+07, -9.880408e+07, -1.09732464e+08, -1.2084528e+08, -1.3360316e+08, -1.484768e+08, -1.65343568e+08, -1.82994352e+08, -1.9959624e+08, -2.127044e+08, -2.21581232e+08, -2.29003728e+08, -2.35236528e+08, -2.4148024e+08, -2.4692152e+08, -2.51370256e+08, -2.54713472e+08, -2.57242944e+08, -2.61313744e+08, -2.73932736e+08, -3.06941376e+08, -3.46745216e+08, -3.8843888e+08, -4.2896176e+08, -4.7493088e+08, -5.22448288e+08, -5.73248512e+08, -6.15695296e+08, -6.4569376e+08, -6.68622208e+08, -6.86071872e+08, -7.01130688e+08, -7.12790464e+08, -7.22536576e+08, -7.30976e+08, -7.37940352e+08, -7.4371808e+08, -7.48315712e+08, -7.54584064e+08, -7.69287104e+08, -8.03937088e+08, -8.44248128e+08, -8.86796416e+08, -9.27415104e+08, -9.72765696e+08, -1.020366144e+09, -1.070982528e+09, -1.11501504e+09, -1.146939136e+09, -1.171318656e+09, -1.189180416e+09, -1.2046656e+09, -1.217117952e+09, -1.22765952e+09, -1.236600064e+09, -1.24370304e+09, -1.2495008e+09, -1.25424064e+09, -1.26058944e+09, -1.2758944e+09, -1.309347456e+09, -1.348366848e+09, -1.390583552e+09, -1.431522944e+09, -1.478331904e+09, -1.527975168e+09, -1.58170496e+09, -1.624911488e+09, -1.65379776e+09, -1.675730304e+09, -1.691040512e+09, -1.703249152e+09, -1.713167744e+09, -1.721683968e+09]
coo[1].conPID.y=[0e+00, 0e+00, 0e+00, 0e+00, 0e+00, 0e+00, 0e+00, 0e+00, 3.177871182560921e-02, 1.044009774923325e-01, 1.295286566019058e-01, 1.565818786621094e-01, 1.852318346500397e-01, 1.936620622873306e-01, 1.895651519298553e-01, 9.536544978618622e-02, 5.001583322882652e-02, 0e+00, 0e+00, 0e+00, 6.832088110968471e-04, 0e+00, 0e+00, 0e+00, 0e+00, 0e+00, 2.358224987983704e-02, 5.430877581238747e-02, 9.173747152090073e-02, 1.368792504072189e-01, 1.685702055692673e-01, 1.858930587768555e-01, 1.766050755977631e-01, 1.605325490236282e-01, 1.572742015123367e-01, 1.371257603168488e-01, 1.053715646266937e-01, 8.783681690692902e-02, 7.328848540782928e-02, 5.930647253990173e-02, 5.769800394773483e-02, 4.545831680297852e-02, 3.330518677830696e-02, 2.121534571051598e-02, 1.452754624187946e-02, 4.262617975473404e-02, 2.485316544771194e-01, 3.36249053478241e-01, 3.921944797039032e-01, 4.482858777046204e-01, 5.152941942214966e-01, 5.113884806632996e-01, 4.993420839309692e-01, 4.897168576717377e-01, 3.913677036762238e-01, 2.517850995063782e-01, 2.002831697463989e-01, 1.669409275054932e-01, 1.345111131668091e-01, 1.049348190426826e-01, 9.061967581510544e-02, 7.301948219537735e-02, 5.797538906335831e-02, 4.5123390853405e-02, 3.511084243655205e-02, 6.301774829626083e-02, 2.609673142433167e-01, 3.395580053329468e-01, 3.949998915195465e-01, 4.55611914396286e-01, 4.659340977668762e-01, 5.099691152572632e-01, 4.962148070335388e-01, 5.212896466255188e-01, 3.968407213687897e-01, 3.007496297359467e-01, 2.016478925943375e-01, 1.692169308662415e-01, 1.389242559671402e-01, 1.151233687996864e-01, 9.594226628541946e-02, 7.664290070533752e-02, 5.636035278439522e-02, 4.387106373906136e-02, 3.530217707157135e-02, 5.942197516560555e-02, 2.664141654968262e-01, 3.390897214412689e-01, 4.052931368350983e-01, 4.631190598011017e-01, 4.926534295082092e-01, 5.853611826896667e-01, 6.164801120758057e-01, 5.625662207603455e-01, 3.572818040847778e-01, 2.573301196098328e-01, 1.926532834768295e-01, 1.324377506971359e-01, 1.062746345996857e-01, 8.788707107305527e-02, 7.834794372320175e-02]
coo[2].conPID.y=[0e+00, 0e+00, 0e+00, 0e+00, 0e+00, 0e+00, 0e+00, 6.462708860635757e-02, 1.747564524412155e-01, 1.513493210077286e-01, 1.156798079609871e-01, 1.377083957195282e-01, 1.498753875494003e-01, 1.541808694601059e-01, 1.251441240310669e-01, 8.411490172147751e-02, 5.908062681555748e-02, 0e+00, 6.612489931285381e-03, 2.082379721105099e-02, 2.446194179356098e-02, 0e+00, 0e+00, 0e+00, 0e+00, 1.606903076171875e-01, 3.519013822078705e-01, 4.249279201030731e-01, 3.563036620616913e-01, 2.237701863050461e-01, 2.01739490032196e-01, 2.168072313070297e-01, 2.280592620372772e-01, 2.136811316013336e-01, 2.011290341615677e-01, 1.766045391559601e-01, 1.482712775468826e-01, 1.266126930713654e-01, 1.091005802154541e-01, 9.575468301773071e-02, 9.226766973733902e-02, 7.767277956008911e-02, 6.236603856086731e-02, 4.762069135904312e-02, 5.014552175998688e-02, 1.325149387121201e-01, 4.876810014247894e-01, 6.545608043670654e-01, 6.366084814071655e-01, 5.227538347244263e-01, 4.831402897834778e-01, 5.288758873939514e-01, 5.398502945899963e-01, 5.34248948097229e-01, 3.873460590839386e-01, 2.87467747926712e-01, 2.380121350288391e-01, 2.033687829971313e-01, 1.688925474882126e-01, 1.373090595006943e-01, 1.207729130983353e-01, 1.00930854678154e-01, 8.373194932937622e-02, 6.888137757778168e-02, 6.989665329456329e-02, 1.684138625860214e-01, 5.341165661811829e-01, 6.846410036087036e-01, 6.58562183380127e-01, 5.309727191925049e-01, 4.794394373893738e-01, 5.230093598365784e-01, 5.28609573841095e-01, 5.302088856697083e-01, 3.809660971164703e-01, 2.959005534648895e-01, 2.368179112672806e-01, 2.048032581806183e-01, 1.726498156785965e-01, 1.464987099170685e-01, 1.252595037221909e-01, 1.038770377635956e-01, 8.164019882678986e-02, 6.721650063991547e-02, 7.091573625802994e-02, 1.793966442346573e-01, 5.158548355102539e-01, 5.562613606452942e-01, 5.537619590759277e-01, 5.245810151100159e-01, 4.783836007118225e-01, 5.265981554985046e-01, 5.451741218566895e-01, 5.326970815658569e-01, 3.841347694396973e-01, 2.903208434581757e-01, 2.264615446329117e-01, 1.651438474655151e-01, 1.373461931943893e-01, 1.169609650969505e-01, 1.055063083767891e-01]
coo[3].conPID.y=[0e+00, 0e+00, 0e+00, 0e+00, 0e+00, 0e+00, 0e+00, 0e+00, 0e+00, 5.526190996170044e-02, 3.999772295355797e-02, 6.536112725734711e-02, 7.883232831954956e-02, 8.858203142881393e-02, 6.648725271224976e-02, 3.293148428201675e-02, 1.405881904065609e-02, 0e+00, 0e+00, 0e+00, 0e+00, 0e+00, 0e+00, 0e+00, 0e+00, 8.164736442267895e-03, 1.906938292086124e-02, 4.535160586237907e-02, 6.801709532737732e-02, 7.920137047767639e-02, 9.044770896434784e-02, 1.098332703113556e-01, 1.256874948740005e-01, 1.235577613115311e-01, 1.240725368261337e-01, 1.342683881521225e-01, 9.496844559907913e-02, 7.204840332269669e-02, 5.868832021951675e-02, 4.988799244165421e-02, 5.047561600804329e-02, 4.077282920479774e-02, 2.974434569478035e-02, 1.92092377692461e-02, 1.748524606227875e-02, 5.010061711072922e-02, 2.373347133398056e-01, 3.199527263641357e-01, 3.603136837482452e-01, 3.836034834384918e-01, 3.754811584949493e-01, 4.261708557605743e-01, 4.423257410526276e-01, 4.467311203479767e-01, 3.130273222923279e-01, 2.366081029176712e-01, 1.838731467723846e-01, 1.5233114361763e-01, 1.226618736982346e-01, 9.5838762819767e-02, 8.310823142528534e-02, 6.733840703964233e-02, 5.360511317849159e-02, 4.187914356589317e-02, 3.794598951935768e-02, 7.402836531400681e-02, 2.528318464756012e-01, 3.247378766536713e-01, 3.649912774562836e-01, 3.879291117191315e-01, 3.719294667243958e-01, 4.207578599452972e-01, 4.322792291641235e-01, 4.438187181949615e-01, 3.089093863964081e-01, 2.520272433757782e-01, 1.858709454536438e-01, 1.541598290205002e-01, 1.263096183538437e-01, 1.047629117965698e-01, 8.72856080532074e-02, 7.009536027908325e-02, 5.154101550579071e-02, 4.020323604345322e-02, 3.821320831775665e-02, 7.273644953966141e-02, 2.582850158214569e-01, 3.236432373523712e-01, 3.764756917953491e-01, 4.123009145259857e-01, 3.860535323619843e-01, 4.373858273029327e-01, 4.601768553256989e-01, 4.571891725063324e-01, 3.207876980304718e-01, 2.367085814476013e-01, 1.765670329332352e-01, 1.188575923442841e-01, 9.782205522060394e-02, 8.128229528665543e-02, 7.300557196140289e-02]
coo[4].conPID.y=[0e+00, 0e+00, 0e+00, 0e+00, 0e+00, 0e+00, 0e+00, 0e+00, 2.03260350972414e-02, 7.446125894784927e-02, 6.414811313152313e-02, 1.030717268586159e-01, 2.080183029174805e-01, 3.109311163425446e-01, 1.7623370885849e-01, 8.524736762046814e-02, 5.392971262335777e-02, 0e+00, 1.327880774624646e-03, 1.538245473057032e-02, 2.094599604606628e-02, 0e+00, 0e+00, 0e+00, 0e+00, 0e+00, 3.345322981476784e-02, 8.980458974838257e-02, 1.43932119011879e-01, 1.380566656589508e-01, 1.799464523792267e-01, 2.310368269681931e-01, 3.68966668844223e-01, 5.08370041847229e-01, 5.281985998153687e-01, 4.352967143058777e-01, 2.077938169240952e-01, 1.494109928607941e-01, 1.289324313402176e-01, 1.220096200704575e-01, 1.117769181728363e-01, 9.608845412731171e-02, 7.936598360538483e-02, 6.313873827457428e-02, 5.295614153146744e-02, 7.80671015381813e-02, 2.766563892364502e-01, 3.900793194770813e-01, 4.503655135631561e-01, 4.72013920545578e-01, 4.569753706455231e-01, 5.550893545150757e-01, 7.276546359062195e-01, 8.612231016159058e-01, 6.406902074813843e-01, 4.662881195545197e-01, 3.022921085357666e-01, 2.210042923688889e-01, 1.849296092987061e-01, 1.5284264087677e-01, 1.357811540365219e-01, 1.137203574180603e-01, 9.532331675291061e-02, 7.58759081363678e-02, 6.656443327665329e-02, 9.057898074388504e-02, 2.914486229419708e-01, 3.832162618637085e-01, 4.425677061080933e-01, 4.843975901603699e-01, 4.753873646259308e-01, 5.523086786270142e-01, 7.338560819625854e-01, 8.587349653244019e-01, 7.134515047073364e-01, 5.179189443588257e-01, 3.00027459859848e-01, 2.321169972419739e-01, 1.972646266222e-01, 1.720311492681503e-01, 1.480644196271896e-01, 1.245027035474777e-01, 1.00709080696106e-01, 8.465983718633652e-02, 7.011649012565613e-02, 9.012802690267563e-02, 2.933448851108551e-01, 3.643443584442139e-01, 4.320694208145142e-01, 4.634024500846863e-01, 4.374097883701324e-01, 5.080233216285706e-01, 6.687533855438232e-01, 8.254191279411316e-01, 6.407821178436279e-01, 4.004163444042206e-01, 2.662458121776581e-01, 1.801250576972961e-01, 1.518238186836243e-01, 1.286544352769852e-01, 1.174932941794395e-01]
coo[5].conPID.y=[0e+00, 0e+00, 0e+00, 0e+00, 0e+00, 0e+00, 0e+00, 0e+00, 0e+00, 0e+00, 0e+00, 0e+00, 0e+00, 0e+00, 0e+00, 0e+00, 0e+00, 0e+00, 0e+00, 0e+00, 0e+00, 0e+00, 0e+00, 0e+00, 0e+00, 0e+00, 0e+00, 0e+00, 0e+00, 0e+00, 0e+00, 0e+00, 0e+00, 0e+00, 0e+00, 0e+00, 0e+00, 0e+00, 0e+00, 0e+00, 8.828184567391872e-03, 9.261827915906906e-03, 8.206406608223915e-03, 6.379524245858192e-03, 7.427773904055357e-03, 1.378681603819132e-02, 1.57277837395668e-01, 1.94115623831749e-01, 2.106474190950394e-01, 2.201456725597382e-01, 1.913829892873764e-01, 2.361257672309875e-01, 2.449251562356949e-01, 2.530841529369354e-01, 1.396681070327759e-01, 9.156600385904312e-02, 7.266376912593842e-02, 6.425323337316513e-02, 5.427609756588936e-02, 4.577767476439476e-02, 3.841471299529076e-02, 3.351189568638802e-02, 2.963994070887566e-02, 2.561098337173462e-02, 2.431588806211948e-02, 2.870246022939682e-02, 1.719602793455124e-01, 2.077275067567825e-01, 2.221049815416336e-01, 2.30084702372551e-01, 1.990898102521896e-01, 2.420627474784851e-01, 2.500358819961548e-01, 2.578064203262329e-01, 1.443509161472321e-01, 9.706437587738037e-02, 7.760372012853622e-02, 6.778454780578613e-02, 5.72529211640358e-02, 4.848785698413849e-02, 4.089654609560966e-02, 3.559304773807526e-02, 3.112846054136753e-02, 2.730508521199226e-02, 2.599561773240566e-02, 3.087387420237064e-02, 1.754389107227325e-01, 2.092277258634567e-01, 2.233604341745377e-01, 2.328094094991684e-01, 2.019595950841904e-01, 2.449746280908585e-01, 2.521703541278839e-01, 2.586466073989868e-01, 1.442899107933044e-01, 9.266524016857147e-02, 7.294105738401413e-02, 6.430292129516602e-02, 5.3654745221138e-02, 4.505560174584389e-02, 3.764564171433449e-02]
