last-generated=2015-05-08
statistics-simulation={'numerical Jacobians': '0', 'nonlinear': ' ', 'number of continuous time states': '3', 'linear': ' '}
der(hLiqCod)=[4184., 4184.]
der(hLiqSym)=[4184., 4184., 4184., 4184., 4184., 4184., 4184., 4184., 4184., 4184., 4184., 4184., 4184., 4184., 4184., 4184., 4184., 4184., 4184., 4184., 4184., 4184., 4184., 4184., 4184., 4184., 4184., 4184., 4184., 4184., 4184., 4184., 4184., 4184., 4184., 4184., 4184., 4184., 4184., 4184., 4184., 4184., 4184., 4184., 4184., 4184., 4184., 4184., 4184., 4184., 4184., 4184., 4184., 4184., 4184., 4184., 4184., 4184., 4184., 4184., 4184., 4184., 4184., 4184., 4184., 4184., 4184., 4184., 4184., 4184., 4184., 4184., 4184., 4184., 4184., 4184., 4184., 4184., 4184., 4184., 4184., 4184., 4184., 4184., 4184., 4184., 4184., 4184., 4184., 4184., 4184., 4184., 4184., 4184., 4184., 4184., 4184., 4184., 4184., 4184., 4184.]
der(cvCod)=[0., 0.]
der(cpSym)=[0., 0., 0., 0., 0., 0., 0., 0., 0., 0., 0., 0., 0., 0., 0., 0., 0., 0., 0., 0., 0., 0., 0., 0., 0., 0., 0., 0., 0., 0., 0., 0., 0., 0., 0., 0., 0., 0., 0., 0., 0., 0., 0., 0., 0., 0., 0., 0., 0., 0., 0., 0., 0., 0., 0., 0., 0., 0., 0., 0., 0., 0., 0., 0., 0., 0., 0., 0., 0., 0., 0., 0., 0., 0., 0., 0., 0., 0., 0., 0., 0., 0., 0., 0., 0., 0., 0., 0., 0., 0., 0., 0., 0., 0., 0., 0., 0., 0., 0., 0., 0.]
time=[273.149993896484375, 373.149993896484375]
der(cpCod)=[0., 0.]
der(cvSym)=[0., 0., 0., 0., 0., 0., 0., 0., 0., 0., 0., 0., 0., 0., 0., 0., 0., 0., 0., 0., 0., 0., 0., 0., 0., 0., 0., 0., 0., 0., 0., 0., 0., 0., 0., 0., 0., 0., 0., 0., 0., 0., 0., 0., 0., 0., 0., 0., 0., 0., 0., 0., 0., 0., 0., 0., 0., 0., 0., 0., 0., 0., 0., 0., 0., 0., 0., 0., 0., 0., 0., 0., 0., 0., 0., 0., 0., 0., 0., 0., 0., 0., 0., 0., 0., 0., 0., 0., 0., 0., 0., 0., 0., 0., 0., 0., 0., 0., 0., 0., 0.]
