last-generated=2015-05-08
statistics-simulation={'numerical Jacobians': '0', 'nonlinear': ' ', 'linear': ' '}
cheRelHum.relHumOut=[0.73000001907348632812, 0.72000002861022949219, 0.95999997854232788086, 0.85000002384185791016, 0.76999998092651367188, 0.74000000953674316406, 0.52999997138977050781, 0.57999998331069946289, 0.49000000953674316406, 0.77999997138977050781, 0.95999997854232788086, 0.81999999284744262695, 0.58999997377395629883, 0.70999997854232788086, 0.91000002622604370117, 0.87999999523162841797, 0.80000001192092895508, 0.80000001192092895508, 0.85000002384185791016, 0.75, 0.85000002384185791016, 0.88999998569488525391, 0.85000002384185791016, 0.85000002384185791016, 0.85000002384185791016, 0.68000000715255737305, 0.5, 0.50999999046325683594, 0.92000001668930053711, 0.66000002622604370117, 0.92000001668930053711, 0.85000002384185791016, 0.66000002622604370117, 0.75, 0.72000002861022949219, 0.63999998569488525391, 0.62000000476837158203, 0.70999997854232788086, 0.63999998569488525391, 0.5, 0.75, 0.75999999046325683594, 0.79000002145767211914, 0.62000000476837158203, 0.72000002861022949219, 0.68000000715255737305, 0.57999998331069946289, 0.57999998331069946289, 0.73000001907348632812, 0.77999997138977050781, 0.74000000953674316406, 0.68000000715255737305, 0.62000000476837158203, 0.73000001907348632812, 0.82999998331069946289, 0.69999998807907104492, 0.73000001907348632812, 0.68999999761581420898, 0.75, 0.75, 0.75999999046325683594, 0.79000002145767211914, 0.88999998569488525391, 0.66000002622604370117, 0.62999999523162841797, 0.67000001668930053711, 0.86000001430511474609, 0.67000001668930053711, 0.73000001907348632812, 0.63999998569488525391, 0.75999999046325683594, 0.58999997377395629883, 0.88999998569488525391, 0.67000001668930053711, 0.79000002145767211914, 0.72000002861022949219, 0.87999999523162841797, 0.60000002384185791016, 0.60000002384185791016, 0.92000001668930053711, 0.51999998092651367188, 0.64999997615814208984, 0.93000000715255737305, 0.85000002384185791016, 0.92000001668930053711, 0.47999998927116394043, 0.87000000476837158203, 0.93000000715255737305, 0.88999998569488525391, 0.92000001668930053711, 0.75, 0.85000002384185791016, 0.76999998092651367188, 0.72000002861022949219, 0.98900002241134643555, 0.82999998331069946289, 0.49000000953674316406, 0.89999997615814208984, 0.95999997854232788086, 0.91000002622604370117, 0.43999999761581420898]
time=[0., 8640000.]
