last-generated=2015-05-08
statistics-initialization={'numerical Jacobians': '0', 'nonlinear': '14', 'linear': '15'}
statistics-simulation={'numerical Jacobians': '0', 'nonlinear': '15', 'linear': '14'}
Sloads=[-667., -675., -683., -691., -699., -707., -728.57574462890625, -750.1514892578125, -771.727294921875, -793.30303955078125, -814.8787841796875, -836.45452880859375, -858.0302734375, -879.6060791015625, -901.18182373046875, -922.757568359375, -944.33331298828125, -965.90911865234375, -987.48486328125, -1009.06060791015625, -1030.6363525390625, -1044.212158203125, -1051., -1051., -1051., -1051., -1051., -1051., -1051., -1051., -1051., -1051., -1051., -1051., -1051., -1051., -1051., -1051., -1051., -1051., -1051., -1043., -1035., -1027., -1019., -981.13336181640625, -977.66668701171875, -974.20001220703125, -970.73333740234375, -967.26666259765625, -963.79998779296875, -960.33331298828125, -971.79998779296875, -998.20001220703125, -1024.5999755859375, -1051., -1055.800048828125, -1060.5999755859375, -1065.4000244140625, -1070.199951171875, -1075., -1075., -1075., -1075., -1075., -1075., -1075., -1075., -1075., -1075., -1075., -1075., -1075., -1075., -1075., -1075., -1083., -1091., -1099., -1107., -1115., -1123., -1131., -1140.066650390625, -1150.199951171875, -1160.3333740234375, -1160.86669921875, -1161.4000244140625, -1157.13330078125, -1148.066650390625, -1139., -1129.933349609375, -1120.86669921875, -1111.800048828125, -1102.7332763671875, -1093.6666259765625, -1076.5999755859375, -1059.5333251953125, -1048.1878662109375, -1042.5635986328125, -1036.939453125]
time=[0., 4000.]
E.S[1]=[-683.4305419921875, -691.92547607421875, -700.43035888671875, -708.9451904296875, -717.47003173828125, -726.00494384765625, -748.80950927734375, -771.6580810546875, -794.55084228515625, -817.48809814453125, -840.4700927734375, -863.49713134765625, -886.56939697265625, -909.687255859375, -932.8509521484375, -956.06072998046875, -979.31689453125, -1002.6197509765625, -1025.9696044921875, -1049.3665771484375, -1072.811279296875, -1087.4522705078125, -1094.779296875, -1094.779296875, -1094.779296875, -1094.779296875, -1094.779296875, -1094.779296875, -1094.779296875, -1094.779296875, -1094.779296875, -1094.779296875, -1094.779296875, -1094.779296875, -1094.779296875, -1094.779296875, -1094.779296875, -1094.779296875, -1094.779296875, -1094.779296875, -1094.779296875, -1085.93408203125, -1077.10009765625, -1068.277099609375, -1059.465087890625, -1018.56298828125, -1013.663330078125, -1008.8272705078125, -1004.05462646484375, -999.34490966796875, -994.69781494140625, -990.11297607421875, -1001.44281005859375, -1028.66943359375, -1055.9342041015625, -1083.2374267578125, -1088.0877685546875, -1092.9471435546875, -1097.8154296875, -1102.6927490234375, -1107.5792236328125, -1107.5792236328125, -1107.5792236328125, -1107.5792236328125, -1107.5792236328125, -1107.5792236328125, -1107.5792236328125, -1107.5792236328125, -1107.5792236328125, -1107.5792236328125, -1107.5792236328125, -1107.5792236328125, -1107.5792236328125, -1107.5792236328125, -1107.5792236328125, -1107.5792236328125, -1116.2366943359375, -1124.9046630859375, -1133.5831298828125, -1142.27197265625, -1150.9713134765625, -1159.6812744140625, -1168.40185546875, -1178.287353515625, -1189.3411865234375, -1200.409912109375, -1201.2811279296875, -1202.1614990234375, -1198.034912109375, -1188.9039306640625, -1179.7855224609375, -1170.6798095703125, -1161.586669921875, -1152.5062255859375, -1143.4383544921875, -1134.383056640625, -1116.525390625, -1098.68212890625, -1086.963623046875, -1081.365478515625, -1075.7760009765625]
