last-generated=2026-08-06
statistics-initialization=
{
  "linear": "0",
  "nonlinear": "0, 0, 0, 0",
  "numerical Jacobians": "0"
}
statistics-simulation=
{
  "linear": "0",
  "nonlinear": " ",
  "number of continuous time states": "4",
  "numerical Jacobians": "0"
}
time=[0e+00, 1.728e+05]
zon.TAir=[2.931499938964844e+02, 2.898279724121094e+02, 2.891466674804688e+02, 2.885248718261719e+02, 2.879980773925781e+02, 2.875407409667969e+02, 2.871350708007812e+02, 2.867418518066406e+02, 2.863539733886719e+02, 2.86007080078125e+02, 2.856973571777344e+02, 2.853901672363281e+02, 2.850879516601562e+02, 2.847943420410156e+02, 2.8450634765625e+02, 2.843172912597656e+02, 2.847690124511719e+02, 2.853381958007812e+02, 2.861143493652344e+02, 2.868778991699219e+02, 2.876758728027344e+02, 2.883542785644531e+02, 2.889505004882812e+02, 2.893345336914062e+02, 2.896291809082031e+02, 2.896629333496094e+02, 2.895555114746094e+02, 2.895118408203125e+02, 2.894382934570312e+02, 2.894071044921875e+02, 2.893512573242188e+02, 2.891917724609375e+02, 2.889114685058594e+02, 2.886018371582031e+02, 2.882835083007812e+02, 2.879609069824219e+02, 2.8770263671875e+02, 2.874326171875e+02, 2.871661682128906e+02, 2.868967590332031e+02, 2.865736083984375e+02, 2.859407043457031e+02, 2.857648010253906e+02, 2.855425109863281e+02, 2.853353271484375e+02, 2.851476135253906e+02, 2.849638366699219e+02, 2.84742431640625e+02, 2.845180969238281e+02, 2.843290405273438e+02, 2.841504516601562e+02, 2.842960510253906e+02, 2.840189208984375e+02, 2.838776550292969e+02, 2.837948303222656e+02, 2.836574096679688e+02, 2.834946594238281e+02, 2.833717041015625e+02, 2.832816467285156e+02, 2.832251281738281e+02, 2.83220947265625e+02, 2.831895446777344e+02, 2.831092529296875e+02, 2.8285986328125e+02, 2.827690734863281e+02, 2.835168762207031e+02, 2.843934631347656e+02, 2.847550048828125e+02, 2.851058349609375e+02, 2.854755859375e+02, 2.858882141113281e+02, 2.862360229492188e+02, 2.865664367675781e+02, 2.869273376464844e+02, 2.872645874023438e+02, 2.875658569335938e+02, 2.87662353515625e+02, 2.879024658203125e+02, 2.882264709472656e+02, 2.882284851074219e+02, 2.882097473144531e+02, 2.881529541015625e+02, 2.880580444335938e+02, 2.879841918945312e+02, 2.876777954101562e+02, 2.874072265625e+02, 2.866112365722656e+02, 2.861290588378906e+02, 2.858358764648438e+02, 2.856979370117188e+02, 2.855332946777344e+02, 2.84857666015625e+02, 2.847196044921875e+02, 2.84591552734375e+02, 2.844851684570312e+02, 2.843970947265625e+02, 2.843135681152344e+02, 2.841295471191406e+02, 2.838989868164062e+02, 2.837463989257812e+02, 2.835978393554688e+02]
