last-generated=2026-09-29
statistics-initialization=
{
  "nonlinear": "1, 1, 1, 1",
  "numerical Jacobians": "0"
}
statistics-simulation=
{
  "linear": " ",
  "nonlinear": "1, 2, 1",
  "number of continuous time states": "17",
  "numerical Jacobians": "0"
}
time=[0e+00, 7.2e+03]
utiLiq.y[1]=[0e+00, 0e+00, 0e+00, 0e+00, 0e+00, 0e+00, 0e+00, 0e+00, 0e+00, 0e+00, 0e+00, 0e+00, 0e+00, 1.999999955296516e-02, 5.999999865889556e-02, 1.000000014901161e-01, 1.400000005960464e-01, 1.800000071525574e-01, 2.199999988079071e-01, 2.599999904632568e-01, 3.00000011920929e-01, 3.400000035762787e-01, 3.799999952316284e-01, 4.199999868869781e-01, 4.600000083446503e-01, 5e-01, 5e-01, 5e-01, 5e-01, 5e-01, 5e-01, 5e-01, 5e-01, 5e-01, 5e-01, 5e-01, 5e-01, 5e-01, 5e-01, 5e-01, 5e-01, 5e-01, 5e-01, 5e-01, 5e-01, 5e-01, 5e-01, 5e-01, 5e-01, 5e-01, 5e-01, 5e-01, 5e-01, 5e-01, 5e-01, 5e-01, 5e-01, 5e-01, 5e-01, 5e-01, 5e-01, 5e-01, 5e-01, 5e-01, 5e-01, 5e-01, 5e-01, 5e-01, 5e-01, 5e-01, 5e-01, 5e-01, 5e-01, 5e-01, 5e-01, 5e-01, 5.400000214576721e-01, 5.799999833106995e-01, 6.200000047683716e-01, 6.600000262260437e-01, 6.99999988079071e-01, 7.400000095367432e-01, 7.799999713897705e-01, 8.199999928474426e-01, 8.600000143051147e-01, 8.999999761581421e-01, 9.399999976158142e-01, 9.800000190734863e-01, 1e+00, 1e+00, 1e+00, 1e+00, 1e+00, 1e+00, 1e+00, 1e+00, 1e+00, 1e+00, 1e+00, 1e+00, 1e+00]
utiAir.y=[1e+00, 1e+00]
senTLiq_a.T=[3.031499938964844e+02, 2.983206787109375e+02, 2.985505676269531e+02, 2.988165588378906e+02, 2.991201171875e+02, 2.994463195800781e+02, 2.99785400390625e+02, 3.001314392089844e+02, 3.004811706542969e+02, 3.008328857421875e+02, 3.011856384277344e+02, 3.015389099121094e+02, 3.018924865722656e+02, 3.027745666503906e+02, 3.079452819824219e+02, 3.151889343261719e+02, 3.15212646484375e+02, 3.15212646484375e+02, 3.15212646484375e+02, 3.15212646484375e+02, 3.15212646484375e+02, 3.152093200683594e+02, 3.152051086425781e+02, 3.152015991210938e+02, 3.151986694335938e+02, 3.151961059570312e+02, 3.151959838867188e+02, 3.151960144042969e+02, 3.15196044921875e+02, 3.15196044921875e+02, 3.15196044921875e+02, 3.15196044921875e+02, 3.15196044921875e+02, 3.15196044921875e+02, 3.15196044921875e+02, 3.15196044921875e+02, 3.15196044921875e+02, 3.15196044921875e+02, 3.15196044921875e+02, 3.15196044921875e+02, 3.15196044921875e+02, 3.15196044921875e+02, 3.15196044921875e+02, 3.15196044921875e+02, 3.15196044921875e+02, 3.15196044921875e+02, 3.15196044921875e+02, 3.15196044921875e+02, 3.15196044921875e+02, 3.15196044921875e+02, 3.15196044921875e+02, 3.15196044921875e+02, 3.15196044921875e+02, 3.15196044921875e+02, 3.15196044921875e+02, 3.15196044921875e+02, 3.15196044921875e+02, 3.15196044921875e+02, 3.15196044921875e+02, 3.15196044921875e+02, 3.15196044921875e+02, 3.15196044921875e+02, 3.15196044921875e+02, 3.15196044921875e+02, 3.15196044921875e+02, 3.15196044921875e+02, 3.15196044921875e+02, 3.15196044921875e+02, 3.15196044921875e+02, 3.15196044921875e+02, 3.15196044921875e+02, 3.15196044921875e+02, 3.15196044921875e+02, 3.15196044921875e+02, 3.15196044921875e+02, 3.15196044921875e+02, 3.151939086914062e+02, 3.151919250488281e+02, 3.151902160644531e+02, 3.151886901855469e+02, 3.151873779296875e+02, 3.151861877441406e+02, 3.151851501464844e+02, 3.151841735839844e+02, 3.151833190917969e+02, 3.151825256347656e+02, 3.151818237304688e+02, 3.151812438964844e+02, 3.151809692382812e+02, 3.151810302734375e+02, 3.151810913085938e+02, 3.151811218261719e+02, 3.151811218261719e+02, 3.151811218261719e+02, 3.151811218261719e+02, 3.1518115234375e+02, 3.1518115234375e+02, 3.1518115234375e+02, 3.1518115234375e+02, 3.1518115234375e+02, 3.1518115234375e+02]
senTLiq_b.T=[2.931499938964844e+02, 2.983105773925781e+02, 2.98526123046875e+02, 2.987892761230469e+02, 2.99091064453125e+02, 2.994162292480469e+02, 2.997547302246094e+02, 3.001004638671875e+02, 3.004500427246094e+02, 3.008016662597656e+02, 3.011543579101562e+02, 3.015075988769531e+02, 3.018611755371094e+02, 3.029466247558594e+02, 3.085635070800781e+02, 3.172301025390625e+02, 3.182568359375e+02, 3.19149169921875e+02, 3.2004150390625e+02, 3.209338073730469e+02, 3.218261413574219e+02, 3.221476135253906e+02, 3.221554870605469e+02, 3.221565551757812e+02, 3.22156982421875e+02, 3.22157470703125e+02, 3.221506958007812e+02, 3.221500549316406e+02, 3.221499938964844e+02, 3.221499938964844e+02, 3.221499938964844e+02, 3.221499938964844e+02, 3.221499938964844e+02, 3.221499938964844e+02, 3.221499938964844e+02, 3.221499938964844e+02, 3.221499938964844e+02, 3.221499938964844e+02, 3.221499938964844e+02, 3.221499938964844e+02, 3.221499938964844e+02, 3.221499938964844e+02, 3.221499938964844e+02, 3.221499938964844e+02, 3.221499938964844e+02, 3.221499938964844e+02, 3.221499938964844e+02, 3.221499938964844e+02, 3.221499938964844e+02, 3.221499938964844e+02, 3.221499938964844e+02, 3.221499938964844e+02, 3.221499938964844e+02, 3.221499938964844e+02, 3.221499938964844e+02, 3.221499938964844e+02, 3.221499938964844e+02, 3.221499938964844e+02, 3.221499938964844e+02, 3.221499938964844e+02, 3.221499938964844e+02, 3.221499938964844e+02, 3.221499938964844e+02, 3.221499938964844e+02, 3.221499938964844e+02, 3.221499938964844e+02, 3.221499938964844e+02, 3.221499938964844e+02, 3.221499938964844e+02, 3.221499938964844e+02, 3.221499938964844e+02, 3.221499938964844e+02, 3.221499938964844e+02, 3.221499938964844e+02, 3.221499938964844e+02, 3.221499938964844e+02, 3.221573486328125e+02, 3.2215869140625e+02, 3.221596374511719e+02, 3.221607055664062e+02, 3.22162109375e+02, 3.221639404296875e+02, 3.221664428710938e+02, 3.22169921875e+02, 3.221750793457031e+02, 3.221832275390625e+02, 3.221972045898438e+02, 3.222237548828125e+02, 3.222063903808594e+02, 3.221934814453125e+02, 3.22187744140625e+02, 3.221846618652344e+02, 3.221830139160156e+02, 3.221821594238281e+02, 3.221816711425781e+02, 3.221814270019531e+02, 3.221813049316406e+02, 3.221812133789062e+02, 3.221811828613281e+02, 3.221811828613281e+02, 3.2218115234375e+02]
senTAir_a.T=[3.031499938964844e+02, 3.031499938964844e+02]
senTAir_b.T=[2.931499938964844e+02, 3.03384765625e+02, 3.03384765625e+02, 3.03384765625e+02, 3.03384765625e+02, 3.03384765625e+02, 3.03384765625e+02, 3.03384765625e+02, 3.03384765625e+02, 3.03384765625e+02, 3.03384765625e+02, 3.03384765625e+02, 3.03384765625e+02, 3.03384765625e+02, 3.03384765625e+02, 3.03384765625e+02, 3.03384765625e+02, 3.03384765625e+02, 3.03384765625e+02, 3.03384765625e+02, 3.03384765625e+02, 3.03384765625e+02, 3.03384765625e+02, 3.03384765625e+02, 3.03384765625e+02, 3.03384765625e+02, 3.03384765625e+02, 3.03384765625e+02, 3.03384765625e+02, 3.03384765625e+02, 3.03384765625e+02, 3.03384765625e+02, 3.03384765625e+02, 3.03384765625e+02, 3.03384765625e+02, 3.03384765625e+02, 3.03384765625e+02, 3.03384765625e+02, 3.03384765625e+02, 3.03384765625e+02, 3.03384765625e+02, 3.03384765625e+02, 3.03384765625e+02, 3.03384765625e+02, 3.03384765625e+02, 3.03384765625e+02, 3.03384765625e+02, 3.03384765625e+02, 3.03384765625e+02, 3.03384765625e+02, 3.03384765625e+02, 3.03384765625e+02, 3.03384765625e+02, 3.03384765625e+02, 3.03384765625e+02, 3.03384765625e+02, 3.03384765625e+02, 3.03384765625e+02, 3.03384765625e+02, 3.03384765625e+02, 3.03384765625e+02, 3.03384765625e+02, 3.03384765625e+02, 3.03384765625e+02, 3.03384765625e+02, 3.03384765625e+02, 3.03384765625e+02, 3.03384765625e+02, 3.03384765625e+02, 3.03384765625e+02, 3.03384765625e+02, 3.03384765625e+02, 3.03384765625e+02, 3.03384765625e+02, 3.03384765625e+02, 3.03384765625e+02, 3.03384765625e+02, 3.03384765625e+02, 3.03384765625e+02, 3.03384765625e+02, 3.03384765625e+02, 3.03384765625e+02, 3.03384765625e+02, 3.03384765625e+02, 3.03384765625e+02, 3.03384765625e+02, 3.03384765625e+02, 3.03384765625e+02, 3.03384765625e+02, 3.03384765625e+02, 3.03384765625e+02, 3.03384765625e+02, 3.03384765625e+02, 3.03384765625e+02, 3.03384765625e+02, 3.03384765625e+02, 3.03384765625e+02, 3.03384765625e+02, 3.03384765625e+02, 3.03384765625e+02, 3.03384765625e+02]
rac.PLiqTot=[0e+00, 0e+00, 0e+00, 0e+00, 0e+00, 0e+00, 0e+00, 0e+00, 0e+00, 0e+00, 0e+00, 0e+00, 0e+00, 1.2672e+04, 3.801600000000004e+04, 6.336e+04, 8.8704e+04, 1.14048e+05, 1.39392e+05, 1.64736e+05, 1.9008e+05, 2.15424e+05, 2.40768e+05, 2.66112e+05, 2.91456e+05, 3.168e+05, 3.168e+05, 3.168e+05, 3.168e+05, 3.168e+05, 3.168e+05, 3.168e+05, 3.168e+05, 3.168e+05, 3.168e+05, 3.168e+05, 3.168e+05, 3.168e+05, 3.168e+05, 3.168e+05, 3.168e+05, 3.168e+05, 3.168e+05, 3.168e+05, 3.168e+05, 3.168e+05, 3.168e+05, 3.168e+05, 3.168e+05, 3.168e+05, 3.168e+05, 3.168e+05, 3.168e+05, 3.168e+05, 3.168e+05, 3.168e+05, 3.168e+05, 3.168e+05, 3.168e+05, 3.168e+05, 3.168e+05, 3.168e+05, 3.168e+05, 3.168e+05, 3.168e+05, 3.168e+05, 3.168e+05, 3.168e+05, 3.168e+05, 3.168e+05, 3.168e+05, 3.168e+05, 3.168e+05, 3.168e+05, 3.168e+05, 3.168e+05, 3.42144e+05, 3.67488e+05, 3.92832e+05, 4.18176e+05, 4.4352e+05, 4.68864e+05, 4.94208e+05, 5.19552e+05, 5.44896e+05, 5.7024e+05, 5.95584e+05, 6.20928e+05, 6.336e+05, 6.336e+05, 6.336e+05, 6.336e+05, 6.336e+05, 6.336e+05, 6.336e+05, 6.336e+05, 6.336e+05, 6.336e+05, 6.336e+05, 6.336e+05, 6.336e+05]
rac.PAirTot=[6.336e+04, 6.58980546875e+04, 6.58980546875e+04, 6.58980546875e+04, 6.58980546875e+04, 6.58980546875e+04, 6.58980546875e+04, 6.58980546875e+04, 6.58980546875e+04, 6.58980546875e+04, 6.58980546875e+04, 6.58980546875e+04, 6.58980546875e+04, 6.58980546875e+04, 6.58980546875e+04, 6.58980546875e+04, 6.58980546875e+04, 6.58980546875e+04, 6.58980546875e+04, 6.58980546875e+04, 6.58980546875e+04, 6.58980546875e+04, 6.58980546875e+04, 6.58980546875e+04, 6.58980546875e+04, 6.58980546875e+04, 6.58980546875e+04, 6.58980546875e+04, 6.58980546875e+04, 6.58980546875e+04, 6.58980546875e+04, 6.58980546875e+04, 6.58980546875e+04, 6.58980546875e+04, 6.58980546875e+04, 6.58980546875e+04, 6.58980546875e+04, 6.58980546875e+04, 6.58980546875e+04, 6.58980546875e+04, 6.58980546875e+04, 6.58980546875e+04, 6.58980546875e+04, 6.58980546875e+04, 6.58980546875e+04, 6.58980546875e+04, 6.58980546875e+04, 6.58980546875e+04, 6.58980546875e+04, 6.58980546875e+04, 6.58980546875e+04, 6.58980546875e+04, 6.58980546875e+04, 6.58980546875e+04, 6.58980546875e+04, 6.58980546875e+04, 6.58980546875e+04, 6.58980546875e+04, 6.58980546875e+04, 6.58980546875e+04, 6.58980546875e+04, 6.58980546875e+04, 6.58980546875e+04, 6.58980546875e+04, 6.58980546875e+04, 6.58980546875e+04, 6.58980546875e+04, 6.58980546875e+04, 6.58980546875e+04, 6.58980546875e+04, 6.58980546875e+04, 6.58980546875e+04, 6.58980546875e+04, 6.58980546875e+04, 6.58980546875e+04, 6.58980546875e+04, 6.58980546875e+04, 6.58980546875e+04, 6.58980546875e+04, 6.58980546875e+04, 6.58980546875e+04, 6.58980546875e+04, 6.58980546875e+04, 6.58980546875e+04, 6.58980546875e+04, 6.58980546875e+04, 6.58980546875e+04, 6.58980546875e+04, 6.58980546875e+04, 6.58980546875e+04, 6.58980546875e+04, 6.58980546875e+04, 6.58980546875e+04, 6.58980546875e+04, 6.58980546875e+04, 6.58980546875e+04, 6.58980546875e+04, 6.58980546875e+04, 6.58980546875e+04, 6.58980546875e+04, 6.58980546875e+04]
rac.PAirFan=[0e+00, 2.538053466796875e+03, 2.538053466796875e+03, 2.538053466796875e+03, 2.538053466796875e+03, 2.538053466796875e+03, 2.538053466796875e+03, 2.538053466796875e+03, 2.538053466796875e+03, 2.538053466796875e+03, 2.538053466796875e+03, 2.538053466796875e+03, 2.538053466796875e+03, 2.538053466796875e+03, 2.538053466796875e+03, 2.538053466796875e+03, 2.538053466796875e+03, 2.538053466796875e+03, 2.538053466796875e+03, 2.538053466796875e+03, 2.538053466796875e+03, 2.538053466796875e+03, 2.538053466796875e+03, 2.538053466796875e+03, 2.538053466796875e+03, 2.538053466796875e+03, 2.538053466796875e+03, 2.538053466796875e+03, 2.538053466796875e+03, 2.538053466796875e+03, 2.538053466796875e+03, 2.538053466796875e+03, 2.538053466796875e+03, 2.538053466796875e+03, 2.538053466796875e+03, 2.538053466796875e+03, 2.538053466796875e+03, 2.538053466796875e+03, 2.538053466796875e+03, 2.538053466796875e+03, 2.538053466796875e+03, 2.538053466796875e+03, 2.538053466796875e+03, 2.538053466796875e+03, 2.538053466796875e+03, 2.538053466796875e+03, 2.538053466796875e+03, 2.538053466796875e+03, 2.538053466796875e+03, 2.538053466796875e+03, 2.538053466796875e+03, 2.538053466796875e+03, 2.538053466796875e+03, 2.538053466796875e+03, 2.538053466796875e+03, 2.538053466796875e+03, 2.538053466796875e+03, 2.538053466796875e+03, 2.538053466796875e+03, 2.538053466796875e+03, 2.538053466796875e+03, 2.538053466796875e+03, 2.538053466796875e+03, 2.538053466796875e+03, 2.538053466796875e+03, 2.538053466796875e+03, 2.538053466796875e+03, 2.538053466796875e+03, 2.538053466796875e+03, 2.538053466796875e+03, 2.538053466796875e+03, 2.538053466796875e+03, 2.538053466796875e+03, 2.538053466796875e+03, 2.538053466796875e+03, 2.538053466796875e+03, 2.538053466796875e+03, 2.538053466796875e+03, 2.538053466796875e+03, 2.538053466796875e+03, 2.538053466796875e+03, 2.538053466796875e+03, 2.538053466796875e+03, 2.538053466796875e+03, 2.538053466796875e+03, 2.538053466796875e+03, 2.538053466796875e+03, 2.538053466796875e+03, 2.538053466796875e+03, 2.538053466796875e+03, 2.538053466796875e+03, 2.538053466796875e+03, 2.538053466796875e+03, 2.538053466796875e+03, 2.538053466796875e+03, 2.538053466796875e+03, 2.538053466796875e+03, 2.538053466796875e+03, 2.538053466796875e+03, 2.538053466796875e+03, 2.538053466796875e+03]
rac.PReaDooHexFan=[0e+00, 1.54845556640625e+03, 1.54845556640625e+03, 1.54845556640625e+03, 1.54845556640625e+03, 1.54845556640625e+03, 1.54845556640625e+03, 1.54845556640625e+03, 1.54845556640625e+03, 1.54845556640625e+03, 1.54845556640625e+03, 1.54845556640625e+03, 1.54845556640625e+03, 1.54845556640625e+03, 1.54845556640625e+03, 1.54845556640625e+03, 1.54845556640625e+03, 1.54845556640625e+03, 1.54845556640625e+03, 1.54845556640625e+03, 1.54845556640625e+03, 1.54845556640625e+03, 1.54845556640625e+03, 1.54845556640625e+03, 1.54845556640625e+03, 1.54845556640625e+03, 1.54845556640625e+03, 1.54845556640625e+03, 1.54845556640625e+03, 1.54845556640625e+03, 1.54845556640625e+03, 1.54845556640625e+03, 1.54845556640625e+03, 1.54845556640625e+03, 1.54845556640625e+03, 1.54845556640625e+03, 1.54845556640625e+03, 1.54845556640625e+03, 1.54845556640625e+03, 1.54845556640625e+03, 1.54845556640625e+03, 1.54845556640625e+03, 1.54845556640625e+03, 1.54845556640625e+03, 1.54845556640625e+03, 1.54845556640625e+03, 1.54845556640625e+03, 1.54845556640625e+03, 1.54845556640625e+03, 1.54845556640625e+03, 1.54845556640625e+03, 1.54845556640625e+03, 1.54845556640625e+03, 1.54845556640625e+03, 1.54845556640625e+03, 1.54845556640625e+03, 1.54845556640625e+03, 1.54845556640625e+03, 1.54845556640625e+03, 1.54845556640625e+03, 1.54845556640625e+03, 1.54845556640625e+03, 1.54845556640625e+03, 1.54845556640625e+03, 1.54845556640625e+03, 1.54845556640625e+03, 1.54845556640625e+03, 1.54845556640625e+03, 1.54845556640625e+03, 1.54845556640625e+03, 1.54845556640625e+03, 1.54845556640625e+03, 1.54845556640625e+03, 1.54845556640625e+03, 1.54845556640625e+03, 1.54845556640625e+03, 1.54845556640625e+03, 1.54845556640625e+03, 1.54845556640625e+03, 1.54845556640625e+03, 1.54845556640625e+03, 1.54845556640625e+03, 1.54845556640625e+03, 1.54845556640625e+03, 1.54845556640625e+03, 1.54845556640625e+03, 1.54845556640625e+03, 1.54845556640625e+03, 1.54845556640625e+03, 1.54845556640625e+03, 1.54845556640625e+03, 1.54845556640625e+03, 1.54845556640625e+03, 1.54845556640625e+03, 1.54845556640625e+03, 1.54845556640625e+03, 1.54845556640625e+03, 1.54845556640625e+03, 1.54845556640625e+03, 1.54845556640625e+03, 1.54845556640625e+03]
