last-generated=2015-05-08
statistics-simulation={'numerical Jacobians': '0', 'nonlinear': '1', 'number of continuous time states': '3', 'linear': ' '}
volume.medium.T=[293.149993896484375, 302.03686537812518508872, 307.55337544316984121906, 311.57199120120748148111, 314.8381655492984805278, 317.67263773801147408449, 320.2197879204904324979, 322.54586785293292905408, 324.68707311889482980405, 326.66632011467800111859, 328.49896213754487916958, 330.19699106346689632119, 331.77084390911488753773, 333.23019475667251754203, 334.58340446277196633673, 335.83807300514820326498, 337.00119058292250429076, 338.07940655127134732538, 339.07907035134263651344, 340.00585958611145542818, 340.86508153872688353658, 341.66168262782673537004, 342.40017708604483459567, 343.08477755496335248608, 343.71948274716419291508, 344.307861328125, 344.85333301647813186719, 345.35900826290270515528, 345.82778925243485446117, 346.26232944802472957235, 346.66516066697028009003, 347.0385741323845536499, 347.38476586150454750168, 347.70568806838213049559, 348.00320424245751382841, 348.27899185619719446549, 348.534637096469680273, 348.77163685324217112793, 348.99130259027856482135, 349.19494656736731030833, 349.38372791820461316092, 349.55868536254263290175, 349.72088643355851900196, 349.87121571597549518629, 350.01052859617624335442, 350.13967910223408352977, 350.25939931716510500337, 350.37045289350135135464, 350.47335825988898250216, 350.56875601533118924635, 350.657196044921875, 350.73919685199382456631, 350.81518568540690239388, 350.88562031014265585327, 350.95092759849876529188, 351.01147453934510167528, 351.0675659050173749165, 351.11959842425068245575, 351.16781623901493958329, 351.21252452571019375682, 351.25393667190087398922, 351.29235834517839975888, 351.32797239566599500904, 351.36096192912350488768, 351.39157108661243000824, 351.41992193975494274127, 351.44622796011503851332, 351.47058101521611206408, 351.49316404689335513467, 351.51409912585955908071, 351.53350832279062387897, 351.55145267371636919052, 351.56808467095913783851, 351.58349606522870089975, 351.59777830707048451586, 351.610992431640625, 351.62319947409542919559, 351.63455202261650356377, 351.6450500776404055614, 351.65481565352854431694, 351.66387938398128198969, 351.67233276170736644417, 351.68008423386334015959, 351.68731690599071271208, 351.69400026094780287167, 351.70022581589023502602, 351.70602416184567573509, 351.7113952611981062546, 351.71636963116174001698, 351.7209777895330944375, 351.72525025396299724889, 351.72924803647055114197, 351.73294066771643429092, 351.73635864017711583074, 351.73953247143072076142, 351.74249267905537408296, 351.74520874580036888801, 351.74774169223394437722, 351.75009154836885727491, 351.75228881632216371145, 351.754302978515625]
time=[0., 1.]
