last-generated=2026-10-10
statistics-initialization=
{
  "linear": "0, 18",
  "nonlinear": "0, 0, 0, 0, 1, 1",
  "numerical Jacobians": "0"
}
statistics-simulation=
{
  "linear": "0, 0, 0, 0, 0, 0, 0, 0, 0, 0, 0, 0, 0, 0, 0, 0, 0, 0, 0, 0, 0, 0, 0, 0, 0, 0, 0,   0, 0, 0, 0, 0",
  "nonlinear": "1, 1, 2",
  "number of continuous time states": "189",
  "numerical Jacobians": "0"
}
time=[0e+00, 1.728e+05]
livFlo.T=[2.931499938964844e+02, 2.930805969238281e+02, 2.931703186035156e+02, 2.933818359375e+02, 2.936410217285156e+02, 2.939136657714844e+02, 2.941879577636719e+02, 2.944579162597656e+02, 2.947191467285156e+02, 2.94971435546875e+02, 2.9521728515625e+02, 2.953982849121094e+02, 2.953479919433594e+02, 2.951867980957031e+02, 2.949801635742188e+02, 2.947896423339844e+02, 2.948394470214844e+02, 2.950525207519531e+02, 2.953447265625e+02, 2.955843505859375e+02, 2.956387939453125e+02, 2.955827941894531e+02, 2.954841918945312e+02, 2.953721313476562e+02, 2.952572631835938e+02, 2.951388244628906e+02, 2.950146179199219e+02, 2.948883666992188e+02, 2.947623901367188e+02, 2.946377258300781e+02, 2.945602722167969e+02, 2.94597412109375e+02, 2.947405700683594e+02, 2.949357299804688e+02, 2.951012878417969e+02, 2.951810302734375e+02, 2.951971130371094e+02, 2.951837158203125e+02, 2.951568298339844e+02, 2.951451416015625e+02, 2.951855163574219e+02, 2.952617797851562e+02, 2.953074645996094e+02, 2.953070373535156e+02, 2.952861938476562e+02, 2.952552490234375e+02, 2.952191772460938e+02, 2.951850891113281e+02, 2.951871337890625e+02, 2.952381896972656e+02, 2.953067626953125e+02, 2.953435668945312e+02, 2.953302612304688e+02, 2.952934875488281e+02, 2.952518920898438e+02, 2.952170104980469e+02, 2.952142639160156e+02, 2.952501831054688e+02, 2.952921447753906e+02, 2.953013916015625e+02, 2.9528369140625e+02, 2.952398681640625e+02, 2.951232604980469e+02, 2.949725036621094e+02, 2.948068237304688e+02, 2.946654357910156e+02, 2.946463928222656e+02, 2.946501770019531e+02, 2.946332092285156e+02, 2.94583740234375e+02, 2.945277404785156e+02, 2.944708251953125e+02, 2.944150695800781e+02, 2.943657836914062e+02, 2.943247375488281e+02, 2.942894287109375e+02, 2.942564697265625e+02, 2.942254638671875e+02, 2.941964721679688e+02, 2.941620483398438e+02, 2.941168212890625e+02, 2.940630187988281e+02, 2.939989624023438e+02, 2.93927490234375e+02, 2.938499755859375e+02, 2.938144836425781e+02, 2.93940185546875e+02, 2.941939697265625e+02, 2.94506591796875e+02, 2.948114929199219e+02, 2.951163940429688e+02, 2.952916870117188e+02, 2.953013000488281e+02, 2.952139282226562e+02, 2.950880432128906e+02, 2.949486999511719e+02, 2.948062744140625e+02, 2.946765441894531e+02, 2.946538696289062e+02, 2.94766357421875e+02, 2.949471435546875e+02]
TSetRooHea.y=[2.931499938964844e+02, 2.931499938964844e+02]
TOpe.y=[2.930040893554688e+02, 2.912667236328125e+02, 2.909946899414062e+02, 2.90930419921875e+02, 2.909895935058594e+02, 2.911338500976562e+02, 2.913180847167969e+02, 2.91505859375e+02, 2.916898803710938e+02, 2.918874816894531e+02, 2.920928344726562e+02, 2.922877807617188e+02, 2.923949279785156e+02, 2.923581237792969e+02, 2.922411193847656e+02, 2.920888977050781e+02, 2.920925598144531e+02, 2.923987731933594e+02, 2.927753295898438e+02, 2.931183471679688e+02, 2.933789672851562e+02, 2.93496826171875e+02, 2.935438842773438e+02, 2.935490112304688e+02, 2.935270385742188e+02, 2.934520263671875e+02, 2.933516540527344e+02, 2.932575073242188e+02, 2.931571350097656e+02, 2.93060302734375e+02, 2.929440612792969e+02, 2.928507385253906e+02, 2.928140563964844e+02, 2.928549499511719e+02, 2.929356689453125e+02, 2.9299365234375e+02, 2.930196228027344e+02, 2.930005493164062e+02, 2.929581604003906e+02, 2.928983154296875e+02, 2.92868896484375e+02, 2.9292138671875e+02, 2.929934387207031e+02, 2.930311279296875e+02, 2.930380249023438e+02, 2.930195007324219e+02, 2.929862060546875e+02, 2.929338989257812e+02, 2.928855895996094e+02, 2.928813781738281e+02, 2.9290966796875e+02, 2.930283813476562e+02, 2.929880065917969e+02, 2.929781188964844e+02, 2.929711608886719e+02, 2.929347229003906e+02, 2.928986206054688e+02, 2.9290576171875e+02, 2.929482421875e+02, 2.930007019042969e+02, 2.930467529296875e+02, 2.930608215332031e+02, 2.930287780761719e+02, 2.929078369140625e+02, 2.928244018554688e+02, 2.930482482910156e+02, 2.930304260253906e+02, 2.93302734375e+02, 2.934686279296875e+02, 2.935577697753906e+02, 2.936338806152344e+02, 2.936656799316406e+02, 2.936999816894531e+02, 2.937482299804688e+02, 2.9378662109375e+02, 2.938144836425781e+02, 2.937694091796875e+02, 2.937889404296875e+02, 2.938153076171875e+02, 2.936956787109375e+02, 2.935902404785156e+02, 2.934790954589844e+02, 2.933624877929688e+02, 2.932696228027344e+02, 2.930766296386719e+02, 2.929081420898438e+02, 2.925569458007812e+02, 2.925851440429688e+02, 2.924527282714844e+02, 2.926745300292969e+02, 2.928928833007812e+02, 2.931159362792969e+02, 2.932527770996094e+02, 2.932839050292969e+02, 2.932507019042969e+02, 2.9318994140625e+02, 2.931104736328125e+02, 2.929779968261719e+02, 2.928490295410156e+02, 2.92813232421875e+02, 2.9285791015625e+02]
heaPum.y=[1e+00, 1e+00, 1e+00, 1e+00, 1e+00, 1e+00, 1e+00, 1e+00, 1e+00, 1e+00, 1e+00, 0e+00, 0e+00, 0e+00, 0e+00, 1e+00, 1e+00, 1e+00, 7.417561411857605e-01, 0e+00, 0e+00, 0e+00, 0e+00, 0e+00, 0e+00, 0e+00, 0e+00, 0e+00, 0e+00, 0e+00, 3.825873136520386e-01, 6.625934243202209e-01, 7.566561698913574e-01, 5.610789060592651e-01, 2.928964793682091e-01, 2.000000029802322e-01, 2.000000029802322e-01, 2.000000029802322e-01, 2.67269641160965e-01, 4.454829692840576e-01, 5.128903388977051e-01, 3.21833074092865e-01, 2.000000029802322e-01, 2.000000029802322e-01, 2.000000029802322e-01, 2.000000029802322e-01, 2.000000029802322e-01, 3.341477811336517e-01, 4.730595946311951e-01, 4.657948017120361e-01, 3.664621412754059e-01, 2.000000029802322e-01, 2.000000029802322e-01, 2.000000029802322e-01, 2.147853523492813e-01, 3.255227208137522e-01, 4.276166260242466e-01, 3.848083615303054e-01, 2.509954571723938e-01, 2.000000029802322e-01, 2.000000029802322e-01, 0e+00, 0e+00, 0e+00, 0e+00, 2.000000029802322e-01, 2.000000029802322e-01, 0e+00, 0e+00, 0e+00, 0e+00, 0e+00, 0e+00, 0e+00, 0e+00, 0e+00, 0e+00, 0e+00, 0e+00, 0e+00, 0e+00, 0e+00, 0e+00, 0e+00, 0e+00, 5.595136880874634e-01, 1e+00, 1e+00, 1e+00, 1e+00, 3.586298227310181e-01, 0e+00, 0e+00, 0e+00, 0e+00, 0e+00, 0e+00, 2.920260429382324e-01, 6.734249591827393e-01, 7.576536536216736e-01, 5.581298470497131e-01]
livFlo.q_flow=[-2.042502403259277e+00, -1.244940567016602e+01, -1.490279293060303e+01, -1.831128120422363e+01, -2.037060356140137e+01, -2.178116798400879e+01, -2.279344940185547e+01, -2.370515823364258e+01, -2.453902053833008e+01, -2.498026275634766e+01, -2.550863075256348e+01, -2.589037322998047e+01, -2.494276237487793e+01, -2.390116500854492e+01, -2.305465507507324e+01, -2.24815559387207e+01, -2.169454765319824e+01, -2.054375839233398e+01, -1.930858612060547e+01, -1.857969284057617e+01, -1.701764488220215e+01, -1.545803737640381e+01, -1.403419780731201e+01, -1.283036804199219e+01, -1.199844837188721e+01, -1.182457637786865e+01, -1.170061492919922e+01, -1.148049449920654e+01, -1.135547256469727e+01, -1.122342109680176e+01, -1.145380687713623e+01, -1.254351615905762e+01, -1.426060485839844e+01, -1.57901782989502e+01, -1.660034561157227e+01, -1.73445930480957e+01, -1.746747016906738e+01, -1.76063404083252e+01, -1.77946949005127e+01, -1.818569374084473e+01, -1.869726181030273e+01, -1.89274845123291e+01, -1.885738372802734e+01, -1.855348968505859e+01, -1.831178092956543e+01, -1.824865913391113e+01, -1.822657585144043e+01, -1.832966041564941e+01, -1.86644115447998e+01, -1.910656929016113e+01, -1.938090896606445e+01, -1.890702629089355e+01, -1.930278778076172e+01, -1.919823455810547e+01, -1.892764472961426e+01, -1.886419105529785e+01, -1.90595703125e+01, -1.925599479675292e+01, -1.928412628173828e+01, -1.913215827941895e+01, -1.866579627990723e+01, -1.820387840270996e+01, -1.751979827880859e+01, -1.700222969055176e+01, -1.633616638183594e+01, -1.413331127166748e+01, -1.327706241607666e+01, -1.292718124389648e+01, -1.039115428924561e+01, -9.110281944274902e+00, -7.754569530487061e+00, -6.882242679595947e+00, -6.078617572784424e+00, -5.162798881530762e+00, -4.362627983093262e+00, -3.947089672088623e+00, -3.595037698745728e+00, -3.174389123916626e+00, -2.923848867416382e+00, -3.395032167434692e+00, -3.89815354347229e+00, -4.578517913818359e+00, -5.326728820800781e+00, -5.804998874664307e+00, -6.398799419403076e+00, -7.564127922058105e+00, -9.741329193115234e+00, -1.22245922088623e+01, -1.497346687316895e+01, -1.665574836730957e+01, -1.757956504821777e+01, -1.754655265808105e+01, -1.705996894836426e+01, -1.61214427947998e+01, -1.527742767333984e+01, -1.45184497833252e+01, -1.390180587768555e+01, -1.366742706298828e+01, -1.426962471008301e+01, -1.542313289642334e+01, -1.626013946533203e+01]
COP.y=[0e+00, 5.408393383026123e+00, 5.088930606842041e+00, 4.919417381286621e+00, 4.806660175323486e+00, 4.722674369812012e+00, 4.655879020690918e+00, 4.600409984588623e+00, 4.552904605865479e+00, 4.51127290725708e+00, 4.474140167236328e+00, 4.459584712982178e+00, 4.459584712982178e+00, 4.459584712982178e+00, 4.459584712982178e+00, 4.464927196502686e+00, 4.461230278015137e+00, 4.446959495544434e+00, 4.429675579071045e+00, 4.417644023895264e+00, 4.417644023895264e+00, 4.417644023895264e+00, 4.417644023895264e+00, 4.417644023895264e+00, 4.417644023895264e+00, 4.417644023895264e+00, 4.417644023895264e+00, 4.417644023895264e+00, 4.417644023895264e+00, 4.417644023895264e+00, 4.422669887542725e+00, 4.44955587387085e+00, 4.469077110290527e+00, 4.480497360229492e+00, 4.484836101531982e+00, 4.476466178894043e+00, 4.46653938293457e+00, 4.457537651062012e+00, 4.451010704040527e+00, 4.45791482925415e+00, 4.469909191131592e+00, 4.475848197937012e+00, 4.46883487701416e+00, 4.460180282592773e+00, 4.45225191116333e+00, 4.444825172424316e+00, 4.437798023223877e+00, 4.436594486236572e+00, 4.445149898529053e+00, 4.454059600830078e+00, 4.45917797088623e+00, 4.451212882995605e+00, 4.44401741027832e+00, 4.43736457824707e+00, 4.431322574615479e+00, 4.430716514587402e+00, 4.436766624450684e+00, 4.442907810211182e+00, 4.443702220916748e+00, 4.4376220703125e+00, 4.431562900543213e+00, 4.429095268249512e+00, 4.429095268249512e+00, 4.429095268249512e+00, 4.429095268249512e+00, 4.431790351867676e+00, 4.427893161773682e+00, 4.424962043762207e+00, 4.424962043762207e+00, 4.424962043762207e+00, 4.424962043762207e+00, 4.424962043762207e+00, 4.424962043762207e+00, 4.424962043762207e+00, 4.424962043762207e+00, 4.424962043762207e+00, 4.424962043762207e+00, 4.424962043762207e+00, 4.424962043762207e+00, 4.424962043762207e+00, 4.424962043762207e+00, 4.424962043762207e+00, 4.424962043762207e+00, 4.424962043762207e+00, 4.424962043762207e+00, 4.435636520385742e+00, 4.449468612670898e+00, 4.451672554016113e+00, 4.449520111083984e+00, 4.444664478302002e+00, 4.441763401031494e+00, 4.435895919799805e+00, 4.435895919799805e+00, 4.435895919799805e+00, 4.435895919799805e+00, 4.435895919799805e+00, 4.435895919799805e+00, 4.435270309448242e+00, 4.445447444915771e+00, 4.45344066619873e+00, 4.458346366882324e+00]
pum.P=[0e+00, 1.032388019561768e+01, 1.032388019561768e+01, 1.032388019561768e+01, 1.032388019561768e+01, 1.032388019561768e+01, 1.032388019561768e+01, 1.032388019561768e+01, 1.032388019561768e+01, 1.032388019561768e+01, 1.032388019561768e+01, -8.359819598471702e-32, -8.359819598471702e-32, -8.359819598471702e-32, -8.359819598471702e-32, 1.032388019561768e+01, 1.032388019561768e+01, 1.032388019561768e+01, 1.032388019561768e+01, -2.744126028184572e-32, -2.744126028184572e-32, -2.744126028184572e-32, -2.744126028184572e-32, -2.744126028184572e-32, -2.744126028184572e-32, -2.744126028184572e-32, -2.744126028184572e-32, -2.744126028184572e-32, -2.744126028184572e-32, -2.744126028184572e-32, 1.032388019561768e+01, 1.032388019561768e+01, 1.032388019561768e+01, 1.032388019561768e+01, 1.032388019561768e+01, 1.032388019561768e+01, 1.032388019561768e+01, 1.032388019561768e+01, 1.032388019561768e+01, 1.032388019561768e+01, 1.032388019561768e+01, 1.032388019561768e+01, 1.032388019561768e+01, 1.032388019561768e+01, 1.032388019561768e+01, 1.032388019561768e+01, 1.032388019561768e+01, 1.032388019561768e+01, 1.032388019561768e+01, 1.032388019561768e+01, 1.032388019561768e+01, 1.032388019561768e+01, 1.032388019561768e+01, 1.032388019561768e+01, 1.032388019561768e+01, 1.032388019561768e+01, 1.032388019561768e+01, 1.032388019561768e+01, 1.032388019561768e+01, 1.032388019561768e+01, 1.032388019561768e+01, -5.783502147959528e-32, -5.783502147959528e-32, -5.783502147959528e-32, -5.783502147959528e-32, 1.032388019561768e+01, 1.032388019561768e+01, -1.117555409764608e-31, -1.117555409764608e-31, -1.117555409764608e-31, -1.117555409764608e-31, -1.117555409764608e-31, -1.117555409764608e-31, -1.117555409764608e-31, -1.117555409764608e-31, -1.117555409764608e-31, -1.117555409764608e-31, -1.117555409764608e-31, -1.117555409764608e-31, -1.117555409764608e-31, -1.117555409764608e-31, -1.117555409764608e-31, -1.117555409764608e-31, -1.117555409764608e-31, -1.117555409764608e-31, 1.032388019561768e+01, 1.032388019561768e+01, 1.032388019561768e+01, 1.032388019561768e+01, 1.032388019561768e+01, 1.032388019561768e+01, -3.018839939592504e-33, -3.018839939592504e-33, -3.018839939592504e-33, -3.018839939592504e-33, -3.018839939592504e-33, -3.018839939592504e-33, 1.032388019561768e+01, 1.032388019561768e+01, 1.032388019561768e+01, 1.032388019561768e+01]
heaPum.P=[0e+00, 1.9529775390625e+03, 1.969003662109375e+03, 1.986602905273438e+03, 2.001653930664062e+03, 2.014979248046875e+03, 2.027320556640625e+03, 2.039100952148438e+03, 2.050525146484375e+03, 2.061668212890625e+03, 2.072571533203125e+03, 0e+00, 0e+00, 0e+00, 0e+00, 2.01442822265625e+03, 2.039265869140625e+03, 2.05606494140625e+03, 1.556385009765625e+03, 0e+00, 0e+00, 0e+00, 0e+00, 0e+00, 0e+00, 0e+00, 0e+00, 0e+00, 0e+00, 0e+00, 8.2977392578125e+02, 1.3174345703125e+03, 1.5165703125e+03, 1.164088134765625e+03, 7.197096557617176e+02, 5.8220458984375e+02, 5.81085205078125e+02, 5.804784545898438e+02, 6.732096557617188e+02, 9.516831665039062e+02, 1.076272216796875e+03, 7.662442016601562e+02, 5.834464111328125e+02, 5.822694702148438e+02, 5.81577880859375e+02, 5.810778198242188e+02, 5.806690063476562e+02, 7.736380004882812e+02, 1.002154846191406e+03, 9.96485595703125e+02, 8.345914306640625e+02, 5.83591552734375e+02, 5.825009155273438e+02, 5.8180419921875e+02, 6.012953491210938e+02, 7.619160766601578e+02, 9.269534912109382e+02, 8.62543640136721e+02, 6.579226684570312e+02, 5.82778564453125e+02, 5.818886108398438e+02, 0e+00, 0e+00, 0e+00, 0e+00, 5.749151611328125e+02, 5.741324462890625e+02, 0e+00, 0e+00, 0e+00, 0e+00, 0e+00, 0e+00, 0e+00, 0e+00, 0e+00, 0e+00, 0e+00, 0e+00, 0e+00, 0e+00, 0e+00, 0e+00, 0e+00, 0e+00, 1.100845336914062e+03, 1.978721557617188e+03, 2.002150146484375e+03, 2.021531616210938e+03, 2.038634399414062e+03, 8.386976318359375e+02, 0e+00, 0e+00, 0e+00, 0e+00, 0e+00, 0e+00, 6.943280639648438e+02, 1.336733642578125e+03, 1.520826416015625e+03, 1.157108642578125e+03]
pumBor.P=[0e+00, 1.029953994750977e+02, 1.029953994750977e+02, 1.029953994750977e+02, 1.029953994750977e+02, 1.029953994750977e+02, 1.029953994750977e+02, 1.029953994750977e+02, 1.029953994750977e+02, 1.029953994750977e+02, 1.029953994750977e+02, 0e+00, 0e+00, 0e+00, 0e+00, 1.029953994750977e+02, 1.029953994750977e+02, 1.029953994750977e+02, 1.029953994750977e+02, 0e+00, 0e+00, 0e+00, 0e+00, 0e+00, 0e+00, 0e+00, 0e+00, 0e+00, 0e+00, 0e+00, 1.029953994750977e+02, 1.029953994750977e+02, 1.029953994750977e+02, 1.029953994750977e+02, 1.029953994750977e+02, 1.029953994750977e+02, 1.029953994750977e+02, 1.029953994750977e+02, 1.029953994750977e+02, 1.029953994750977e+02, 1.029953994750977e+02, 1.029953994750977e+02, 1.029953994750977e+02, 1.029953994750977e+02, 1.029953994750977e+02, 1.029953994750977e+02, 1.029953994750977e+02, 1.029953994750977e+02, 1.029953994750977e+02, 1.029953994750977e+02, 1.029953994750977e+02, 1.029953994750977e+02, 1.029953994750977e+02, 1.029953994750977e+02, 1.029953994750977e+02, 1.029953994750977e+02, 1.029953994750977e+02, 1.029953994750977e+02, 1.029953994750977e+02, 1.029953994750977e+02, 1.029953994750977e+02, 0e+00, 0e+00, 0e+00, 0e+00, 1.029953994750977e+02, 1.029953994750977e+02, 0e+00, 0e+00, 0e+00, 0e+00, 0e+00, 0e+00, 0e+00, 0e+00, 0e+00, 0e+00, 0e+00, 0e+00, 0e+00, 0e+00, 0e+00, 0e+00, 0e+00, 0e+00, 1.029953994750977e+02, 1.029953994750977e+02, 1.029953994750977e+02, 1.029953994750977e+02, 1.029953994750977e+02, 1.029953994750977e+02, 0e+00, 0e+00, 0e+00, 0e+00, 0e+00, 0e+00, 1.029953994750977e+02, 1.029953994750977e+02, 1.029953994750977e+02, 1.029953994750977e+02]
