last-generated=2026-08-06
statistics-initialization=
{
  "linear": "0",
  "nonlinear": "0, 0, 0, 0",
  "numerical Jacobians": "0"
}
statistics-simulation=
{
  "linear": "0",
  "nonlinear": " ",
  "number of continuous time states": "4",
  "numerical Jacobians": "0"
}
time=[0e+00, 4.32e+05]
zon.TAir=[2.931499938964844e+02, 2.888003540039062e+02, 2.875407409667969e+02, 2.86545166015625e+02, 2.856973571777344e+02, 2.849418334960938e+02, 2.842336730957031e+02, 2.851070251464844e+02, 2.869446411132812e+02, 2.883149719238281e+02, 2.887250366210938e+02, 2.8845458984375e+02, 2.882598571777344e+02, 2.875869445800781e+02, 2.867376403808594e+02, 2.860203247070312e+02, 2.853323059082031e+02, 2.849343872070312e+02, 2.845061340332031e+02, 2.840435791015625e+02, 2.836083984375e+02, 2.834298706054688e+02, 2.831880187988281e+02, 2.828783264160156e+02, 2.827989501953125e+02, 2.826683959960938e+02, 2.830441284179688e+02, 2.844672546386719e+02, 2.854507751464844e+02, 2.863419494628906e+02, 2.871799011230469e+02, 2.877545166015625e+02, 2.878578186035156e+02, 2.876747436523438e+02, 2.870802612304688e+02, 2.856825866699219e+02, 2.845762329101562e+02, 2.842326354980469e+02, 2.840107727050781e+02, 2.836387634277344e+02, 2.83245361328125e+02, 2.829546813964844e+02, 2.826980895996094e+02, 2.825072631835938e+02, 2.8215576171875e+02, 2.817339172363281e+02, 2.817628173828125e+02, 2.832455139160156e+02, 2.84097900390625e+02, 2.849918212890625e+02, 2.856445617675781e+02, 2.860323486328125e+02, 2.864435119628906e+02, 2.864235534667969e+02, 2.856654663085938e+02, 2.84279052734375e+02, 2.829777221679688e+02, 2.824683532714844e+02, 2.820338439941406e+02, 2.816460571289062e+02, 2.813206176757812e+02, 2.810276794433594e+02, 2.807495422363281e+02, 2.804704895019531e+02, 2.802008361816406e+02, 2.799770202636719e+02, 2.802751159667969e+02, 2.819242248535156e+02, 2.829451599121094e+02, 2.838786010742188e+02, 2.846118469238281e+02, 2.8511328125e+02, 2.854570922851562e+02, 2.853258666992188e+02, 2.845036315917969e+02, 2.829113464355469e+02, 2.814379272460938e+02, 2.808878479003906e+02, 2.804505615234375e+02, 2.798975219726562e+02, 2.793079528808594e+02, 2.788958740234375e+02, 2.785968933105469e+02, 2.781373901367188e+02, 2.773387756347656e+02, 2.764810791015625e+02, 2.763218994140625e+02, 2.7865087890625e+02, 2.813305969238281e+02, 2.835545654296875e+02, 2.850451965332031e+02, 2.864626159667969e+02, 2.877089233398438e+02, 2.872904968261719e+02, 2.858002014160156e+02, 2.840639038085938e+02, 2.82319091796875e+02, 2.813234558105469e+02, 2.804434814453125e+02, 2.79722412109375e+02, 2.79017822265625e+02]
zon.V=[4.531383056640625e+02, 4.531383056640625e+02]
zon.AFlo=[1.858342742919922e+02, 1.858342742919922e+02]
