last-generated=2026-10-10
statistics-simulation=
{
  "linear": "0",
  "nonlinear": "0",
  "number of continuous time states": "18",
  "numerical Jacobians": "0"
}
time=[0e+00, 3.6e+03]
hex.sta_a1.T=[2.781499938964844e+02, 2.781499938964844e+02, 2.781499938964844e+02, 2.781499938964844e+02, 2.781499938964844e+02, 2.781499938964844e+02, 2.781499938964844e+02, 2.781499938964844e+02, 2.781499938964844e+02, 2.781499938964844e+02, 2.781499938964844e+02, 2.781499938964844e+02, 2.781499938964844e+02, 2.781499938964844e+02, 2.781499938964844e+02, 2.781499938964844e+02, 2.781499938964844e+02, 2.781499938964844e+02, 2.781499938964844e+02, 2.781499938964844e+02, 2.781499938964844e+02, 2.781499938964844e+02, 2.781499938964844e+02, 2.781499938964844e+02, 2.781499938964844e+02, 2.781499938964844e+02, 2.781499938964844e+02, 2.781499938964844e+02, 2.781499938964844e+02, 2.781499938964844e+02, 2.781499938964844e+02, 2.781499938964844e+02, 2.781499938964844e+02, 2.781499938964844e+02, 2.781499938964844e+02, 2.781499938964844e+02, 2.781499938964844e+02, 2.781499938964844e+02, 2.781499938964844e+02, 2.781499938964844e+02, 2.781499938964844e+02, 2.781499938964844e+02, 2.781499938964844e+02, 2.781499938964844e+02, 2.781499938964844e+02, 2.781499938964844e+02, 2.781499938964844e+02, 2.781499938964844e+02, 2.781499938964844e+02, 2.781499938964844e+02, 2.781499938964844e+02, 2.781499938964844e+02, 2.781499938964844e+02, 2.781499938964844e+02, 2.781499938964844e+02, 2.781499938964844e+02, 2.781499938964844e+02, 2.781499938964844e+02, 2.781499938964844e+02, 2.781499938964844e+02, 2.781499938964844e+02, 2.781499938964844e+02, 2.781499938964844e+02, 2.781499938964844e+02, 2.781499938964844e+02, 2.781499938964844e+02, 2.781499938964844e+02, 2.781499938964844e+02, 2.781499938964844e+02, 2.781499938964844e+02, 2.781499938964844e+02, 2.781499938964844e+02, 2.781499938964844e+02, 2.781499938964844e+02, 2.781499938964844e+02, 2.781499938964844e+02, 2.781499938964844e+02, 2.781499938964844e+02, 2.781499938964844e+02, 2.781499938964844e+02, 2.781499938964844e+02, 2.781499938964844e+02, 2.781499938964844e+02, 2.781499938964844e+02, 2.781499938964844e+02, 2.781499938964844e+02, 2.781499938964844e+02, 2.781499938964844e+02, 2.781499938964844e+02, 2.781499938964844e+02, 2.781499938964844e+02, 2.781499938964844e+02, 2.781499938964844e+02, 2.781499938964844e+02, 2.781499938964844e+02, 2.781499938964844e+02, 2.781499938964844e+02, 2.781499938964844e+02, 2.781499938964844e+02, 2.781499938964844e+02, 2.781499938964844e+02]
hex.sta_b1.T=[2.931499938964844e+02, 2.828123474121094e+02, 2.827708740234375e+02, 2.827707824707031e+02, 2.827707824707031e+02, 2.827707824707031e+02, 2.827707824707031e+02, 2.827707824707031e+02, 2.827707824707031e+02, 2.827707824707031e+02, 2.827707824707031e+02, 2.830437927246094e+02, 2.834364318847656e+02, 2.838954162597656e+02, 2.844375305175781e+02, 2.850852661132812e+02, 2.858678894042969e+02, 2.868207092285156e+02, 2.879741821289062e+02, 2.892957153320312e+02, 2.90690673828125e+02, 2.924283447265625e+02, 2.9391748046875e+02, 2.951923522949219e+02, 2.962822570800781e+02, 2.972120971679688e+02, 2.980032348632812e+02, 2.986741638183594e+02, 2.992412109375e+02, 2.997187194824219e+02, 3.001192932128906e+02, 3.004541625976562e+02, 3.007330627441406e+02, 3.009645690917969e+02, 3.011560974121094e+02, 3.013140563964844e+02, 3.014439697265625e+02, 3.01550537109375e+02, 3.016377258300781e+02, 3.017088623046875e+02, 3.017668151855469e+02, 3.018139343261719e+02, 3.018521423339844e+02, 3.018830871582031e+02, 3.019081420898438e+02, 3.019283447265625e+02, 3.019446716308594e+02, 3.019578247070312e+02, 3.019684143066406e+02, 3.019769287109375e+02, 3.019837646484375e+02, 3.019877014160156e+02, 3.01984375e+02, 3.019701538085938e+02, 3.019368286132812e+02, 3.018584289550781e+02, 3.016953430175781e+02, 3.01333251953125e+02, 3.011084289550781e+02, 3.010244445800781e+02, 3.010158081054688e+02, 3.010384521484375e+02, 3.010565490722656e+02, 3.010653686523438e+02, 3.010613098144531e+02, 3.010403747558594e+02, 3.009979553222656e+02, 3.009284362792969e+02, 3.008252258300781e+02, 3.006827697753906e+02, 3.005042419433594e+02, 3.003069152832031e+02, 3.000957336425781e+02, 2.998657531738281e+02, 2.99613525390625e+02, 2.993369445800781e+02, 2.990352172851562e+02, 2.987083435058594e+02, 2.983570861816406e+02, 2.979827880859375e+02, 2.97587158203125e+02, 2.971722106933594e+02, 2.967401733398438e+02, 2.962932739257812e+02, 2.958339233398438e+02, 2.953644104003906e+02, 2.948869934082031e+02, 2.944039306640625e+02, 2.93917236328125e+02, 2.934288635253906e+02, 2.929406433105469e+02, 2.924542236328125e+02, 2.919711303710938e+02, 2.914927368164062e+02, 2.91020263671875e+02, 2.905547790527344e+02, 2.900972595214844e+02, 2.896484680175781e+02, 2.892091674804688e+02, 2.887798767089844e+02, 2.883611450195312e+02]
hex.Q2_flow=[0e+00, -1.933302856445312e+03, -1.933334838867188e+03, -1.9333349609375e+03, -1.9333349609375e+03, -1.9333349609375e+03, -1.9333349609375e+03, -1.9333349609375e+03, -1.9333349609375e+03, -1.9333349609375e+03, -1.9333349609375e+03, -1.877822387695312e+03, -1.812723266601562e+03, -1.73613525390625e+03, -1.644756469726562e+03, -1.533902221679688e+03, -1.396702514648438e+03, -1.222647583007812e+03, -9.945209350585938e+02, -6.795471801757812e+02, -3.300040283203125e+02, -2.800220336914062e+02, -2.462848510742188e+02, -2.187385559082031e+02, -1.962693023681641e+02, -1.779616546630859e+02, -1.630621948242188e+02, -1.509508514404297e+02, -1.41117691040039e+02, -1.331435241699219e+02, -1.266844863891602e+02, -1.214587707519531e+02, -1.172355041503906e+02, -1.138259735107422e+02, -1.110761947631836e+02, -1.088606185913086e+02, -1.070770568847656e+02, -1.056424942016602e+02, -1.044895553588867e+02, -1.035638122558594e+02, -1.02821174621582e+02, -1.022254867553711e+02, -1.01748176574707e+02, -1.013656997680664e+02, -1.010592727661133e+02, -1.008139953613281e+02, -1.006175994873047e+02, -1.004605026245117e+02, -1.003349151611328e+02, -1.002344741821289e+02, -1.001541519165039e+02, -9.630302429199219e+01, -9.187057495117188e+01, -8.460691833496094e+01, -6.934847259521467e+01, -3.505406188964866e+01, -5.968865585327168e+01, -9.459722900390625e+01, -1.076772613525391e+02, -1.128896865844727e+02, -1.148103561401367e+02, -1.080345840454102e+02, -1.036674880981445e+02, -9.947098541259766e+01, -9.519381713867188e+01, -9.050657653808594e+01, -8.491815185546875e+01, -7.762516784667969e+01, -6.715655517578125e+01, -5.015017318725586e+01, -3.213927841186523e+01, -2.832708168029785e+01, -2.503201103210449e+01, -2.277339363098145e+01, -2.120494270324707e+01, -2.008849334716797e+01, -1.926721382141113e+01, -1.863487815856934e+01, -1.812085723876953e+01, -1.767879486083984e+01, -1.727858543395996e+01, -1.690021514892578e+01, -1.653068351745605e+01, -1.616226577758789e+01, -1.57907543182373e+01, -1.541409015655518e+01, -1.503137493133545e+01, -1.464254856109619e+01, -1.424821186065674e+01, -1.384939384460449e+01, -1.344733619689941e+01, -1.30433292388916e+01, -1.263871669769287e+01, -1.223482704162598e+01, -1.183280277252197e+01, -1.143356513977051e+01, -1.103824806213379e+01, -1.064788150787354e+01, -1.026330471038818e+01, -9.885339736938477e+00, -9.514683723449707e+00]
hex.port_a2.m_flow=[0e+00, 1.400000005960464e-01, 1.400000005960464e-01, 1.400000005960464e-01, 1.400000005960464e-01, 1.400000005960464e-01, 1.400000005960464e-01, 1.400000005960464e-01, 1.400000005960464e-01, 1.400000005960464e-01, 1.400000005960464e-01, 1.400000005960464e-01, 1.400000005960464e-01, 1.400000005960464e-01, 1.400000005960464e-01, 1.400000005960464e-01, 1.400000005960464e-01, 1.400000005960464e-01, 1.400000005960464e-01, 1.400000005960464e-01, 1.400000005960464e-01, 1.400000005960464e-01, 1.400000005960464e-01, 1.400000005960464e-01, 1.400000005960464e-01, 1.400000005960464e-01, 1.400000005960464e-01, 1.400000005960464e-01, 1.400000005960464e-01, 1.400000005960464e-01, 1.400000005960464e-01, 1.400000005960464e-01, 1.400000005960464e-01, 1.400000005960464e-01, 1.400000005960464e-01, 1.400000005960464e-01, 1.400000005960464e-01, 1.400000005960464e-01, 1.400000005960464e-01, 1.400000005960464e-01, 1.400000005960464e-01, 1.400000005960464e-01, 1.400000005960464e-01, 1.400000005960464e-01, 1.400000005960464e-01, 1.400000005960464e-01, 1.400000005960464e-01, 1.400000005960464e-01, 1.400000005960464e-01, 1.400000005960464e-01, 1.400000005960464e-01, 1.120196580886841e-01, 8.401474356651306e-02, 5.600982904434204e-02, 2.800491452217084e-02, 8.798432984854636e-07, -2.799511328339594e-02, -5.59900589287281e-02, -8.398532867431641e-02, -1.119803264737129e-01, -1.39975443482399e-01, -1.260110586881638e-01, -1.120098307728767e-01, -9.800859540700912e-02, -8.400736749172211e-02, -7.000613957643509e-02, -5.600491538643837e-02, -4.200368374586105e-02, -2.800245769321918e-02, -1.402721647173166e-02, -4.366858092907933e-07, -4.297362433351021e-13, -1.43245414445034e-13, 0e+00, 0e+00, 0e+00, 2.86490828890068e-13, 0e+00, -1.43245414445034e-13, 0e+00, 0e+00, -4.297362433351021e-13, 0e+00, 0e+00, -1.43245414445034e-13, 0e+00, 0e+00, -1.145963315560272e-12, 2.86490828890068e-13, 0e+00, -1.43245414445034e-13, 2.86490828890068e-13, 1.289208757110361e-12, 4.297362433351021e-13, -5.729816577801361e-13, -4.297362433351021e-13, 2.86490828890068e-13, 4.297362433351021e-13, 0e+00, -4.297362433351021e-13, 0e+00]
hex.port_b2.m_flow=[-1.400000005960464e-01, -1.400000005960464e-01, -1.400000005960464e-01, -1.400000005960464e-01, -1.400000005960464e-01, -1.400000005960464e-01, -1.400000005960464e-01, -1.400000005960464e-01, -1.400000005960464e-01, -1.400000005960464e-01, -1.400000005960464e-01, -1.400000005960464e-01, -1.400000005960464e-01, -1.400000005960464e-01, -1.400000005960464e-01, -1.400000005960464e-01, -1.400000005960464e-01, -1.400000005960464e-01, -1.400000005960464e-01, -1.400000005960464e-01, -1.400000005960464e-01, -1.400000005960464e-01, -1.400000005960464e-01, -1.400000005960464e-01, -1.400000005960464e-01, -1.400000005960464e-01, -1.400000005960464e-01, -1.400000005960464e-01, -1.400000005960464e-01, -1.400000005960464e-01, -1.400000005960464e-01, -1.400000005960464e-01, -1.400000005960464e-01, -1.400000005960464e-01, -1.400000005960464e-01, -1.400000005960464e-01, -1.400000005960464e-01, -1.400000005960464e-01, -1.400000005960464e-01, -1.400000005960464e-01, -1.400000005960464e-01, -1.400000005960464e-01, -1.400000005960464e-01, -1.400000005960464e-01, -1.400000005960464e-01, -1.400000005960464e-01, -1.400000005960464e-01, -1.400000005960464e-01, -1.400000005960464e-01, -1.400000005960464e-01, -1.400000005960464e-01, -1.120000034570694e-01, -8.399999886751175e-02, -5.60000017285347e-02, -2.800000086426717e-02, 4.255373436036178e-16, 2.800000086426753e-02, 5.60000017285347e-02, 8.399999886751175e-02, 1.120000034570694e-01, 1.400000005960464e-01, 1.260000020265579e-01, 1.120000034570694e-01, 9.799999743700027e-02, 8.399999886751175e-02, 7.000000029802322e-02, 5.60000017285347e-02, 4.199999943375587e-02, 2.800000086426735e-02, 1.400000043213367e-02, -0e+00, -0e+00, -0e+00, -0e+00, -0e+00, -0e+00, -0e+00, -0e+00, -0e+00, -0e+00, -0e+00, -0e+00, -0e+00, -0e+00, -0e+00, -0e+00, -0e+00, -0e+00, -0e+00, -0e+00, -0e+00, -0e+00, -0e+00, -0e+00, -0e+00, -0e+00, -0e+00, -0e+00, -0e+00, -0e+00, -0e+00]
