last-generated=2026-10-10
statistics-initialization=
{
  "linear": "0, 0, 0, 0, 0, 0, 0",
  "nonlinear": "1, 0, 0, 0, 0, 0, 0, 0, 0, 0, 0, 0, 0, 0, 0, 0, 0, 0, 0, 0, 0, 0, 0, 0, 0, 3, 0,   0, 1, 1, 0, 0, 1, 1",
  "numerical Jacobians": "0"
}
statistics-simulation=
{
  "linear": "0, 0, 0, 0, 0, 0, 0, 0, 0, 0, 0, 4, 0",
  "nonlinear": "5, 0, 0, 0, 0, 0, 0, 0, 0, 0, 1, 1, 1, 0, 1",
  "number of continuous time states": "82",
  "numerical Jacobians": "0"
}
time=[7.344e+06, 7.776e+06]
flo.sou.TAir=[2.931499938964844e+02, 2.946124877929688e+02, 2.943906555175781e+02, 2.943766784667969e+02, 2.944010009765625e+02, 2.941878051757812e+02, 2.951020812988281e+02, 2.95539794921875e+02, 2.958717346191406e+02, 2.963038940429688e+02, 2.969152526855469e+02, 2.970224609375e+02, 2.969499206542969e+02, 2.967090759277344e+02, 2.958412170410156e+02, 2.955088806152344e+02, 2.958954467773438e+02, 2.958952331542969e+02, 2.955190734863281e+02, 2.954397583007812e+02, 2.949795532226562e+02, 2.9480908203125e+02, 2.944773864746094e+02, 2.944642639160156e+02, 2.941717224121094e+02, 2.939689025878906e+02, 2.952144775390625e+02, 2.956855773925781e+02, 2.958758850097656e+02, 2.961595764160156e+02, 2.958072509765625e+02, 2.963587036132812e+02, 2.963405456542969e+02, 2.964356079101562e+02, 2.95284912109375e+02, 2.946208801269531e+02, 2.947343444824219e+02, 2.948020629882812e+02, 2.9446044921875e+02, 2.942910461425781e+02, 2.937288208007812e+02, 2.937295227050781e+02, 2.932730407714844e+02, 2.932730102539062e+02, 2.932871704101562e+02, 2.933079223632812e+02, 2.944271240234375e+02, 2.950037841796875e+02, 2.954394836425781e+02, 2.9584521484375e+02, 2.958209838867188e+02, 2.963228454589844e+02, 2.965130920410156e+02, 2.959994201660156e+02, 2.947413635253906e+02, 2.941858215332031e+02, 2.937217407226562e+02, 2.935484924316406e+02, 2.931968383789062e+02, 2.929234313964844e+02, 2.925787353515625e+02, 2.924665832519531e+02, 2.920633544921875e+02, 2.919711608886719e+02, 2.920662841796875e+02, 2.936532592773438e+02, 2.9409716796875e+02, 2.9421240234375e+02, 2.942394714355469e+02, 2.947029724121094e+02, 2.946347351074219e+02, 2.950070190429688e+02, 2.950837097167969e+02, 2.949520263671875e+02, 2.938917541503906e+02, 2.932808532714844e+02, 2.926195373535156e+02, 2.918217163085938e+02, 2.9169287109375e+02, 2.914577026367188e+02, 2.912226257324219e+02, 2.909027709960938e+02, 2.906983032226562e+02, 2.909985046386719e+02, 2.933467407226562e+02, 2.931261901855469e+02, 2.9377099609375e+02, 2.934306335449219e+02, 2.934893188476562e+02, 2.93731689453125e+02, 2.938023681640625e+02, 2.940493469238281e+02, 2.935693359375e+02, 2.935521240234375e+02, 2.931085815429688e+02, 2.929782104492188e+02, 2.9142431640625e+02, 2.915154724121094e+02, 2.911130676269531e+02, 2.909365539550781e+02, 2.906823120117188e+02]
flo.eas.TAir=[2.931499938964844e+02, 2.947113952636719e+02, 2.94494873046875e+02, 2.944520874023438e+02, 2.944681701660156e+02, 2.943006896972656e+02, 2.954792785644531e+02, 2.958446044921875e+02, 2.961200256347656e+02, 2.965093688964844e+02, 2.963442993164062e+02, 2.963554382324219e+02, 2.9638818359375e+02, 2.962349243164062e+02, 2.954810485839844e+02, 2.951912841796875e+02, 2.955980834960938e+02, 2.95656982421875e+02, 2.953202819824219e+02, 2.9489453125e+02, 2.950565185546875e+02, 2.94926025390625e+02, 2.945682373046875e+02, 2.945609130859375e+02, 2.939198608398438e+02, 2.939482116699219e+02, 2.952654113769531e+02, 2.956192932128906e+02, 2.957887268066406e+02, 2.96005859375e+02, 2.954962463378906e+02, 2.957806091308594e+02, 2.9614599609375e+02, 2.958175354003906e+02, 2.950679931640625e+02, 2.945408630371094e+02, 2.9463525390625e+02, 2.947206420898438e+02, 2.943367614746094e+02, 2.93952392578125e+02, 2.936147766113281e+02, 2.938378295898438e+02, 2.931919860839844e+02, 2.934107971191406e+02, 2.932448120117188e+02, 2.932086486816406e+02, 2.944360046386719e+02, 2.949749145507812e+02, 2.953782653808594e+02, 2.9570703125e+02, 2.9561181640625e+02, 2.960902099609375e+02, 2.962777404785156e+02, 2.954540100097656e+02, 2.941029357910156e+02, 2.937362365722656e+02, 2.9359375e+02, 2.932499694824219e+02, 2.93062255859375e+02, 2.928092651367188e+02, 2.924469909667969e+02, 2.924222412109375e+02, 2.925141296386719e+02, 2.916780090332031e+02, 2.916630249023438e+02, 2.932908325195312e+02, 2.938123474121094e+02, 2.935434875488281e+02, 2.933450927734375e+02, 2.936401672363281e+02, 2.935252990722656e+02, 2.938464965820312e+02, 2.93942138671875e+02, 2.936944885253906e+02, 2.931285095214844e+02, 2.93154052734375e+02, 2.920595703125e+02, 2.916015319824219e+02, 2.913509826660156e+02, 2.912100524902344e+02, 2.909999389648438e+02, 2.906712646484375e+02, 2.90390380859375e+02, 2.90590087890625e+02, 2.929509582519531e+02, 2.930332946777344e+02, 2.939705505371094e+02, 2.9322802734375e+02, 2.938893127441406e+02, 2.942208251953125e+02, 2.9411767578125e+02, 2.943809814453125e+02, 2.9445751953125e+02, 2.943837280273438e+02, 2.932710876464844e+02, 2.931343383789062e+02, 2.918394775390625e+02, 2.916270141601562e+02, 2.908731994628906e+02, 2.90704345703125e+02, 2.904668579101562e+02]
flo.nor.TAir=[2.931499938964844e+02, 2.948888549804688e+02, 2.946825561523438e+02, 2.946427917480469e+02, 2.94640625e+02, 2.944927978515625e+02, 2.954867858886719e+02, 2.958904113769531e+02, 2.961557006835938e+02, 2.964989624023438e+02, 2.963293151855469e+02, 2.963114318847656e+02, 2.963315734863281e+02, 2.961966247558594e+02, 2.954456787109375e+02, 2.9519384765625e+02, 2.956207885742188e+02, 2.9569921875e+02, 2.954992065429688e+02, 2.951289672851562e+02, 2.950929260253906e+02, 2.949667053222656e+02, 2.947562255859375e+02, 2.941095886230469e+02, 2.938932189941406e+02, 2.936986694335938e+02, 2.951607055664062e+02, 2.955863647460938e+02, 2.955408935546875e+02, 2.957762451171875e+02, 2.956085510253906e+02, 2.958460083007812e+02, 2.956759033203125e+02, 2.962832946777344e+02, 2.951560668945312e+02, 2.945784912109375e+02, 2.946283264160156e+02, 2.947762451171875e+02, 2.945207214355469e+02, 2.941698913574219e+02, 2.939622497558594e+02, 2.937061157226562e+02, 2.936010131835938e+02, 2.933710327148438e+02, 2.934212341308594e+02, 2.933731689453125e+02, 2.944525146484375e+02, 2.949736022949219e+02, 2.953699951171875e+02, 2.957086181640625e+02, 2.956117553710938e+02, 2.960957946777344e+02, 2.960470581054688e+02, 2.958856811523438e+02, 2.944208374023438e+02, 2.941625671386719e+02, 2.941773681640625e+02, 2.931772155761719e+02, 2.928403015136719e+02, 2.925888671875e+02, 2.922092895507812e+02, 2.921723327636719e+02, 2.918624267578125e+02, 2.915849609375e+02, 2.915804443359375e+02, 2.933043823242188e+02, 2.939252014160156e+02, 2.941394958496094e+02, 2.941289367675781e+02, 2.939087219238281e+02, 2.939600830078125e+02, 2.940416259765625e+02, 2.9413671875e+02, 2.939078979492188e+02, 2.936531982421875e+02, 2.93081787109375e+02, 2.925216979980469e+02, 2.925998229980469e+02, 2.919136962890625e+02, 2.918328247070312e+02, 2.916682739257812e+02, 2.913922119140625e+02, 2.910012817382812e+02, 2.911496887207031e+02, 2.934080200195312e+02, 2.933702697753906e+02, 2.937975769042969e+02, 2.936621704101562e+02, 2.939715270996094e+02, 2.943102111816406e+02, 2.942115783691406e+02, 2.944866943359375e+02, 2.945614929199219e+02, 2.944848327636719e+02, 2.93365966796875e+02, 2.931279296875e+02, 2.923442687988281e+02, 2.919898986816406e+02, 2.914565124511719e+02, 2.912543334960938e+02, 2.909718627929688e+02]
flo.wes.TAir=[2.931499938964844e+02, 2.94923095703125e+02, 2.947096557617188e+02, 2.947132263183594e+02, 2.946867370605469e+02, 2.944880065917969e+02, 2.953346557617188e+02, 2.954662170410156e+02, 2.960588073730469e+02, 2.961773071289062e+02, 2.961013488769531e+02, 2.961836242675781e+02, 2.965084228515625e+02, 2.965907287597656e+02, 2.956503601074219e+02, 2.955555725097656e+02, 2.958160095214844e+02, 2.958341979980469e+02, 2.955850524902344e+02, 2.952013244628906e+02, 2.950615234375e+02, 2.94915771484375e+02, 2.943784484863281e+02, 2.942901306152344e+02, 2.943920593261719e+02, 2.942911682128906e+02, 2.952053833007812e+02, 2.956361999511719e+02, 2.958271789550781e+02, 2.960400085449219e+02, 2.95681396484375e+02, 2.962040100097656e+02, 2.962488708496094e+02, 2.963977661132812e+02, 2.952672119140625e+02, 2.946045227050781e+02, 2.948014526367188e+02, 2.947655639648438e+02, 2.942832336425781e+02, 2.939137268066406e+02, 2.935500793457031e+02, 2.934990539550781e+02, 2.931058959960938e+02, 2.930912780761719e+02, 2.931297302246094e+02, 2.930670776367188e+02, 2.942051086425781e+02, 2.94888671875e+02, 2.953025512695312e+02, 2.956588439941406e+02, 2.955740051269531e+02, 2.960806274414062e+02, 2.963297729492188e+02, 2.959093933105469e+02, 2.947401428222656e+02, 2.942030334472656e+02, 2.940707702636719e+02, 2.938649291992188e+02, 2.935638122558594e+02, 2.932800598144531e+02, 2.92965087890625e+02, 2.927973022460938e+02, 2.925527038574219e+02, 2.923162231445312e+02, 2.922292785644531e+02, 2.938500366210938e+02, 2.940665283203125e+02, 2.941492614746094e+02, 2.941381225585938e+02, 2.94540283203125e+02, 2.944456481933594e+02, 2.948635559082031e+02, 2.950099792480469e+02, 2.949460754394531e+02, 2.939360961914062e+02, 2.933128356933594e+02, 2.931248779296875e+02, 2.924420776367188e+02, 2.918910217285156e+02, 2.917563171386719e+02, 2.915541381835938e+02, 2.91260498046875e+02, 2.909219360351562e+02, 2.911809387207031e+02, 2.93466064453125e+02, 2.933212890625e+02, 2.937398376464844e+02, 2.935940856933594e+02, 2.939111938476562e+02, 2.939348754882812e+02, 2.936340026855469e+02, 2.93694091796875e+02, 2.937059936523438e+02, 2.933768005371094e+02, 2.930088500976562e+02, 2.932323303222656e+02, 2.912117919921875e+02, 2.911707153320312e+02, 2.906644897460938e+02, 2.905153198242188e+02, 2.902959289550781e+02]
flo.cor.TAir=[2.931499938964844e+02, 2.950934448242188e+02, 2.948832092285156e+02, 2.94836181640625e+02, 2.948295288085938e+02, 2.946862487792969e+02, 2.955679321289062e+02, 2.959523010253906e+02, 2.962637329101562e+02, 2.965672302246094e+02, 2.965016479492188e+02, 2.965361022949219e+02, 2.96521728515625e+02, 2.963736572265625e+02, 2.955990600585938e+02, 2.953880004882812e+02, 2.958560485839844e+02, 2.959635009765625e+02, 2.957302551269531e+02, 2.954386291503906e+02, 2.953087768554688e+02, 2.951842346191406e+02, 2.948557434082031e+02, 2.946552429199219e+02, 2.94397216796875e+02, 2.942653503417969e+02, 2.954347534179688e+02, 2.959140319824219e+02, 2.960036926269531e+02, 2.961991882324219e+02, 2.958402709960938e+02, 2.962747192382812e+02, 2.962745056152344e+02, 2.965098571777344e+02, 2.954719543457031e+02, 2.948593139648438e+02, 2.950180358886719e+02, 2.950821228027344e+02, 2.947626647949219e+02, 2.944693603515625e+02, 2.941249084472656e+02, 2.940560607910156e+02, 2.937091979980469e+02, 2.93669677734375e+02, 2.936425476074219e+02, 2.93630615234375e+02, 2.9469384765625e+02, 2.9525048828125e+02, 2.956277160644531e+02, 2.959371643066406e+02, 2.957990112304688e+02, 2.962930908203125e+02, 2.964358825683594e+02, 2.9608203125e+02, 2.948000793457031e+02, 2.943925476074219e+02, 2.942984313964844e+02, 2.938516845703125e+02, 2.935577697753906e+02, 2.932940673828125e+02, 2.929577026367188e+02, 2.928692321777344e+02, 2.925874633789062e+02, 2.923325805664062e+02, 2.922454833984375e+02, 2.935781860351562e+02, 2.944308166503906e+02, 2.94428955078125e+02, 2.943191528320312e+02, 2.945078430175781e+02, 2.944241333007812e+02, 2.947157592773438e+02, 2.948131103515625e+02, 2.946617431640625e+02, 2.939770812988281e+02, 2.935437927246094e+02, 2.930605163574219e+02, 2.925845642089844e+02, 2.922928161621094e+02, 2.921115417480469e+02, 2.918968200683594e+02, 2.916109008789062e+02, 2.913495483398438e+02, 2.913591613769531e+02, 2.936787109375e+02, 2.932072448730469e+02, 2.942220458984375e+02, 2.939169616699219e+02, 2.941384887695312e+02, 2.943814086914062e+02, 2.942828674316406e+02, 2.945558166503906e+02, 2.943648376464844e+02, 2.942842407226562e+02, 2.935806274414062e+02, 2.933210754394531e+02, 2.922746276855469e+02, 2.921758422851562e+02, 2.917004699707031e+02, 2.915046081542969e+02, 2.912325439453125e+02]
hvac.TZonSet[1].TCooSet=[3.031499938964844e+02, 3.031499938964844e+02, 3.031499938964844e+02, 3.031499938964844e+02, 3.031499938964844e+02, 3.031499938964844e+02, 2.971499938964844e+02, 2.971499938964844e+02, 2.971499938964844e+02, 2.971499938964844e+02, 2.971499938964844e+02, 2.971499938964844e+02, 2.971499938964844e+02, 2.971499938964844e+02, 2.971499938964844e+02, 2.971499938964844e+02, 3.031499938964844e+02, 3.031499938964844e+02, 3.031499938964844e+02, 3.031499938964844e+02, 3.031499938964844e+02, 3.031499938964844e+02, 3.031499938964844e+02, 3.031499938964844e+02, 3.031499938964844e+02, 3.031499938964844e+02, 2.971499938964844e+02, 2.971499938964844e+02, 2.971499938964844e+02, 2.971499938964844e+02, 2.971499938964844e+02, 2.971499938964844e+02, 2.971499938964844e+02, 2.971499938964844e+02, 2.971499938964844e+02, 2.971499938964844e+02, 3.031499938964844e+02, 3.031499938964844e+02, 3.031499938964844e+02, 3.031499938964844e+02, 3.031499938964844e+02, 3.031499938964844e+02, 3.031499938964844e+02, 3.031499938964844e+02, 3.031499938964844e+02, 2.971499938964844e+02, 2.971499938964844e+02, 2.971499938964844e+02, 2.971499938964844e+02, 2.971499938964844e+02, 2.971499938964844e+02, 2.971499938964844e+02, 2.971499938964844e+02, 2.971499938964844e+02, 2.971499938964844e+02, 2.971499938964844e+02, 3.031499938964844e+02, 3.031499938964844e+02, 3.031499938964844e+02, 3.031499938964844e+02, 3.031499938964844e+02, 3.031499938964844e+02, 3.031499938964844e+02, 3.031499938964844e+02, 2.971499938964844e+02, 2.971499938964844e+02, 2.971499938964844e+02, 2.971499938964844e+02, 2.971499938964844e+02, 2.971499938964844e+02, 2.971499938964844e+02, 2.971499938964844e+02, 2.971499938964844e+02, 2.971499938964844e+02, 2.971499938964844e+02, 2.971499938964844e+02, 3.031499938964844e+02, 3.031499938964844e+02, 3.031499938964844e+02, 3.031499938964844e+02, 3.031499938964844e+02, 3.031499938964844e+02, 3.031499938964844e+02, 2.971499938964844e+02, 2.971499938964844e+02, 2.971499938964844e+02, 2.971499938964844e+02, 2.971499938964844e+02, 2.971499938964844e+02, 2.971499938964844e+02, 2.971499938964844e+02, 2.971499938964844e+02, 2.971499938964844e+02, 2.971499938964844e+02, 2.971499938964844e+02, 2.971499938964844e+02, 3.031499938964844e+02, 3.031499938964844e+02, 3.031499938964844e+02, 3.031499938964844e+02, 3.031499938964844e+02]
hvac.TZonSet[1].THeaSet=[2.851499938964844e+02, 2.851499938964844e+02, 2.851499938964844e+02, 2.851499938964844e+02, 2.851499938964844e+02, 2.851499938964844e+02, 2.931499938964844e+02, 2.931499938964844e+02, 2.931499938964844e+02, 2.931499938964844e+02, 2.931499938964844e+02, 2.931499938964844e+02, 2.931499938964844e+02, 2.931499938964844e+02, 2.931499938964844e+02, 2.931499938964844e+02, 2.851499938964844e+02, 2.851499938964844e+02, 2.851499938964844e+02, 2.851499938964844e+02, 2.851499938964844e+02, 2.851499938964844e+02, 2.851499938964844e+02, 2.851499938964844e+02, 2.851499938964844e+02, 2.851499938964844e+02, 2.931499938964844e+02, 2.931499938964844e+02, 2.931499938964844e+02, 2.931499938964844e+02, 2.931499938964844e+02, 2.931499938964844e+02, 2.931499938964844e+02, 2.931499938964844e+02, 2.931499938964844e+02, 2.931499938964844e+02, 2.851499938964844e+02, 2.851499938964844e+02, 2.851499938964844e+02, 2.851499938964844e+02, 2.851499938964844e+02, 2.851499938964844e+02, 2.851499938964844e+02, 2.851499938964844e+02, 2.851499938964844e+02, 2.931499938964844e+02, 2.931499938964844e+02, 2.931499938964844e+02, 2.931499938964844e+02, 2.931499938964844e+02, 2.931499938964844e+02, 2.931499938964844e+02, 2.931499938964844e+02, 2.931499938964844e+02, 2.931499938964844e+02, 2.931499938964844e+02, 2.851499938964844e+02, 2.851499938964844e+02, 2.851499938964844e+02, 2.851499938964844e+02, 2.851499938964844e+02, 2.851499938964844e+02, 2.851499938964844e+02, 2.851499938964844e+02, 2.931499938964844e+02, 2.931499938964844e+02, 2.931499938964844e+02, 2.931499938964844e+02, 2.931499938964844e+02, 2.931499938964844e+02, 2.931499938964844e+02, 2.931499938964844e+02, 2.931499938964844e+02, 2.931499938964844e+02, 2.931499938964844e+02, 2.931499938964844e+02, 2.851499938964844e+02, 2.851499938964844e+02, 2.851499938964844e+02, 2.851499938964844e+02, 2.851499938964844e+02, 2.851499938964844e+02, 2.851499938964844e+02, 2.931499938964844e+02, 2.931499938964844e+02, 2.931499938964844e+02, 2.931499938964844e+02, 2.931499938964844e+02, 2.931499938964844e+02, 2.931499938964844e+02, 2.931499938964844e+02, 2.931499938964844e+02, 2.931499938964844e+02, 2.931499938964844e+02, 2.931499938964844e+02, 2.931499938964844e+02, 2.851499938964844e+02, 2.851499938964844e+02, 2.851499938964844e+02, 2.851499938964844e+02, 2.851499938964844e+02]
hvac.fanSup.y=[0e+00, 0e+00, 0e+00, 0e+00, 0e+00, 0e+00, 2.61995255947113e-01, 3.042098581790924e-01, 3.050855398178101e-01, 3.005272746086121e-01, 3.012639582157135e-01, 3.10003936290741e-01, 3.021323084831238e-01, 3.024688065052032e-01, 3.011472821235657e-01, 3.011274635791779e-01, 0e+00, 0e+00, 0e+00, 0e+00, 0e+00, 0e+00, 0e+00, 0e+00, 0e+00, 0e+00, 2.621786296367645e-01, 3.045057654380798e-01, 3.047514855861664e-01, 3.005646169185638e-01, 3.012314438819885e-01, 3.014485836029053e-01, 3.016378283500671e-01, 3.017111122608185e-01, 3.015876412391663e-01, 3.015650510787964e-01, 0e+00, 0e+00, 0e+00, 0e+00, 0e+00, 0e+00, 0e+00, 0e+00, 0e+00, 1.089106351137161e-01, 2.616107165813446e-01, 3.040418922901154e-01, 3.048433065414429e-01, 3.006121218204498e-01, 3.012048602104187e-01, 3.01590621471405e-01, 3.014537692070007e-01, 3.017420470714569e-01, 3.013400435447693e-01, 3.017116487026215e-01, 0e+00, 0e+00, 0e+00, 0e+00, 0e+00, 0e+00, 0e+00, 0e+00, 2.008752822875977e-01, 3.05562287569046e-01, 2.843016386032104e-01, 3.046736121177673e-01, 3.026281297206879e-01, 3.003835380077362e-01, 3.013620376586914e-01, 3.015612661838531e-01, 3.015525043010712e-01, 3.015891313552856e-01, 3.019254505634308e-01, 3.015970289707184e-01, 0e+00, 0e+00, 0e+00, 0e+00, 0e+00, 0e+00, 0e+00, 1.900510042905807e-01, 4.561046659946442e-01, 2.792814970016479e-01, 3.069519400596619e-01, 3.068017661571503e-01, 3.003456294536591e-01, 3.008395135402679e-01, 3.015542924404144e-01, 3.016917109489441e-01, 3.01542341709137e-01, 3.015738725662231e-01, 3.01698625087738e-01, 3.136613965034485e-01, 0e+00, 0e+00, 0e+00, 0e+00, 0e+00]
hvac.VAVBox[5].vav.y_actual=[1e+00, -0e+00, 0e+00, 0e+00, 0e+00, 0e+00, 6.710719466209412e-01, 6.900352239608765e-01, 6.468024849891663e-01, 6.490153074264526e-01, 6.51943027973175e-01, 6.514483094215393e-01, 6.400114297866821e-01, 6.48536741733551e-01, 6.46714448928833e-01, 6.487452983856201e-01, -0e+00, 0e+00, 0e+00, 0e+00, 0e+00, 0e+00, 0e+00, 0e+00, 0e+00, 0e+00, 6.704046726226807e-01, 6.859712600708008e-01, 6.449492573738098e-01, 6.481574177742004e-01, 6.507756114006042e-01, 6.508099436759949e-01, 6.501519083976746e-01, 6.50393009185791e-01, 6.489224433898926e-01, 6.496130228042603e-01, 0e+00, 0e+00, 0e+00, 0e+00, 0e+00, 0e+00, 0e+00, 0e+00, 0e+00, 3.697927296161652e-02, 6.66032075881958e-01, 6.857858300209045e-01, 6.439655423164368e-01, 6.468656659126282e-01, 6.495111584663391e-01, 6.490199565887451e-01, 6.49519681930542e-01, 6.485625505447388e-01, 6.508986949920654e-01, 6.501567959785461e-01, 0e+00, 0e+00, 0e+00, 0e+00, 0e+00, 0e+00, 0e+00, 0e+00, 2.944247126579285e-01, 1.630648523569107e-01, 6.696385145187378e-01, 6.627426147460938e-01, 6.439956426620483e-01, 6.492087244987488e-01, 6.520470976829529e-01, 6.51502788066864e-01, 6.516146063804626e-01, 6.515570878982544e-01, 6.503058671951294e-01, 6.490634083747864e-01, -0e+00, 0e+00, 0e+00, 0e+00, 0e+00, 0e+00, 0e+00, 5.337627530097961e-01, 4.04924601316452e-01, 1.624097228050232e-01, 6.845900416374207e-01, 6.41975998878479e-01, 6.465597152709961e-01, 6.527242660522461e-01, 6.52018666267395e-01, 6.508511304855347e-01, 6.51193380355835e-01, 6.513203978538513e-01, 6.512158513069153e-01, 6.730414032936096e-01, 0e+00, 0e+00, 0e+00, 0e+00, 0e+00]
hvac.VAVBox[1].vav.y_actual=[1e+00, -0e+00, 0e+00, 0e+00, 0e+00, 0e+00, 6.710723638534546e-01, 6.900357007980347e-01, 6.468029022216797e-01, 6.490156650543213e-01, 6.519434452056885e-01, 6.740605235099792e-01, 6.404139995574951e-01, 6.485448479652405e-01, 6.46714985370636e-01, 6.487457156181335e-01, -0e+00, 0e+00, 0e+00, 0e+00, 0e+00, 0e+00, 0e+00, 0e+00, 0e+00, 0e+00, 6.704050898551941e-01, 6.85971736907959e-01, 6.449496746063232e-01, 6.481578350067139e-01, 6.507760286331177e-01, 6.508103609085083e-01, 6.50152325630188e-01, 6.503934264183044e-01, 6.48922860622406e-01, 6.496133804321289e-01, 0e+00, 0e+00, 0e+00, 0e+00, 0e+00, 0e+00, 0e+00, 0e+00, 0e+00, 3.697927296161652e-02, 6.660324931144714e-01, 6.857863068580627e-01, 6.439659595489502e-01, 6.468660831451416e-01, 6.495115756988525e-01, 6.490203142166138e-01, 6.495200991630554e-01, 6.485629677772522e-01, 6.508991122245789e-01, 6.501571536064148e-01, 0e+00, 0e+00, 0e+00, 0e+00, 0e+00, 0e+00, 0e+00, 0e+00, 3.88270378112793e-01, 3.77528965473175e-01, 6.735975742340088e-01, 6.628463268280029e-01, 6.439980268478394e-01, 6.492091417312622e-01, 6.520475149154663e-01, 6.515032052993774e-01, 6.516150236129761e-01, 6.51557445526123e-01, 6.50306224822998e-01, 6.490638256072998e-01, -0e+00, 0e+00, 0e+00, 0e+00, 0e+00, 0e+00, 0e+00, 7.053210139274597e-01, 4.470873177051544e-01, 6.536169648170471e-01, 6.940183639526367e-01, 6.421694755554199e-01, 6.46563708782196e-01, 6.527247428894043e-01, 6.520190834999084e-01, 6.508515477180481e-01, 6.511937975883484e-01, 6.513208150863647e-01, 6.512162685394287e-01, 6.868435144424438e-01, -0e+00, 0e+00, 0e+00, 0e+00, 0e+00]
hvac.VAVBox[2].vav.y_actual=[1e+00, -0e+00, 0e+00, 0e+00, 0e+00, 0e+00, 5.585750937461853e-01, 5.76662003993988e-01, 5.459383130073547e-01, 5.477767586708069e-01, 5.500251650810242e-01, 5.495718717575073e-01, 5.407317876815796e-01, 5.474061369895935e-01, 5.459933280944824e-01, 5.475675463676453e-01, 0e+00, 0e+00, 0e+00, 0e+00, 0e+00, 0e+00, 0e+00, 0e+00, 0e+00, 0e+00, 5.580814480781555e-01, 5.739074945449829e-01, 5.445290803909302e-01, 5.471122264862061e-01, 5.491309762001038e-01, 5.491569638252258e-01, 5.486493706703186e-01, 5.488327741622925e-01, 5.477030873298645e-01, 5.48235297203064e-01, -0e+00, -0e+00, 0e+00, 0e+00, 0e+00, 0e+00, 0e+00, 0e+00, 0e+00, 3.697927296161652e-02, 5.526881217956543e-01, 5.737824440002441e-01, 5.43765664100647e-01, 5.461084842681885e-01, 5.481583476066589e-01, 5.477773547172546e-01, 5.481646060943604e-01, 5.474238395690918e-01, 5.492268800735474e-01, 5.486520528793335e-01, 0e+00, 0e+00, 0e+00, 0e+00, 0e+00, 0e+00, 0e+00, 0e+00, 5.57284951210022e-01, 5.078950524330139e-01, 5.67270040512085e-01, 5.579823851585388e-01, 5.43862521648407e-01, 5.479286313056946e-01, 5.501042604446411e-01, 5.496868491172791e-01, 5.497730374336243e-01, 5.497285127639771e-01, 5.487632155418396e-01, 5.478132963180542e-01, -0e+00, 0e+00, 0e+00, 0e+00, 0e+00, 0e+00, 0e+00, 7.345352172851562e-01, 4.673633873462677e-01, 7.72905170917511e-01, 6.55845046043396e-01, 5.437365770339966e-01, 5.458974838256836e-01, 5.506283044815063e-01, 5.500804781913757e-01, 5.491852760314941e-01, 5.494505763053894e-01, 5.495474934577942e-01, 5.494661927223206e-01, 5.658279657363892e-01, -0e+00, 0e+00, 0e+00, 0e+00, 0e+00]
hvac.VAVBox[3].vav.y_actual=[1e+00, -0e+00, 0e+00, 0e+00, 0e+00, 0e+00, 6.710723638534546e-01, 6.900357007980347e-01, 6.468029022216797e-01, 6.490156650543213e-01, 6.519434452056885e-01, 6.514487266540527e-01, 6.400118470191956e-01, 6.485370993614197e-01, 6.467148661613464e-01, 6.487457156181335e-01, -0e+00, 0e+00, 0e+00, 0e+00, 0e+00, 0e+00, 0e+00, 0e+00, 0e+00, 0e+00, 6.704050898551941e-01, 6.85971736907959e-01, 6.449496746063232e-01, 6.481578350067139e-01, 6.507760286331177e-01, 6.508103609085083e-01, 6.50152325630188e-01, 6.503934264183044e-01, 6.48922860622406e-01, 6.496133804321289e-01, 0e+00, 0e+00, 0e+00, 0e+00, 0e+00, 0e+00, 0e+00, 0e+00, 0e+00, 3.697927296161652e-02, 6.660324931144714e-01, 6.857863068580627e-01, 6.439659595489502e-01, 6.468660831451416e-01, 6.495115756988525e-01, 6.490203142166138e-01, 6.495200991630554e-01, 6.485629677772522e-01, 6.508991122245789e-01, 6.501571536064148e-01, 0e+00, 0e+00, 0e+00, 0e+00, 0e+00, 0e+00, 0e+00, 0e+00, 5.679003596305847e-01, 5.451464653015137e-01, 6.811559200286865e-01, 6.630448698997498e-01, 6.44001841545105e-01, 6.49209201335907e-01, 6.520475149154663e-01, 6.515032052993774e-01, 6.516150236129761e-01, 6.51557445526123e-01, 6.50306224822998e-01, 6.490638256072998e-01, -0e+00, 0e+00, 0e+00, 0e+00, 0e+00, 0e+00, 0e+00, 6.37629508972168e-01, 4.42872017621994e-01, 6.182575225830078e-01, 6.939088702201843e-01, 6.421672105789185e-01, 6.46563708782196e-01, 6.527247428894043e-01, 6.520190834999084e-01, 6.508515477180481e-01, 6.511937975883484e-01, 6.513208150863647e-01, 6.512162685394287e-01, 6.73041820526123e-01, 0e+00, 0e+00, 0e+00, 0e+00, 0e+00]
hvac.VAVBox[4].vav.y_actual=[1e+00, -0e+00, 0e+00, 0e+00, 0e+00, 0e+00, 5.585750937461853e-01, 5.76662003993988e-01, 5.459383130073547e-01, 5.477767586708069e-01, 5.500251650810242e-01, 5.495718717575073e-01, 5.407317876815796e-01, 5.474061369895935e-01, 5.459933280944824e-01, 5.475675463676453e-01, 0e+00, 0e+00, 0e+00, 0e+00, 0e+00, 0e+00, 0e+00, 0e+00, 0e+00, 0e+00, 5.580814480781555e-01, 5.739074945449829e-01, 5.445290803909302e-01, 5.471122264862061e-01, 5.491309762001038e-01, 5.491569638252258e-01, 5.486493706703186e-01, 5.488327741622925e-01, 5.477030873298645e-01, 5.48235297203064e-01, -0e+00, -0e+00, 0e+00, 0e+00, 0e+00, 0e+00, 0e+00, 0e+00, 0e+00, 3.697927296161652e-02, 5.526881217956543e-01, 5.737824440002441e-01, 5.43765664100647e-01, 5.461084842681885e-01, 5.481583476066589e-01, 5.477773547172546e-01, 5.481646060943604e-01, 5.474238395690918e-01, 5.492268800735474e-01, 5.486520528793335e-01, 0e+00, 0e+00, 0e+00, 0e+00, 0e+00, 0e+00, 0e+00, 0e+00, 2.944247126579285e-01, 3.387554287910461e-01, 5.659286379814148e-01, 5.579546689987183e-01, 5.438620448112488e-01, 5.479285717010498e-01, 5.501042604446411e-01, 5.496868491172791e-01, 5.497730374336243e-01, 5.497285127639771e-01, 5.487632155418396e-01, 5.478132963180542e-01, -0e+00, 0e+00, 0e+00, 0e+00, 0e+00, 0e+00, 0e+00, 6.528488993644714e-01, 3.191218972206116e-01, 6.257840991020203e-01, 5.814078450202942e-01, 5.423614978790283e-01, 5.458714365959167e-01, 5.506278276443481e-01, 5.500804781913757e-01, 5.491852760314941e-01, 5.494505763053894e-01, 5.495474934577942e-01, 5.494661927223206e-01, 6.783850193023682e-01, 0e+00, 0e+00, 0e+00, 0e+00, 0e+00]
hvac.damOut.y=[0e+00, 0e+00, 0e+00, 0e+00, 0e+00, 0e+00, 3.557286560535431e-01, 7.356105446815491e-01, 9.557655453681946e-01, 1e+00, 1e+00, 1e+00, 1e+00, 1e+00, 1e+00, 1e+00, 0e+00, 0e+00, 0e+00, 0e+00, 0e+00, 0e+00, 0e+00, 0e+00, 0e+00, 0e+00, 3.555038571357727e-01, 7.353400588035583e-01, 9.558822512626648e-01, 1e+00, 1e+00, 1e+00, 1e+00, 1e+00, 1e+00, 1e+00, 0e+00, 0e+00, 0e+00, 0e+00, 0e+00, 0e+00, 0e+00, 0e+00, 0e+00, 0e+00, 3.795984983444214e-01, 7.531393766403198e-01, 9.651508927345276e-01, 1e+00, 1e+00, 1e+00, 1e+00, 1e+00, 1e+00, 1e+00, 0e+00, 0e+00, 0e+00, 0e+00, 0e+00, 0e+00, 0e+00, 0e+00, 0e+00, 0e+00, 5.466021299362183e-01, 8.57714831829071e-01, 1e+00, 1e+00, 1e+00, 1e+00, 1e+00, 1e+00, 1e+00, 1e+00, 0e+00, 0e+00, 0e+00, 0e+00, 0e+00, 0e+00, 0e+00, 0e+00, 0e+00, 0e+00, 5.733676552772522e-01, 8.748596906661987e-01, 1e+00, 1e+00, 1e+00, 1e+00, 1e+00, 1e+00, 1e+00, 1e+00, 0e+00, 0e+00, 0e+00, 0e+00, 0e+00]
hvac.VAVBox[1].TSup=[2.931499938964844e+02, 2.931499938964844e+02, 2.931499938964844e+02, 2.931499938964844e+02, 2.931499938964844e+02, 2.931499938964844e+02, 2.914539489746094e+02, 2.911011352539062e+02, 2.909813842773438e+02, 2.908758850097656e+02, 2.89905029296875e+02, 2.871745910644531e+02, 2.862133483886719e+02, 2.855372619628906e+02, 2.87675048828125e+02, 2.920422973632812e+02, 2.91196533203125e+02, 2.91196533203125e+02, 2.91196533203125e+02, 2.91196533203125e+02, 2.91196533203125e+02, 2.91196533203125e+02, 2.91196533203125e+02, 2.91196533203125e+02, 2.91196533203125e+02, 2.91196533203125e+02, 2.911831665039062e+02, 2.913184204101562e+02, 2.91142578125e+02, 2.902707824707031e+02, 2.898594055175781e+02, 2.907778015136719e+02, 2.911092529296875e+02, 2.913104248046875e+02, 2.911604309082031e+02, 2.911019287109375e+02, 2.912617797851562e+02, 2.912617797851562e+02, 2.912617797851562e+02, 2.912617797851562e+02, 2.912617797851562e+02, 2.912617797851562e+02, 2.912617797851562e+02, 2.912617797851562e+02, 2.912617797851562e+02, 2.912617797851562e+02, 2.92100341796875e+02, 2.9116357421875e+02, 2.911435852050781e+02, 2.911326904296875e+02, 2.911504211425781e+02, 2.911507568359375e+02, 2.916792297363281e+02, 2.896058959960938e+02, 2.900364074707031e+02, 2.910065002441406e+02, 2.910956726074219e+02, 2.910956726074219e+02, 2.910956726074219e+02, 2.910956726074219e+02, 2.910956726074219e+02, 2.910956726074219e+02, 2.910956726074219e+02, 2.910956726074219e+02, 3.021722717285156e+02, 2.992165222167969e+02, 2.9332666015625e+02, 2.907651672363281e+02, 2.891272888183594e+02, 2.9058935546875e+02, 2.9096630859375e+02, 2.910638732910156e+02, 2.910413513183594e+02, 2.910904846191406e+02, 2.908980102539062e+02, 2.90947265625e+02, 2.908652954101562e+02, 2.908652954101562e+02, 2.908652954101562e+02, 2.908652954101562e+02, 2.908652954101562e+02, 2.908652954101562e+02, 2.908652954101562e+02, 3.011267700195312e+02, 3.061758728027344e+02, 3.051712341308594e+02, 2.926217651367188e+02, 2.903561706542969e+02, 2.904921875e+02, 2.908717041015625e+02, 2.91148681640625e+02, 2.908706970214844e+02, 2.909861755371094e+02, 2.909635314941406e+02, 2.964005432128906e+02, 3.041297912597656e+02, 2.928972473144531e+02, 2.928972473144531e+02, 2.928972473144531e+02, 2.928972473144531e+02, 2.928972473144531e+02]
hvac.VAVBox[2].TSup=[2.931499938964844e+02, 2.931499938964844e+02, 2.931499938964844e+02, 2.931499938964844e+02, 2.931499938964844e+02, 2.931499938964844e+02, 2.91452392578125e+02, 2.911014709472656e+02, 2.909812927246094e+02, 2.90874755859375e+02, 2.899072265625e+02, 2.871753234863281e+02, 2.862141723632812e+02, 2.855364990234375e+02, 2.876742553710938e+02, 2.92064208984375e+02, 2.911730041503906e+02, 2.911730041503906e+02, 2.911730041503906e+02, 2.911730041503906e+02, 2.911730041503906e+02, 2.911730041503906e+02, 2.911730041503906e+02, 2.911730041503906e+02, 2.911730041503906e+02, 2.911730041503906e+02, 2.911832275390625e+02, 2.913187561035156e+02, 2.91142578125e+02, 2.902722473144531e+02, 2.898587951660156e+02, 2.907773742675781e+02, 2.911092529296875e+02, 2.913103332519531e+02, 2.911604309082031e+02, 2.911018981933594e+02, 2.912377624511719e+02, 2.912377624511719e+02, 2.912377624511719e+02, 2.912377624511719e+02, 2.912377624511719e+02, 2.912377624511719e+02, 2.912377624511719e+02, 2.912377624511719e+02, 2.912377624511719e+02, 2.912377624511719e+02, 2.920968017578125e+02, 2.9116357421875e+02, 2.911435852050781e+02, 2.911326293945312e+02, 2.911504211425781e+02, 2.911507568359375e+02, 2.916800537109375e+02, 2.896071166992188e+02, 2.9003515625e+02, 2.910064086914062e+02, 2.910697937011719e+02, 2.910697937011719e+02, 2.910697937011719e+02, 2.910697937011719e+02, 2.910697937011719e+02, 2.910697937011719e+02, 2.910697937011719e+02, 2.910697937011719e+02, 3.018115539550781e+02, 3.056471557617188e+02, 2.941338500976562e+02, 2.907664489746094e+02, 2.891261901855469e+02, 2.90589111328125e+02, 2.909662170410156e+02, 2.910638122558594e+02, 2.910415344238281e+02, 2.910903625488281e+02, 2.971376647949219e+02, 3.017102966308594e+02, 2.982525329589844e+02, 2.982525329589844e+02, 2.982525329589844e+02, 2.982525329589844e+02, 2.982525329589844e+02, 2.982525329589844e+02, 2.982525329589844e+02, 3.024547729492188e+02, 3.050794982910156e+02, 3.041553039550781e+02, 2.988863220214844e+02, 2.903575744628906e+02, 2.904916076660156e+02, 2.908715515136719e+02, 2.911487731933594e+02, 2.908706359863281e+02, 2.909861145019531e+02, 2.909635925292969e+02, 2.900845336914062e+02, 2.941681213378906e+02, 2.929170532226562e+02, 2.929170532226562e+02, 2.929170532226562e+02, 2.929170532226562e+02, 2.929170532226562e+02]
hvac.VAVBox[3].TSup=[2.931499938964844e+02, 2.931499938964844e+02, 2.931499938964844e+02, 2.931499938964844e+02, 2.931499938964844e+02, 2.931499938964844e+02, 2.914539489746094e+02, 2.911011352539062e+02, 2.909813842773438e+02, 2.908758850097656e+02, 2.89905029296875e+02, 2.871746826171875e+02, 2.862133483886719e+02, 2.855372619628906e+02, 2.87675048828125e+02, 2.920422973632812e+02, 2.91196533203125e+02, 2.91196533203125e+02, 2.91196533203125e+02, 2.91196533203125e+02, 2.91196533203125e+02, 2.91196533203125e+02, 2.91196533203125e+02, 2.91196533203125e+02, 2.91196533203125e+02, 2.91196533203125e+02, 2.911831665039062e+02, 2.913184204101562e+02, 2.91142578125e+02, 2.902707824707031e+02, 2.898594055175781e+02, 2.907778015136719e+02, 2.911092529296875e+02, 2.913104248046875e+02, 2.911604309082031e+02, 2.911019287109375e+02, 2.912617797851562e+02, 2.912617797851562e+02, 2.912617797851562e+02, 2.912617797851562e+02, 2.912617797851562e+02, 2.912617797851562e+02, 2.912617797851562e+02, 2.912617797851562e+02, 2.912617797851562e+02, 2.912617797851562e+02, 2.92100341796875e+02, 2.9116357421875e+02, 2.911435852050781e+02, 2.911326904296875e+02, 2.911504211425781e+02, 2.911507568359375e+02, 2.916792297363281e+02, 2.896058959960938e+02, 2.900364074707031e+02, 2.910065002441406e+02, 2.910956726074219e+02, 2.910956726074219e+02, 2.910956726074219e+02, 2.910956726074219e+02, 2.910956726074219e+02, 2.910956726074219e+02, 2.910956726074219e+02, 2.910956726074219e+02, 3.017967224121094e+02, 3.072538757324219e+02, 2.966791687011719e+02, 2.907651672363281e+02, 2.891272888183594e+02, 2.9058935546875e+02, 2.9096630859375e+02, 2.910638732910156e+02, 2.910413513183594e+02, 2.910904846191406e+02, 2.908980102539062e+02, 2.935472412109375e+02, 2.931099548339844e+02, 2.931099548339844e+02, 2.931099548339844e+02, 2.931099548339844e+02, 2.931099548339844e+02, 2.931099548339844e+02, 2.931099548339844e+02, 3.015462646484375e+02, 3.06358154296875e+02, 3.001499938964844e+02, 2.926217651367188e+02, 2.903561706542969e+02, 2.904921875e+02, 2.908717041015625e+02, 2.91148681640625e+02, 2.908706970214844e+02, 2.909861755371094e+02, 2.909635314941406e+02, 2.900833129882812e+02, 2.930967407226562e+02, 2.912344970703125e+02, 2.912344970703125e+02, 2.912344970703125e+02, 2.912344970703125e+02, 2.912344970703125e+02]
hvac.VAVBox[4].TSup=[2.931499938964844e+02, 2.931499938964844e+02, 2.931499938964844e+02, 2.931499938964844e+02, 2.931499938964844e+02, 2.931499938964844e+02, 2.91452392578125e+02, 2.911014709472656e+02, 2.909812927246094e+02, 2.90874755859375e+02, 2.899072265625e+02, 2.871753234863281e+02, 2.862141723632812e+02, 2.855364990234375e+02, 2.876742553710938e+02, 2.92064208984375e+02, 2.911730041503906e+02, 2.911730041503906e+02, 2.911730041503906e+02, 2.911730041503906e+02, 2.911730041503906e+02, 2.911730041503906e+02, 2.911730041503906e+02, 2.911730041503906e+02, 2.911730041503906e+02, 2.911730041503906e+02, 2.911832275390625e+02, 2.913187561035156e+02, 2.91142578125e+02, 2.902722473144531e+02, 2.898587951660156e+02, 2.907773742675781e+02, 2.911092529296875e+02, 2.913103332519531e+02, 2.911604309082031e+02, 2.911018981933594e+02, 2.912377624511719e+02, 2.912377624511719e+02, 2.912377624511719e+02, 2.912377624511719e+02, 2.912377624511719e+02, 2.912377624511719e+02, 2.912377624511719e+02, 2.912377624511719e+02, 2.912377624511719e+02, 2.912377624511719e+02, 2.920968017578125e+02, 2.9116357421875e+02, 2.911435852050781e+02, 2.911326293945312e+02, 2.911504211425781e+02, 2.911507568359375e+02, 2.916800537109375e+02, 2.896071166992188e+02, 2.9003515625e+02, 2.910064086914062e+02, 2.9106982421875e+02, 2.9106982421875e+02, 2.9106982421875e+02, 2.9106982421875e+02, 2.9106982421875e+02, 2.9106982421875e+02, 2.9106982421875e+02, 2.9106982421875e+02, 3.025222473144531e+02, 2.992043762207031e+02, 2.933253479003906e+02, 2.907664489746094e+02, 2.891261901855469e+02, 2.90589111328125e+02, 2.909662170410156e+02, 2.910638122558594e+02, 2.910415344238281e+02, 2.910903625488281e+02, 2.908979797363281e+02, 2.909470825195312e+02, 2.91221923828125e+02, 2.91221923828125e+02, 2.91221923828125e+02, 2.91221923828125e+02, 2.91221923828125e+02, 2.91221923828125e+02, 2.91221923828125e+02, 3.012030944824219e+02, 2.957765808105469e+02, 3.050218200683594e+02, 2.926217041015625e+02, 2.903576049804688e+02, 2.904916076660156e+02, 2.908715515136719e+02, 2.911487731933594e+02, 2.908706359863281e+02, 2.909861145019531e+02, 2.909635925292969e+02, 3.028556518554688e+02, 3.041570434570312e+02, 2.935730285644531e+02, 2.935730285644531e+02, 2.935730285644531e+02, 2.935730285644531e+02, 2.935730285644531e+02]
hvac.VAVBox[5].TSup=[2.931499938964844e+02, 2.931499938964844e+02, 2.931499938964844e+02, 2.931499938964844e+02, 2.931499938964844e+02, 2.931499938964844e+02, 2.914539489746094e+02, 2.911011352539062e+02, 2.909813842773438e+02, 2.908758850097656e+02, 2.89905029296875e+02, 2.871746826171875e+02, 2.862133483886719e+02, 2.855372619628906e+02, 2.87675048828125e+02, 2.920422973632812e+02, 2.91196533203125e+02, 2.91196533203125e+02, 2.91196533203125e+02, 2.91196533203125e+02, 2.91196533203125e+02, 2.91196533203125e+02, 2.91196533203125e+02, 2.91196533203125e+02, 2.91196533203125e+02, 2.91196533203125e+02, 2.911831665039062e+02, 2.913184204101562e+02, 2.91142578125e+02, 2.902707824707031e+02, 2.898594055175781e+02, 2.907778015136719e+02, 2.911092529296875e+02, 2.913104248046875e+02, 2.911604309082031e+02, 2.911019287109375e+02, 2.912618103027344e+02, 2.912618103027344e+02, 2.912618103027344e+02, 2.912618103027344e+02, 2.912618103027344e+02, 2.912618103027344e+02, 2.912618103027344e+02, 2.912618103027344e+02, 2.912618103027344e+02, 2.912618103027344e+02, 2.92100341796875e+02, 2.9116357421875e+02, 2.911435852050781e+02, 2.911326904296875e+02, 2.911504211425781e+02, 2.911507568359375e+02, 2.916792297363281e+02, 2.896058959960938e+02, 2.900364074707031e+02, 2.910065002441406e+02, 2.910956726074219e+02, 2.910956726074219e+02, 2.910956726074219e+02, 2.910956726074219e+02, 2.910956726074219e+02, 2.910956726074219e+02, 2.910956726074219e+02, 2.910956726074219e+02, 3.025079040527344e+02, 2.990963134765625e+02, 2.933266296386719e+02, 2.907651672363281e+02, 2.891272888183594e+02, 2.9058935546875e+02, 2.9096630859375e+02, 2.910638732910156e+02, 2.910413513183594e+02, 2.910904846191406e+02, 2.908980102539062e+02, 2.90947265625e+02, 2.903345336914062e+02, 2.903345336914062e+02, 2.903345336914062e+02, 2.903345336914062e+02, 2.903345336914062e+02, 2.903345336914062e+02, 2.903345336914062e+02, 3.012589416503906e+02, 3.053749389648438e+02, 2.962598876953125e+02, 2.926217651367188e+02, 2.903561706542969e+02, 2.904921875e+02, 2.908717041015625e+02, 2.91148681640625e+02, 2.908706970214844e+02, 2.909861755371094e+02, 2.909635314941406e+02, 2.900833129882812e+02, 2.895594482421875e+02, 2.891298522949219e+02, 2.891298522949219e+02, 2.891298522949219e+02, 2.891298522949219e+02, 2.891298522949219e+02]
hvac.res.EFan=[0e+00, -4.29266037826892e-06, -4.29266037826892e-06, -4.29266037826892e-06, -4.29266037826892e-06, -4.29266037826892e-06, 3.246039306640625e+03, 7.10991015625e+03, 1.0965091796875e+04, 1.4821853515625e+04, 1.867908203125e+04, 2.253467578125e+04, 2.6390248046875e+04, 3.0247236328125e+04, 3.410408203125e+04, 3.7961203125e+04, 4.11798671875e+04, 4.11798671875e+04, 4.11798671875e+04, 4.11798671875e+04, 4.11798671875e+04, 4.11798671875e+04, 4.11798671875e+04, 4.11798671875e+04, 4.11798671875e+04, 4.11798671875e+04, 4.442499609375e+04, 4.828865625e+04, 5.214387109375e+04, 5.600071484375e+04, 5.985791796875e+04, 6.37148984375e+04, 6.75718359375e+04, 7.14288046875e+04, 7.52856484375e+04, 7.9142625e+04, 8.2361203125e+04, 8.2361203125e+04, 8.2361203125e+04, 8.2361203125e+04, 8.2361203125e+04, 8.2361203125e+04, 8.2361203125e+04, 8.2361203125e+04, 8.2361203125e+04, 8.2361203125e+04, 8.5608640625e+04, 8.94726875e+04, 9.332790625e+04, 9.7184734375e+04, 1.010419296875e+05, 1.048988984375e+05, 1.08755859375e+05, 1.1261278125e+05, 1.16469796875e+05, 1.20326734375e+05, 1.2354528125e+05, 1.2354528125e+05, 1.2354528125e+05, 1.2354528125e+05, 1.2354528125e+05, 1.2354528125e+05, 1.2354528125e+05, 1.2354528125e+05, 1.236569765625e+05, 1.27724640625e+05, 1.31594859375e+05, 1.35453484375e+05, 1.3930946875e+05, 1.43166546875e+05, 1.47023765625e+05, 1.5088071875e+05, 1.5473765625e+05, 1.58594609375e+05, 1.62451515625e+05, 1.66308296875e+05, 1.69526953125e+05, 1.69526953125e+05, 1.69526953125e+05, 1.69526953125e+05, 1.69526953125e+05, 1.69526953125e+05, 1.69526953125e+05, 1.696594375e+05, 1.7528153125e+05, 1.79152296875e+05, 1.83015234375e+05, 1.86869578125e+05, 1.90726296875e+05, 1.945836875e+05, 1.984406875e+05, 2.0229759375e+05, 2.06154546875e+05, 2.100115e+05, 2.13868421875e+05, 2.17723984375e+05, 2.20940203125e+05, 2.20940203125e+05, 2.20940203125e+05, 2.20940203125e+05, 2.20940203125e+05]
hvac.res.EHea=[0e+00, 0e+00, 0e+00, 0e+00, 0e+00, 0e+00, 0e+00, 0e+00, 0e+00, 0e+00, 0e+00, 0e+00, 0e+00, 0e+00, 0e+00, 0e+00, 0e+00, 0e+00, 0e+00, 0e+00, 0e+00, 0e+00, 0e+00, 0e+00, 0e+00, 0e+00, 0e+00, 0e+00, 0e+00, 0e+00, 1.071592163085938e+03, 9.9650126953125e+03, 2.3086537109375e+04, 3.6688234375e+04, 4.893043359375e+04, 6.158217578125e+04, 7.23718125e+04, 7.23718125e+04, 7.23718125e+04, 7.23718125e+04, 7.23718125e+04, 7.23718125e+04, 7.23718125e+04, 7.23718125e+04, 7.23718125e+04, 7.23718125e+04, 7.431371875e+04, 7.431371875e+04, 7.431371875e+04, 7.431371875e+04, 7.431371875e+04, 7.431371875e+04, 7.431371875e+04, 7.431371875e+04, 7.941425e+04, 9.6110890625e+04, 1.124130546875e+05, 1.124130546875e+05, 1.124130546875e+05, 1.124130546875e+05, 1.124130546875e+05, 1.124130546875e+05, 1.124130546875e+05, 1.124130546875e+05, 1.13233734375e+05, 1.54793546875e+05, 1.7008165625e+05, 1.70177625e+05, 1.70948453125e+05, 1.82898953125e+05, 2.03830546875e+05, 2.27843109375e+05, 2.53151625e+05, 2.8062975e+05, 3.1070528125e+05, 3.445715e+05, 3.7833546875e+05, 3.7833546875e+05, 3.7833546875e+05, 3.7833546875e+05, 3.7833546875e+05, 3.7833546875e+05, 3.7833546875e+05, 3.7951546875e+05, 4.5339540625e+05, 4.978005625e+05, 5.263375625e+05, 5.27280875e+05, 5.300005625e+05, 5.38233375e+05, 5.495996875e+05, 5.6259125e+05, 5.80155875e+05, 6.008096875e+05, 6.318444375e+05, 6.868516875e+05, 7.42366625e+05, 7.42366625e+05, 7.42366625e+05, 7.42366625e+05, 7.42366625e+05]
hvac.res.ECoo=[0e+00, 0e+00, 0e+00, 0e+00, 0e+00, 0e+00, -6.508888671875e+03, -2.402563671875e+04, -3.9222515625e+04, -5.05509140625e+04, -6.322780078125e+04, -9.3213703125e+04, -1.3306046875e+05, -1.8197821875e+05, -2.1964028125e+05, -2.409055e+05, -2.46656671875e+05, -2.46656671875e+05, -2.46656671875e+05, -2.46656671875e+05, -2.46656671875e+05, -2.46656671875e+05, -2.46656671875e+05, -2.46656671875e+05, -2.46656671875e+05, -2.46656671875e+05, -2.50597796875e+05, -2.625933125e+05, -2.7039159375e+05, -2.7199146875e+05, -2.7199146875e+05, -2.7199146875e+05, -2.7199146875e+05, -2.7199146875e+05, -2.7199146875e+05, -2.7199146875e+05, -2.7199146875e+05, -2.7199146875e+05, -2.7199146875e+05, -2.7199146875e+05, -2.7199146875e+05, -2.7199146875e+05, -2.7199146875e+05, -2.7199146875e+05, -2.7199146875e+05, -2.7199146875e+05, -2.775253125e+05, -2.85311875e+05, -2.92921125e+05, -2.967243125e+05, -2.9996509375e+05, -3.03926375e+05, -3.0722984375e+05, -3.0736771875e+05, -3.0746321875e+05, -3.077621875e+05, -3.0773640625e+05, -3.0773640625e+05, -3.0773640625e+05, -3.0773640625e+05, -3.0773640625e+05, -3.0773640625e+05, -3.0773640625e+05, -3.0773640625e+05, -3.0773640625e+05, -3.0773640625e+05, -3.0773640625e+05, -3.0868109375e+05, -3.0793190625e+05, -3.08428e+05, -3.0848721875e+05, -3.0848721875e+05, -3.0848721875e+05, -3.0848721875e+05, -3.0848721875e+05, -3.0848721875e+05, -3.0848721875e+05, -3.0848721875e+05, -3.0848721875e+05, -3.0848721875e+05, -3.0848721875e+05, -3.0848721875e+05, -3.0848721875e+05, -3.0848721875e+05, -3.0848721875e+05, -3.0848721875e+05, -3.0848721875e+05, -3.0848721875e+05, -3.0848721875e+05, -3.0848721875e+05, -3.0848721875e+05, -3.0848721875e+05, -3.0848721875e+05, -3.0848721875e+05, -3.0848721875e+05, -3.0848721875e+05, -3.0848721875e+05, -3.0848721875e+05, -3.0848721875e+05, -3.0848721875e+05, -3.0848721875e+05]
