last-generated=2014-02-12
inverseXRegularized.y=[-1.00000000000000000000, -1.02040815400130835400, -1.04166662790444397579, -1.06382978114919790613, -1.08695650312895564227, -1.11111116226150508091, -1.13636362900588427927, -1.16279065528761416104, -1.19047618421558754065, -1.21951221361174355629, -1.24999999536656014598, -1.28205132681383870974, -1.31578947047237693191, -1.35135139785821678515, -1.38888883362014081690, -1.42857143844084721884, -1.47058822280466161558, -1.51515149254140868429, -1.56249996529247359156, -1.61290324982803978671, -1.66666661048315978277, -1.72413794151115817854, -1.78571427634167756437, -1.85185179253943577038, -1.92307690804246500527, -2.00000000000000000000, -2.08333333734054937381, -2.17391290148166183016, -2.27272723884888350199, -2.38095245376647390856, -2.49999985246462630428, -2.63157888959393426731, -2.77777778343346559708, -2.94117619025939802668, -3.12499993101340400870, -3.33333338810517165740, -3.57142817758306252429, -3.84615359717639382353, -4.16666667609536034433, -4.54545510417179610130, -4.99999970782115710222, -5.55555556940270900412, -6.25000105072061362677, -7.14285636516088295878, -8.33333335799669505661, -10.00000226008975623415, -11.13343983161284178607, -9.77855935782314311666, -6.47295590181522939588, -2.75264335506771873341, 0.00000000000000000000, 2.75264335501785817328, 6.47296712075820845911, 9.77856637185463561934, 11.13343934079521169167, 10.00000226005606762669, 8.33333335800179142439, 7.14285636517146205193, 6.24999872797041344796, 5.55555375995786793197, 5.00000121640015215974, 4.54545510416282461108, 4.16666667609285124030, 3.84615359717846416743, 3.57142817758842356923, 3.33333273102355676087, 3.12500051870276385202, 2.94117670666565667048, 2.77777778343180159482, 2.63157888959344798963, 2.49999985246682543405, 2.38095211725998145980, 2.27272754931886877827, 2.17391318387136855961, 2.08333333733930547993, 2.00000000000000000000, 1.92307679805917608462, 1.85185169109028424650, 1.78571408751781457447, 1.72413803071681526191, 1.66666669360146446621, 1.61290324982822563804, 1.56249996529299095549, 1.51515142453841256120, 1.47058809447640248536, 1.42857156050256750568, 1.38888889140426230462, 1.35135139785795588274, 1.31578944471152059492, 1.28205127805932361795, 1.24999992586606789580, 1.21951230258555121111, 1.19047622665373431516, 1.16279067552180270795, 1.13636361939678143251, 1.11111113478931011755, 1.08695645052415756915, 1.06382984465896202053, 1.04166666849571476483, 1.02040817347483780964, 1.00000000000000000000]
time=[0.00000000000000000000, 1.00000000000000000000]
