last-generated=2014-09-22
probe_source.V=[1.00000000000000000000, 1.00000000000000000000]
probe_loadRL.V=[0.99563533067703247070, 0.99563533067703247070]
probe_loadRC.V=[0.99563533067703247070, 0.99563533067703247070]
time=[0.00000000000000000000, 1.00000000000000000000]
