last-generated=2015-05-08
statistics-simulation={'numerical Jacobians': '0', 'nonlinear': ' ', 'linear': ' '}
solTim.solTim=[-2047.0791015625, 6590.22802734375, 15227.5380859375, 23864.8515625, 32502.166015625, 41139.484375, 49776.8046875, 58414.12890625000727595761, 67051.453125, 75688.78125, 84326.1171875, 92963.453125, 101600.7890625, 110238.125, 118875.46875000001455191523, 127512.8203125, 136150.171875, 144787.515625, 153424.875, 162062.234375, 170699.59375, 179336.953125, 187974.328125, 196611.703125, 205249.078125, 213886.453125, 222523.828125, 231161.21875000002910383046, 239798.60937500002910383046, 248435.99999999997089616954, 257073.390625, 265710.78125, 274348.1875, 282985.59375, 291623., 300260.40625, 308897.8125, 317535.25, 326172.65625, 334810.09375, 343447.5, 352084.9375, 360722.375, 369359.8125, 377997.25, 386634.71875, 395272.15625, 403909.59375, 412547.0625, 421184.53125, 429822., 438459.46875, 447096.9375, 455734.40625, 464371.90625000005820766091, 473009.37500000005820766091, 481646.87500000005820766091, 490284.34374999994179233909, 498921.84374999994179233909, 507559.34375, 516196.84375, 524834.375, 533471.875, 542109.375, 550746.9375, 559384.4375, 568021.9375, 576659.5, 585297.0625, 593934.5625, 602572.125, 611209.6875, 619847.25, 628484.8125, 637122.375, 645759.9375, 654397.5, 663035.0625, 671672.625, 680310.25, 688947.8125, 697585.4375, 706223., 714860.625, 723498.25, 732135.8125, 740773.4375, 749411.0625, 758048.6875, 766686.3125, 775323.9375, 783961.625, 792599.25, 801236.875, 809874.5625, 818512.1875, 827149.875, 835787.5625, 844425.1875, 853062.875, 861700.5625]
time=[0., 864000.]
solTim.locTim=[-1830.666748046875, 6809.33349609375, 15449.3330078125, 24089.333984375, 32729.333984375, 41369.33203125, 50009.33203125, 58649.33203125000727595761, 67289.3359375, 75929.3359375, 84569.3359375, 93209.3359375, 101849.3359375, 110489.3359375, 119129.33593750001455191523, 127769.3359375, 136409.328125, 145049.328125, 153689.328125, 162329.328125, 170969.328125, 179609.328125, 188249.328125, 196889.328125, 205529.328125, 214169.328125, 222809.328125, 231449.32812500002910383046, 240089.32812500002910383046, 248729.32812499997089616954, 257369.328125, 266009.34375, 274649.34375, 283289.34375, 291929.34375, 300569.34375, 309209.34375, 317849.34375, 326489.34375, 335129.34375, 343769.34375, 352409.34375, 361049.34375, 369689.34375, 378329.34375, 386969.34375, 395609.34375, 404249.34375, 412889.34375, 421529.34375, 430169.34375, 438809.34375, 447449.34375, 456089.34375, 464729.34375000005820766091, 473369.34375000005820766091, 482009.34375000005820766091, 490649.34374999994179233909, 499289.34374999994179233909, 507929.34375, 516569.34375, 525209.3125, 533849.3125, 542489.3125, 551129.3125, 559769.3125, 568409.3125, 577049.3125, 585689.3125, 594329.3125, 602969.3125, 611609.3125, 620249.3125, 628889.3125, 637529.3125, 646169.3125, 654809.3125, 663449.3125, 672089.3125, 680729.3125, 689369.3125, 698009.3125, 706649.3125, 715289.3125, 723929.3125, 732569.3125, 741209.3125, 749849.3125, 758489.3125, 767129.3125, 775769.3125, 784409.3125, 793049.3125, 801689.3125, 810329.3125, 818969.3125, 827609.3125, 836249.3125, 844889.3125, 853529.3125, 862169.3125]
