last-generated=2026-09-30
statistics-initialization=
{
  "linear": "0, 0, 0, 0, 0, 0, 0",
  "nonlinear": "1, 0, 0, 0, 0, 0, 0, 0, 0, 0, 0, 0, 0, 0, 0, 0, 0, 0, 0, 0, 0, 0, 0, 0, 0, 1, 1,   2, 0, 0, 0, 1, 3, 0, 0, 1",
  "numerical Jacobians": "0"
}
statistics-simulation=
{
  "linear": "0, 0, 0, 0, 0, 0, 0, 0, 0, 0, 0, 4, 0",
  "nonlinear": "0, 2, 0, 5, 0, 0, 0, 0, 1, 0, 0, 1, 1, 1",
  "number of continuous time states": "78",
  "numerical Jacobians": "0"
}
time=[4.32e+05, 8.64e+05]
flo.sou.TAir=[2.931499938964844e+02, 2.922672119140625e+02, 2.917944641113281e+02, 2.913210144042969e+02, 2.908796691894531e+02, 2.923147583007812e+02, 2.926780395507812e+02, 2.934857177734375e+02, 2.939352111816406e+02, 2.940868530273438e+02, 2.934635620117188e+02, 2.932208557128906e+02, 2.931894226074219e+02, 2.9313037109375e+02, 2.93103271484375e+02, 2.931470642089844e+02, 2.912498168945312e+02, 2.906784973144531e+02, 2.903140869140625e+02, 2.898173217773438e+02, 2.893346252441406e+02, 2.888570251464844e+02, 2.885403442382812e+02, 2.881968994140625e+02, 2.879051208496094e+02, 2.919616088867188e+02, 2.903641357421875e+02, 2.916094970703125e+02, 2.928039855957031e+02, 2.933013610839844e+02, 2.932117309570312e+02, 2.931556701660156e+02, 2.931150512695312e+02, 2.930612487792969e+02, 2.926062316894531e+02, 2.921341552734375e+02, 2.899801025390625e+02, 2.895288391113281e+02, 2.890786437988281e+02, 2.8875927734375e+02, 2.884842224121094e+02, 2.881335144042969e+02, 2.879713439941406e+02, 2.877305297851562e+02, 2.874756469726562e+02, 2.91326904296875e+02, 2.897981262207031e+02, 2.908547668457031e+02, 2.918829040527344e+02, 2.925194702148438e+02, 2.928904724121094e+02, 2.931642456054688e+02, 2.927997131347656e+02, 2.930620727539062e+02, 2.923905639648438e+02, 2.920735473632812e+02, 2.893387451171875e+02, 2.888932495117188e+02, 2.884363098144531e+02, 2.878640747070312e+02, 2.877945861816406e+02, 2.876301574707031e+02, 2.873163757324219e+02, 2.87313232421875e+02, 2.871032104492188e+02, 2.913027954101562e+02, 2.906231079101562e+02, 2.922001037597656e+02, 2.932543640136719e+02, 2.931038208007812e+02, 2.932877807617188e+02, 2.933206176757812e+02, 2.933377380371094e+02, 2.930912170410156e+02, 2.931381225585938e+02, 2.93176025390625e+02, 2.912752685546875e+02, 2.909474487304688e+02, 2.908390502929688e+02, 2.908812255859375e+02, 2.907009582519531e+02, 2.903274841308594e+02, 2.903636169433594e+02, 2.902220764160156e+02, 2.900827026367188e+02, 2.919351806640625e+02, 2.923539733886719e+02, 2.934757995605469e+02, 2.939686889648438e+02, 2.946055297851562e+02, 2.949267578125e+02, 2.951829833984375e+02, 2.949657287597656e+02, 2.946641235351562e+02, 2.940800170898438e+02, 2.929552307128906e+02, 2.927157592773438e+02, 2.923251037597656e+02, 2.923265686035156e+02, 2.920797729492188e+02, 2.915795593261719e+02]
flo.eas.TAir=[2.931499938964844e+02, 2.921435241699219e+02, 2.9165234375e+02, 2.911810607910156e+02, 2.907376708984375e+02, 2.922881774902344e+02, 2.927690734863281e+02, 2.933203735351562e+02, 2.931527099609375e+02, 2.930382385253906e+02, 2.931472778320312e+02, 2.932589416503906e+02, 2.931529235839844e+02, 2.931431579589844e+02, 2.931442260742188e+02, 2.931271362304688e+02, 2.909428100585938e+02, 2.904881896972656e+02, 2.901242980957031e+02, 2.896171875e+02, 2.891322937011719e+02, 2.886682739257812e+02, 2.883604736328125e+02, 2.8802734375e+02, 2.8774267578125e+02, 2.920504455566406e+02, 2.905048217773438e+02, 2.919273071289062e+02, 2.926180419921875e+02, 2.9258544921875e+02, 2.924223327636719e+02, 2.922773742675781e+02, 2.923336791992188e+02, 2.923396606445312e+02, 2.921603393554688e+02, 2.918602905273438e+02, 2.89217529296875e+02, 2.889832458496094e+02, 2.885639038085938e+02, 2.882679138183594e+02, 2.880378112792969e+02, 2.878054504394531e+02, 2.875887756347656e+02, 2.873675231933594e+02, 2.871620788574219e+02, 2.910298767089844e+02, 2.89820556640625e+02, 2.910240478515625e+02, 2.915694274902344e+02, 2.915518798828125e+02, 2.915265197753906e+02, 2.916905822753906e+02, 2.918301391601562e+02, 2.919113464355469e+02, 2.917655334472656e+02, 2.916786193847656e+02, 2.892554016113281e+02, 2.889331665039062e+02, 2.885781555175781e+02, 2.881957092285156e+02, 2.879921569824219e+02, 2.879184265136719e+02, 2.877079162597656e+02, 2.876222839355469e+02, 2.874920349121094e+02, 2.917490844726562e+02, 2.906786193847656e+02, 2.923683776855469e+02, 2.933483581542969e+02, 2.931703796386719e+02, 2.931642456054688e+02, 2.932383117675781e+02, 2.931617736816406e+02, 2.931490783691406e+02, 2.931363525390625e+02, 2.931371154785156e+02, 2.913550109863281e+02, 2.910542907714844e+02, 2.908381958007812e+02, 2.906505126953125e+02, 2.903716735839844e+02, 2.901425170898438e+02, 2.900718078613281e+02, 2.899131469726562e+02, 2.897705383300781e+02, 2.918814392089844e+02, 2.924056396484375e+02, 2.932799072265625e+02, 2.932974853515625e+02, 2.930747680664062e+02, 2.931658020019531e+02, 2.933654479980469e+02, 2.931684265136719e+02, 2.931090698242188e+02, 2.931056213378906e+02, 2.931367492675781e+02, 2.922464599609375e+02, 2.919656982421875e+02, 2.916811828613281e+02, 2.914288330078125e+02, 2.911504211425781e+02]
flo.nor.TAir=[2.931499938964844e+02, 2.92093505859375e+02, 2.917429809570312e+02, 2.911363220214844e+02, 2.904935913085938e+02, 2.919437866210938e+02, 2.926400146484375e+02, 2.933821105957031e+02, 2.933050231933594e+02, 2.931661376953125e+02, 2.931560668945312e+02, 2.933060607910156e+02, 2.9315673828125e+02, 2.931431884765625e+02, 2.931430358886719e+02, 2.929224243164062e+02, 2.9025e+02, 2.901654968261719e+02, 2.898935546875e+02, 2.890835571289062e+02, 2.8848876953125e+02, 2.881851806640625e+02, 2.879827270507812e+02, 2.876819458007812e+02, 2.875246276855469e+02, 2.91531494140625e+02, 2.903070068359375e+02, 2.910663757324219e+02, 2.911959838867188e+02, 2.9131201171875e+02, 2.919235534667969e+02, 2.918314819335938e+02, 2.919205627441406e+02, 2.919886779785156e+02, 2.918507690429688e+02, 2.915609436035156e+02, 2.886181030273438e+02, 2.888254699707031e+02, 2.88374755859375e+02, 2.879951171875e+02, 2.879559020996094e+02, 2.87849365234375e+02, 2.876299133300781e+02, 2.874103393554688e+02, 2.872471923828125e+02, 2.910690307617188e+02, 2.895980834960938e+02, 2.900951538085938e+02, 2.905319213867188e+02, 2.908760986328125e+02, 2.911077575683594e+02, 2.913059387207031e+02, 2.914082641601562e+02, 2.915560607910156e+02, 2.914148254394531e+02, 2.913434143066406e+02, 2.892410278320312e+02, 2.888870849609375e+02, 2.885543212890625e+02, 2.881688232421875e+02, 2.879757995605469e+02, 2.879219970703125e+02, 2.877178649902344e+02, 2.876422424316406e+02, 2.875303649902344e+02, 2.915053405761719e+02, 2.904442749023438e+02, 2.919466247558594e+02, 2.927919311523438e+02, 2.92947021484375e+02, 2.932431335449219e+02, 2.933466796875e+02, 2.931658630371094e+02, 2.931565856933594e+02, 2.931387634277344e+02, 2.93055908203125e+02, 2.914209899902344e+02, 2.91052734375e+02, 2.908573608398438e+02, 2.906868591308594e+02, 2.904222717285156e+02, 2.901761779785156e+02, 2.899488220214844e+02, 2.896343994140625e+02, 2.894254760742188e+02, 2.920022888183594e+02, 2.921951293945312e+02, 2.931487426757812e+02, 2.932288208007812e+02, 2.932093505859375e+02, 2.932117919921875e+02, 2.934115600585938e+02, 2.931624755859375e+02, 2.931470642089844e+02, 2.930530090332031e+02, 2.931697387695312e+02, 2.92235595703125e+02, 2.919671630859375e+02, 2.916902465820312e+02, 2.914386901855469e+02, 2.911589965820312e+02]
flo.wes.TAir=[2.931499938964844e+02, 2.912714538574219e+02, 2.909190979003906e+02, 2.905343322753906e+02, 2.901799621582031e+02, 2.9186474609375e+02, 2.926752624511719e+02, 2.933520812988281e+02, 2.931910095214844e+02, 2.931510620117188e+02, 2.931526489257812e+02, 2.932570495605469e+02, 2.931789245605469e+02, 2.931519165039062e+02, 2.931322021484375e+02, 2.931238403320312e+02, 2.908834228515625e+02, 2.899575500488281e+02, 2.895647583007812e+02, 2.895290832519531e+02, 2.890580749511719e+02, 2.883020629882812e+02, 2.879762268066406e+02, 2.874649658203125e+02, 2.871801147460938e+02, 2.915159606933594e+02, 2.90427001953125e+02, 2.911589965820312e+02, 2.916247253417969e+02, 2.91926025390625e+02, 2.921568603515625e+02, 2.92268798828125e+02, 2.927915954589844e+02, 2.930547180175781e+02, 2.923019104003906e+02, 2.918804016113281e+02, 2.892364807128906e+02, 2.886086730957031e+02, 2.882142333984375e+02, 2.882584228515625e+02, 2.877946166992188e+02, 2.875140075683594e+02, 2.872800598144531e+02, 2.870602111816406e+02, 2.868482360839844e+02, 2.909068908691406e+02, 2.898066711425781e+02, 2.902895202636719e+02, 2.907391662597656e+02, 2.910997314453125e+02, 2.913468017578125e+02, 2.917231750488281e+02, 2.923106384277344e+02, 2.926055603027344e+02, 2.919486999511719e+02, 2.91731201171875e+02, 2.889383850097656e+02, 2.885931396484375e+02, 2.883105163574219e+02, 2.876358947753906e+02, 2.873880004882812e+02, 2.873648681640625e+02, 2.870814514160156e+02, 2.869972839355469e+02, 2.869983215332031e+02, 2.912301330566406e+02, 2.906364135742188e+02, 2.918539123535156e+02, 2.9280859375e+02, 2.933075561523438e+02, 2.931048583984375e+02, 2.932366333007812e+02, 2.932454528808594e+02, 2.93131103515625e+02, 2.9306298828125e+02, 2.931359558105469e+02, 2.908022766113281e+02, 2.905296020507812e+02, 2.903690185546875e+02, 2.902466125488281e+02, 2.896868896484375e+02, 2.894421081542969e+02, 2.896145935058594e+02, 2.895502319335938e+02, 2.893717956542969e+02, 2.921495666503906e+02, 2.923791809082031e+02, 2.933093872070312e+02, 2.932012023925781e+02, 2.93183349609375e+02, 2.931813659667969e+02, 2.934183654785156e+02, 2.932609558105469e+02, 2.9323828125e+02, 2.929972534179688e+02, 2.931426086425781e+02, 2.919660034179688e+02, 2.917908325195312e+02, 2.912229614257812e+02, 2.909065551757812e+02, 2.905497741699219e+02]
flo.cor.TAir=[2.931499938964844e+02, 2.926481018066406e+02, 2.922276611328125e+02, 2.917575988769531e+02, 2.912868347167969e+02, 2.927807922363281e+02, 2.932819213867188e+02, 2.936307983398438e+02, 2.937474670410156e+02, 2.937289428710938e+02, 2.936790161132812e+02, 2.937069091796875e+02, 2.936118469238281e+02, 2.935992126464844e+02, 2.935825805664062e+02, 2.930144348144531e+02, 2.913666381835938e+02, 2.910194702148438e+02, 2.906957092285156e+02, 2.901584777832031e+02, 2.896448364257812e+02, 2.891983642578125e+02, 2.889215698242188e+02, 2.885796203613281e+02, 2.883275146484375e+02, 2.925579223632812e+02, 2.910395202636719e+02, 2.919085388183594e+02, 2.92299560546875e+02, 2.925452575683594e+02, 2.928061218261719e+02, 2.927126770019531e+02, 2.927990417480469e+02, 2.928702697753906e+02, 2.927105712890625e+02, 2.9238232421875e+02, 2.896997985839844e+02, 2.896054077148438e+02, 2.891981201171875e+02, 2.889221496582031e+02, 2.887236938476562e+02, 2.885120544433594e+02, 2.883050842285156e+02, 2.88084716796875e+02, 2.878869323730469e+02, 2.919960632324219e+02, 2.903708801269531e+02, 2.909530639648438e+02, 2.914188842773438e+02, 2.917989501953125e+02, 2.920416870117188e+02, 2.922694396972656e+02, 2.923046569824219e+02, 2.924778137207031e+02, 2.922557678222656e+02, 2.921579895019531e+02, 2.898053283691406e+02, 2.894527282714844e+02, 2.890987854003906e+02, 2.88631591796875e+02, 2.884552612304688e+02, 2.883744812011719e+02, 2.881236572265625e+02, 2.880591735839844e+02, 2.879300842285156e+02, 2.922925720214844e+02, 2.911311340332031e+02, 2.926590576171875e+02, 2.934698486328125e+02, 2.932226867675781e+02, 2.93159912109375e+02, 2.93364501953125e+02, 2.932244873046875e+02, 2.931501770019531e+02, 2.931453857421875e+02, 2.931593933105469e+02, 2.917752075195312e+02, 2.914429931640625e+02, 2.912728881835938e+02, 2.911407775878906e+02, 2.908360290527344e+02, 2.905803527832031e+02, 2.905302734375e+02, 2.903385009765625e+02, 2.901696166992188e+02, 2.923527526855469e+02, 2.92806640625e+02, 2.93417724609375e+02, 2.935751342773438e+02, 2.938050537109375e+02, 2.939546203613281e+02, 2.941840209960938e+02, 2.940086059570312e+02, 2.939191589355469e+02, 2.936861572265625e+02, 2.930868530273438e+02, 2.927755737304688e+02, 2.924993591308594e+02, 2.921871337890625e+02, 2.919255676269531e+02, 2.916300964355469e+02]
hvac.TSetRoo.setPoiHea.y=[2.851499938964844e+02, 2.851499938964844e+02, 2.851499938964844e+02, 2.851499938964844e+02, 2.851499938964844e+02, 2.931499938964844e+02, 2.931499938964844e+02, 2.931499938964844e+02, 2.931499938964844e+02, 2.931499938964844e+02, 2.931499938964844e+02, 2.931499938964844e+02, 2.931499938964844e+02, 2.931499938964844e+02, 2.931499938964844e+02, 2.931499938964844e+02, 2.851499938964844e+02, 2.851499938964844e+02, 2.851499938964844e+02, 2.851499938964844e+02, 2.851499938964844e+02, 2.851499938964844e+02, 2.851499938964844e+02, 2.851499938964844e+02, 2.851499938964844e+02, 2.931499938964844e+02, 2.931499938964844e+02, 2.931499938964844e+02, 2.931499938964844e+02, 2.931499938964844e+02, 2.931499938964844e+02, 2.931499938964844e+02, 2.931499938964844e+02, 2.931499938964844e+02, 2.931499938964844e+02, 2.931499938964844e+02, 2.851499938964844e+02, 2.851499938964844e+02, 2.851499938964844e+02, 2.851499938964844e+02, 2.851499938964844e+02, 2.851499938964844e+02, 2.851499938964844e+02, 2.851499938964844e+02, 2.851499938964844e+02, 2.931499938964844e+02, 2.931499938964844e+02, 2.931499938964844e+02, 2.931499938964844e+02, 2.931499938964844e+02, 2.931499938964844e+02, 2.931499938964844e+02, 2.931499938964844e+02, 2.931499938964844e+02, 2.931499938964844e+02, 2.931499938964844e+02, 2.851499938964844e+02, 2.851499938964844e+02, 2.851499938964844e+02, 2.851499938964844e+02, 2.851499938964844e+02, 2.851499938964844e+02, 2.851499938964844e+02, 2.851499938964844e+02, 2.851499938964844e+02, 2.931499938964844e+02, 2.931499938964844e+02, 2.931499938964844e+02, 2.931499938964844e+02, 2.931499938964844e+02, 2.931499938964844e+02, 2.931499938964844e+02, 2.931499938964844e+02, 2.931499938964844e+02, 2.931499938964844e+02, 2.931499938964844e+02, 2.851499938964844e+02, 2.851499938964844e+02, 2.851499938964844e+02, 2.851499938964844e+02, 2.851499938964844e+02, 2.851499938964844e+02, 2.851499938964844e+02, 2.851499938964844e+02, 2.851499938964844e+02, 2.931499938964844e+02, 2.931499938964844e+02, 2.931499938964844e+02, 2.931499938964844e+02, 2.931499938964844e+02, 2.931499938964844e+02, 2.931499938964844e+02, 2.931499938964844e+02, 2.931499938964844e+02, 2.931499938964844e+02, 2.931499938964844e+02, 2.851499938964844e+02, 2.851499938964844e+02, 2.851499938964844e+02, 2.851499938964844e+02, 2.851499938964844e+02]
hvac.TSetRoo.setPoiCoo.y=[3.031499938964844e+02, 3.031499938964844e+02, 3.031499938964844e+02, 3.031499938964844e+02, 3.031499938964844e+02, 3.031499938964844e+02, 2.971499938964844e+02, 2.971499938964844e+02, 2.971499938964844e+02, 2.971499938964844e+02, 2.971499938964844e+02, 2.971499938964844e+02, 2.971499938964844e+02, 2.971499938964844e+02, 2.971499938964844e+02, 2.971499938964844e+02, 3.031499938964844e+02, 3.031499938964844e+02, 3.031499938964844e+02, 3.031499938964844e+02, 3.031499938964844e+02, 3.031499938964844e+02, 3.031499938964844e+02, 3.031499938964844e+02, 3.031499938964844e+02, 3.031499938964844e+02, 2.971499938964844e+02, 2.971499938964844e+02, 2.971499938964844e+02, 2.971499938964844e+02, 2.971499938964844e+02, 2.971499938964844e+02, 2.971499938964844e+02, 2.971499938964844e+02, 2.971499938964844e+02, 2.971499938964844e+02, 3.031499938964844e+02, 3.031499938964844e+02, 3.031499938964844e+02, 3.031499938964844e+02, 3.031499938964844e+02, 3.031499938964844e+02, 3.031499938964844e+02, 3.031499938964844e+02, 3.031499938964844e+02, 3.031499938964844e+02, 2.971499938964844e+02, 2.971499938964844e+02, 2.971499938964844e+02, 2.971499938964844e+02, 2.971499938964844e+02, 2.971499938964844e+02, 2.971499938964844e+02, 2.971499938964844e+02, 2.971499938964844e+02, 2.971499938964844e+02, 3.031499938964844e+02, 3.031499938964844e+02, 3.031499938964844e+02, 3.031499938964844e+02, 3.031499938964844e+02, 3.031499938964844e+02, 3.031499938964844e+02, 3.031499938964844e+02, 3.031499938964844e+02, 3.031499938964844e+02, 2.971499938964844e+02, 2.971499938964844e+02, 2.971499938964844e+02, 2.971499938964844e+02, 2.971499938964844e+02, 2.971499938964844e+02, 2.971499938964844e+02, 2.971499938964844e+02, 2.971499938964844e+02, 2.971499938964844e+02, 3.031499938964844e+02, 3.031499938964844e+02, 3.031499938964844e+02, 3.031499938964844e+02, 3.031499938964844e+02, 3.031499938964844e+02, 3.031499938964844e+02, 3.031499938964844e+02, 3.031499938964844e+02, 3.031499938964844e+02, 2.971499938964844e+02, 2.971499938964844e+02, 2.971499938964844e+02, 2.971499938964844e+02, 2.971499938964844e+02, 2.971499938964844e+02, 2.971499938964844e+02, 2.971499938964844e+02, 2.971499938964844e+02, 2.971499938964844e+02, 3.031499938964844e+02, 3.031499938964844e+02, 3.031499938964844e+02, 3.031499938964844e+02, 3.031499938964844e+02]
hvac.fanSup.y=[0e+00, 0e+00, 0e+00, 0e+00, 0e+00, 8.20817768573761e-01, 4.366286396980286e-01, 3.809379041194916e-01, 3.583173453807831e-01, 3.80695104598999e-01, 3.815926015377045e-01, 4.064209461212158e-01, 4.084249138832092e-01, 4.085935950279236e-01, 4.090605080127716e-01, 4.419731795787811e-01, 0e+00, 0e+00, 0e+00, 0e+00, 0e+00, 0e+00, 0e+00, 0e+00, 0e+00, 8.206388354301453e-01, 4.38051849603653e-01, 4.458429515361786e-01, 4.448755085468292e-01, 4.453908503055573e-01, 4.474989175796509e-01, 4.457871317863464e-01, 4.460282623767853e-01, 4.458954632282257e-01, 4.45656806230545e-01, 4.470160007476807e-01, 0e+00, 0e+00, 0e+00, 0e+00, 0e+00, 0e+00, 0e+00, 0e+00, 0e+00, 8.204564452171326e-01, 4.380329251289368e-01, 4.459741413593292e-01, 4.460397362709045e-01, 4.458048939704895e-01, 4.457374513149261e-01, 4.449455738067627e-01, 4.450302124023438e-01, 4.478514194488525e-01, 4.464354515075684e-01, 4.45932149887085e-01, 0e+00, 0e+00, 0e+00, 0e+00, 0e+00, 0e+00, 0e+00, 0e+00, 0e+00, 8.172603845596313e-01, 4.352754652500153e-01, 4.43716824054718e-01, 4.470174908638e-01, 4.371893107891083e-01, 4.462641179561615e-01, 4.44806307554245e-01, 4.46179062128067e-01, 4.450996816158295e-01, 4.465096890926361e-01, 4.466967880725861e-01, 0e+00, 0e+00, 0e+00, 0e+00, 0e+00, 0e+00, 0e+00, 0e+00, 0e+00, 8.20898175239563e-01, 4.370149970054626e-01, 3.674599826335907e-01, 3.559967577457428e-01, 3.79612535238266e-01, 3.811889886856079e-01, 3.811399042606354e-01, 3.811100125312805e-01, 3.810732960700989e-01, 3.811471164226532e-01, 4.373405277729034e-01, 0e+00, 0e+00, 0e+00, 0e+00, 0e+00]
hvac.VAVBox[5].vav.y_actual=[1e+00, 6.041644811630249e-01, 1e+00, 1e+00, 1e+00, 5.274738073348999e-01, 6.177690029144287e-01, 5.363070964813232e-01, 4.7647425532341e-01, 4.743833243846893e-01, 4.741294682025909e-01, 4.763036072254181e-01, 4.770479500293732e-01, 4.76949006319046e-01, 4.768134355545044e-01, 6.14336371421814e-01, 7.388358116149902e-01, 1e+00, 1e+00, 1e+00, 1e+00, 1e+00, 1e+00, 1e+00, 1e+00, 5.275071859359741e-01, 6.148564219474792e-01, 6.241693496704102e-01, 6.290090680122375e-01, 6.313192844390869e-01, 6.290408372879028e-01, 6.278035640716553e-01, 6.286534070968628e-01, 6.278231739997864e-01, 6.284855008125305e-01, 6.269412636756897e-01, 7.389699220657349e-01, 1e+00, 1e+00, 1e+00, 1e+00, 1e+00, 1e+00, 1e+00, 1e+00, 5.275400280952454e-01, 6.148906946182251e-01, 6.240345239639282e-01, 6.259695291519165e-01, 6.269427537918091e-01, 6.273878812789917e-01, 6.282596588134766e-01, 6.326771974563599e-01, 6.311353445053101e-01, 6.273335218429565e-01, 6.272032260894775e-01, 7.397881746292114e-01, 1e+00, 1e+00, 1e+00, 1e+00, 1e+00, 1e+00, 1e+00, 1e+00, 5.264337062835693e-01, 6.208370923995972e-01, 6.322916746139526e-01, 6.349380016326904e-01, 6.303277611732483e-01, 6.307893991470337e-01, 6.312738060951233e-01, 6.354381442070007e-01, 6.30401074886322e-01, 6.314560770988464e-01, 6.283649802207947e-01, 7.410475611686707e-01, 1e+00, 1e+00, 1e+00, 1e+00, 1e+00, 1e+00, 1e+00, 1e+00, 5.274572968482971e-01, 6.180038452148438e-01, 5.333434343338013e-01, 4.761292338371277e-01, 4.749892950057983e-01, 4.743382036685944e-01, 4.741578698158264e-01, 4.740939438343048e-01, 4.742044508457184e-01, 4.741388559341431e-01, 6.125258207321167e-01, 7.385774254798889e-01, 1e+00, 1e+00, 1e+00, 1e+00]
hvac.VAVBox[1].vav.y_actual=[1e+00, 6.041653156280518e-01, 1e+00, 1e+00, 1e+00, 5.274738669395447e-01, 6.177690029144287e-01, 5.395914912223816e-01, 4.766569435596466e-01, 4.743947684764862e-01, 4.74130392074585e-01, 6.136196255683899e-01, 6.216018795967102e-01, 6.216927766799927e-01, 6.215111017227173e-01, 6.254811882972717e-01, 7.396228909492493e-01, 1e+00, 1e+00, 1e+00, 1e+00, 1e+00, 1e+00, 1e+00, 1e+00, 5.275071859359741e-01, 6.148564219474792e-01, 6.241693496704102e-01, 6.290090680122375e-01, 6.313192844390869e-01, 6.290408372879028e-01, 6.278035640716553e-01, 6.286534070968628e-01, 6.278231739997864e-01, 6.284855008125305e-01, 6.269412636756897e-01, 7.389701008796692e-01, 1e+00, 1e+00, 1e+00, 1e+00, 1e+00, 1e+00, 1e+00, 1e+00, 5.275400280952454e-01, 6.148906946182251e-01, 6.240345239639282e-01, 6.259695291519165e-01, 6.269427537918091e-01, 6.273878812789917e-01, 6.282596588134766e-01, 6.326771974563599e-01, 6.311353445053101e-01, 6.273335218429565e-01, 6.272032260894775e-01, 7.397883534431458e-01, 1e+00, 1e+00, 1e+00, 1e+00, 1e+00, 1e+00, 1e+00, 1e+00, 5.264337062835693e-01, 6.208370923995972e-01, 6.322916746139526e-01, 6.349380016326904e-01, 5.954210162162781e-01, 6.29425585269928e-01, 6.312206387519836e-01, 6.35435938835144e-01, 6.304009556770325e-01, 6.314560770988464e-01, 6.283649802207947e-01, 7.410476803779602e-01, 1e+00, 1e+00, 1e+00, 1e+00, 1e+00, 1e+00, 1e+00, 1e+00, 5.274572968482971e-01, 6.180038452148438e-01, 5.377827882766724e-01, 4.763765335083008e-01, 4.750047326087952e-01, 4.743393957614899e-01, 4.741581678390503e-01, 4.740942120552063e-01, 4.742046892642975e-01, 4.741390943527222e-01, 6.084427833557129e-01, 7.382897734642029e-01, 1e+00, 1e+00, 1e+00, 1e+00]
hvac.VAVBox[2].vav.y_actual=[1e+00, 5.549777150154114e-01, 1e+00, 1e+00, 1e+00, 5.258042812347412e-01, 6.177138090133667e-01, 5.241815447807312e-01, 4.609518051147461e-01, 6.131330728530884e-01, 6.179521083831787e-01, 6.210424304008484e-01, 6.218647360801697e-01, 6.217020750045776e-01, 6.215113997459412e-01, 6.254811882972717e-01, 7.303246855735779e-01, 1e+00, 1e+00, 1e+00, 1e+00, 1e+00, 1e+00, 1e+00, 1e+00, 5.25837779045105e-01, 6.148023009300232e-01, 6.241673827171326e-01, 6.290090084075928e-01, 6.313192844390869e-01, 6.290408372879028e-01, 6.278035640716553e-01, 6.286534070968628e-01, 6.278231739997864e-01, 6.284855008125305e-01, 6.269412636756897e-01, 7.296719551086426e-01, 1e+00, 1e+00, 1e+00, 1e+00, 1e+00, 1e+00, 1e+00, 1e+00, 5.258704423904419e-01, 6.14836573600769e-01, 6.240325570106506e-01, 6.25969409942627e-01, 6.269427537918091e-01, 6.273878812789917e-01, 6.282596588134766e-01, 6.326771974563599e-01, 6.311353445053101e-01, 6.273335218429565e-01, 6.272032260894775e-01, 7.304902076721191e-01, 1e+00, 1e+00, 1e+00, 1e+00, 1e+00, 1e+00, 1e+00, 1e+00, 5.166130065917969e-01, 6.205015778541565e-01, 6.322785019874573e-01, 6.349374651908875e-01, 6.303277611732483e-01, 6.307893991470337e-01, 6.312738060951233e-01, 6.354381442070007e-01, 6.30401074886322e-01, 6.314560770988464e-01, 6.283649802207947e-01, 7.317494750022888e-01, 1e+00, 1e+00, 1e+00, 1e+00, 1e+00, 1e+00, 1e+00, 1e+00, 5.257881879806519e-01, 6.179484128952026e-01, 5.25740385055542e-01, 4.608597159385681e-01, 6.116790175437927e-01, 6.181092858314514e-01, 6.181684732437134e-01, 6.181045770645142e-01, 6.182544231414795e-01, 6.18156373500824e-01, 6.245085000991821e-01, 7.301251888275146e-01, 1e+00, 1e+00, 1e+00, 1e+00]
hvac.VAVBox[3].vav.y_actual=[1e+00, 6.041653156280518e-01, 1e+00, 1e+00, 1e+00, 5.274738669395447e-01, 6.177690029144287e-01, 6.209920048713684e-01, 6.165636777877808e-01, 6.182697415351868e-01, 6.18127167224884e-01, 6.210485100746155e-01, 6.21864914894104e-01, 6.217020750045776e-01, 6.215113997459412e-01, 6.254811882972717e-01, 7.396228909492493e-01, 1e+00, 1e+00, 1e+00, 1e+00, 1e+00, 1e+00, 1e+00, 1e+00, 5.275071859359741e-01, 6.148564219474792e-01, 6.241693496704102e-01, 6.290090680122375e-01, 6.313192844390869e-01, 6.290408372879028e-01, 6.278035640716553e-01, 6.286534070968628e-01, 6.278231739997864e-01, 6.284855008125305e-01, 6.269412636756897e-01, 7.389701008796692e-01, 1e+00, 1e+00, 1e+00, 1e+00, 1e+00, 1e+00, 1e+00, 1e+00, 5.275400280952454e-01, 6.148906946182251e-01, 6.240345239639282e-01, 6.259695291519165e-01, 6.269427537918091e-01, 6.273878812789917e-01, 6.282596588134766e-01, 6.326771974563599e-01, 6.311353445053101e-01, 6.273335218429565e-01, 6.272032260894775e-01, 7.397883534431458e-01, 1e+00, 1e+00, 1e+00, 1e+00, 1e+00, 1e+00, 1e+00, 1e+00, 5.264337062835693e-01, 6.208370923995972e-01, 6.322916746139526e-01, 6.349380016326904e-01, 6.303277611732483e-01, 6.307893991470337e-01, 6.312738060951233e-01, 6.354381442070007e-01, 6.30401074886322e-01, 6.314560770988464e-01, 6.283649802207947e-01, 7.410476803779602e-01, 1e+00, 1e+00, 1e+00, 1e+00, 1e+00, 1e+00, 1e+00, 1e+00, 5.274572968482971e-01, 6.180038452148438e-01, 5.623599886894226e-01, 6.144349575042725e-01, 6.189982295036316e-01, 6.183595657348633e-01, 6.181769967079163e-01, 6.181048154830933e-01, 6.182544231414795e-01, 6.18156373500824e-01, 6.245085000991821e-01, 7.39423394203186e-01, 1e+00, 1e+00, 1e+00, 1e+00]
hvac.VAVBox[4].vav.y_actual=[1e+00, 5.549777150154114e-01, 1e+00, 1e+00, 1e+00, 5.258042812347412e-01, 6.177138090133667e-01, 5.403156876564026e-01, 6.12800657749176e-01, 6.181417107582092e-01, 6.181227564811707e-01, 6.210483908653259e-01, 6.21864914894104e-01, 6.217020750045776e-01, 6.215113997459412e-01, 6.254811882972717e-01, 7.303246855735779e-01, 1e+00, 1e+00, 1e+00, 1e+00, 1e+00, 1e+00, 1e+00, 1e+00, 5.25837779045105e-01, 6.148023009300232e-01, 6.241673827171326e-01, 6.290090084075928e-01, 6.313192844390869e-01, 6.290408372879028e-01, 6.278035640716553e-01, 6.286534070968628e-01, 6.278231739997864e-01, 6.284855008125305e-01, 6.269412636756897e-01, 7.296719551086426e-01, 1e+00, 1e+00, 1e+00, 1e+00, 1e+00, 1e+00, 1e+00, 1e+00, 5.258704423904419e-01, 6.14836573600769e-01, 6.240325570106506e-01, 6.25969409942627e-01, 6.269427537918091e-01, 6.273878812789917e-01, 6.282596588134766e-01, 6.326771974563599e-01, 6.311353445053101e-01, 6.273335218429565e-01, 6.272032260894775e-01, 7.304902076721191e-01, 1e+00, 1e+00, 1e+00, 1e+00, 1e+00, 1e+00, 1e+00, 1e+00, 5.247721672058105e-01, 6.207807064056396e-01, 6.322894692420959e-01, 6.349378824234009e-01, 6.303277611732483e-01, 6.307893991470337e-01, 6.312738060951233e-01, 6.354381442070007e-01, 6.30401074886322e-01, 6.314560770988464e-01, 6.283649802207947e-01, 7.317494750022888e-01, 1e+00, 1e+00, 1e+00, 1e+00, 1e+00, 1e+00, 1e+00, 1e+00, 5.257881879806519e-01, 6.179484128952026e-01, 5.369130969047546e-01, 6.128653287887573e-01, 6.189443469047546e-01, 6.183577179908752e-01, 6.181769371032715e-01, 6.181048154830933e-01, 6.182544231414795e-01, 6.18156373500824e-01, 6.245085000991821e-01, 7.301251888275146e-01, 1e+00, 1e+00, 1e+00, 1e+00]
hvac.damOut.y=[0e+00, 0e+00, 0e+00, 0e+00, 0e+00, 0e+00, 5.082563757896423e-01, 5.175656676292419e-01, 5.266512632369995e-01, 5.278353691101074e-01, 5.339406728744507e-01, 5.287474989891052e-01, 5.296352505683899e-01, 5.257794260978699e-01, 5.152184367179871e-01, 5.02923846244812e-01, 0e+00, 0e+00, 0e+00, 0e+00, 0e+00, 0e+00, 0e+00, 0e+00, 0e+00, 0e+00, 4.615223705768585e-01, 4.742443263530731e-01, 4.929351806640625e-01, 5.047056078910828e-01, 5.049654841423035e-01, 5.113598108291626e-01, 5.133417248725891e-01, 5.100879669189453e-01, 4.991456866264343e-01, 4.912834167480469e-01, 0e+00, 0e+00, 0e+00, 0e+00, 0e+00, 0e+00, 0e+00, 0e+00, 0e+00, 0e+00, 4.609611630439758e-01, 4.709848761558533e-01, 4.92374062538147e-01, 5.064759254455566e-01, 5.125311613082886e-01, 5.25269627571106e-01, 5.113603472709656e-01, 5.03632664680481e-01, 5.024823546409607e-01, 5.030025839805603e-01, 0e+00, 0e+00, 0e+00, 0e+00, 0e+00, 0e+00, 0e+00, 0e+00, 0e+00, 0e+00, 5.378960967063904e-01, 5.112179517745972e-01, 5.06809413433075e-01, 5.131850242614746e-01, 5.046945214271545e-01, 5.062775015830994e-01, 5.079483985900879e-01, 5.05199134349823e-01, 5.049655437469482e-01, 5.02768337726593e-01, 0e+00, 0e+00, 0e+00, 0e+00, 0e+00, 0e+00, 0e+00, 0e+00, 0e+00, 0e+00, 5.113338232040405e-01, 5.449500679969788e-01, 5.760909914970398e-01, 5.53913414478302e-01, 5.505595803260803e-01, 5.505125522613525e-01, 5.504803061485291e-01, 5.506905317306519e-01, 5.504751205444336e-01, 5.106321573257446e-01, 0e+00, 0e+00, 0e+00, 0e+00, 0e+00]
hvac.VAVBox[1].TSup=[2.931499938964844e+02, 2.931499938964844e+02, 2.931500549316406e+02, 2.931501159667969e+02, 2.931502075195312e+02, 2.961834411621094e+02, 3.009639892578125e+02, 2.946433715820312e+02, 2.851703186035156e+02, 2.851241760253906e+02, 2.851498413085938e+02, 2.875472412109375e+02, 2.880751647949219e+02, 2.878684997558594e+02, 2.906044311523438e+02, 2.998059387207031e+02, 2.95481201171875e+02, 2.954803161621094e+02, 2.95479248046875e+02, 2.954803161621094e+02, 2.954781188964844e+02, 2.954787902832031e+02, 2.954786376953125e+02, 2.954781799316406e+02, 2.954768371582031e+02, 3.041897583007812e+02, 3.009754638671875e+02, 3.007400817871094e+02, 3.007461853027344e+02, 2.983027954101562e+02, 2.896481628417969e+02, 2.904487609863281e+02, 2.913360290527344e+02, 2.956453247070312e+02, 3.007158813476562e+02, 3.006888122558594e+02, 3.045982055664062e+02, 3.04597900390625e+02, 3.04598388671875e+02, 3.045992736816406e+02, 3.0460302734375e+02, 3.046037902832031e+02, 3.04604736328125e+02, 3.046050415039062e+02, 3.046056518554688e+02, 3.038919372558594e+02, 3.00977294921875e+02, 3.007396850585938e+02, 3.0072314453125e+02, 3.007166442871094e+02, 3.007125244140625e+02, 3.007224426269531e+02, 3.013496704101562e+02, 3.0108740234375e+02, 3.010493774414062e+02, 3.011040954589844e+02, 3.049111938476562e+02, 3.049120788574219e+02, 3.049118957519531e+02, 3.049111938476562e+02, 3.049130554199219e+02, 3.049148864746094e+02, 3.049127197265625e+02, 3.049156799316406e+02, 3.049103698730469e+02, 3.040628967285156e+02, 3.009911193847656e+02, 3.015846862792969e+02, 3.012135620117188e+02, 2.983212585449219e+02, 2.881039733886719e+02, 2.853336791992188e+02, 2.879205627441406e+02, 2.87125732421875e+02, 2.908179016113281e+02, 2.968610534667969e+02, 2.903683166503906e+02, 2.903685302734375e+02, 2.903680419921875e+02, 2.903678894042969e+02, 2.903667907714844e+02, 2.903671569824219e+02, 2.903681640625e+02, 2.903682861328125e+02, 2.903680725097656e+02, 2.974095458984375e+02, 3.015203247070312e+02, 2.9452294921875e+02, 2.852277526855469e+02, 2.854083557128906e+02, 2.85262451171875e+02, 2.853012084960938e+02, 2.851141967773438e+02, 2.849950866699219e+02, 2.849202880859375e+02, 2.882511596679688e+02, 2.864330139160156e+02, 2.864329833984375e+02, 2.864330139160156e+02, 2.864338073730469e+02, 2.864336547851562e+02]
hvac.VAVBox[2].TSup=[2.931499938964844e+02, 2.931499938964844e+02, 2.931500549316406e+02, 2.931500854492188e+02, 2.931501770019531e+02, 2.961834106445312e+02, 3.009653930664062e+02, 2.950866088867188e+02, 2.851703186035156e+02, 2.89632080078125e+02, 2.921918334960938e+02, 2.929105834960938e+02, 2.929399108886719e+02, 2.931860961914062e+02, 2.941050415039062e+02, 2.994858093261719e+02, 2.933087463378906e+02, 2.9330810546875e+02, 2.933073120117188e+02, 2.933080749511719e+02, 2.933064575195312e+02, 2.933069458007812e+02, 2.933068237304688e+02, 2.933064880371094e+02, 2.933054504394531e+02, 3.042218933105469e+02, 3.009768371582031e+02, 3.007401123046875e+02, 3.007461853027344e+02, 3.00718994140625e+02, 3.0066357421875e+02, 3.0071044921875e+02, 3.006983642578125e+02, 3.007060852050781e+02, 3.007158813476562e+02, 3.006888122558594e+02, 3.046072998046875e+02, 3.046069641113281e+02, 3.046074523925781e+02, 3.046083679199219e+02, 3.046121826171875e+02, 3.046129455566406e+02, 3.046138916015625e+02, 3.046142272949219e+02, 3.046148071289062e+02, 3.039247741699219e+02, 3.009786682128906e+02, 3.0073974609375e+02, 3.0072314453125e+02, 3.007166442871094e+02, 3.007125244140625e+02, 3.007224426269531e+02, 3.013496704101562e+02, 3.0108740234375e+02, 3.010493774414062e+02, 3.011040954589844e+02, 3.049200439453125e+02, 3.049208984375e+02, 3.049207458496094e+02, 3.049200439453125e+02, 3.04921875e+02, 3.049237060546875e+02, 3.049215698242188e+02, 3.049244995117188e+02, 3.049192199707031e+02, 3.042655639648438e+02, 3.009994812011719e+02, 3.015849914550781e+02, 3.012135620117188e+02, 2.979851989746094e+02, 2.9690478515625e+02, 2.954294128417969e+02, 2.950038146972656e+02, 2.947259216308594e+02, 2.949439086914062e+02, 2.987784423828125e+02, 2.911518859863281e+02, 2.911521911621094e+02, 2.911515502929688e+02, 2.911513366699219e+02, 2.911498107910156e+02, 2.911502990722656e+02, 2.911516723632812e+02, 2.9115185546875e+02, 2.911515808105469e+02, 2.977027587890625e+02, 3.015216674804688e+02, 2.96265380859375e+02, 2.858877868652344e+02, 2.876265258789062e+02, 2.884432067871094e+02, 2.883123474121094e+02, 2.871957702636719e+02, 2.8731201171875e+02, 2.895294494628906e+02, 2.952745666503906e+02, 2.870394897460938e+02, 2.870394897460938e+02, 2.870394897460938e+02, 2.870399780273438e+02, 2.870398864746094e+02]
hvac.VAVBox[3].TSup=[2.931499938964844e+02, 2.931499938964844e+02, 2.931500549316406e+02, 2.931501159667969e+02, 2.931502075195312e+02, 2.961834411621094e+02, 3.009639892578125e+02, 2.999993896484375e+02, 3.000536193847656e+02, 2.921921081542969e+02, 2.921535949707031e+02, 2.935557556152344e+02, 2.928371887207031e+02, 2.9302392578125e+02, 2.941653442382812e+02, 3.007531127929688e+02, 2.994882202148438e+02, 2.994868469238281e+02, 2.994851989746094e+02, 2.9948681640625e+02, 2.994834594726562e+02, 2.994844360351562e+02, 2.994842529296875e+02, 2.994835510253906e+02, 2.994815673828125e+02, 3.041897583007812e+02, 3.009754638671875e+02, 3.007400817871094e+02, 3.007461853027344e+02, 3.00718994140625e+02, 3.0066357421875e+02, 3.0071044921875e+02, 3.006983642578125e+02, 3.007060852050781e+02, 3.007158813476562e+02, 3.006888122558594e+02, 3.045982055664062e+02, 3.04597900390625e+02, 3.04598388671875e+02, 3.045993041992188e+02, 3.046031494140625e+02, 3.046039123535156e+02, 3.046048583984375e+02, 3.046051635742188e+02, 3.046057739257812e+02, 3.038919372558594e+02, 3.00977294921875e+02, 3.007396850585938e+02, 3.0072314453125e+02, 3.007166442871094e+02, 3.007125244140625e+02, 3.007224426269531e+02, 3.013496704101562e+02, 3.0108740234375e+02, 3.010493774414062e+02, 3.011040954589844e+02, 3.049111938476562e+02, 3.049120788574219e+02, 3.049118957519531e+02, 3.049112243652344e+02, 3.049130554199219e+02, 3.049148559570312e+02, 3.049127197265625e+02, 3.049156799316406e+02, 3.04910400390625e+02, 3.040628967285156e+02, 3.009911193847656e+02, 3.015846862792969e+02, 3.012135620117188e+02, 3.011997985839844e+02, 3.009655151367188e+02, 2.98786865234375e+02, 2.971134948730469e+02, 2.963272399902344e+02, 2.962089233398438e+02, 3.009309997558594e+02, 2.965748291015625e+02, 2.965756225585938e+02, 2.965738525390625e+02, 2.965732421875e+02, 2.965692749023438e+02, 2.96570556640625e+02, 2.965740661621094e+02, 2.965745239257812e+02, 2.965737915039062e+02, 3.029821166992188e+02, 3.015203247070312e+02, 3.024227294921875e+02, 2.954454345703125e+02, 2.911867980957031e+02, 2.882165832519531e+02, 2.880164489746094e+02, 2.851143493652344e+02, 2.856239318847656e+02, 2.87396728515625e+02, 2.974958190917969e+02, 2.909786682128906e+02, 2.909786987304688e+02, 2.909786376953125e+02, 2.909778442382812e+02, 2.909779968261719e+02]
hvac.VAVBox[4].TSup=[2.931499938964844e+02, 2.931499938964844e+02, 2.931500549316406e+02, 2.93150146484375e+02, 2.931502685546875e+02, 2.968988037109375e+02, 3.009653930664062e+02, 3.011950378417969e+02, 2.946926879882812e+02, 2.933040466308594e+02, 2.934995727539062e+02, 2.938179321289062e+02, 2.931970825195312e+02, 2.925827941894531e+02, 2.944513549804688e+02, 3.001617736816406e+02, 2.951932678222656e+02, 2.951923828125e+02, 2.951913146972656e+02, 2.951923828125e+02, 2.951902160644531e+02, 2.951908569335938e+02, 2.951907348632812e+02, 2.951902770996094e+02, 2.951889038085938e+02, 3.042218933105469e+02, 3.009768371582031e+02, 3.007401123046875e+02, 3.007461853027344e+02, 3.00718994140625e+02, 3.0066357421875e+02, 3.0071044921875e+02, 3.006983642578125e+02, 3.007060852050781e+02, 3.007158813476562e+02, 3.006888122558594e+02, 3.046072998046875e+02, 3.046069641113281e+02, 3.046074523925781e+02, 3.046083374023438e+02, 3.046121520996094e+02, 3.046129455566406e+02, 3.046138916015625e+02, 3.046142272949219e+02, 3.046148376464844e+02, 3.039247741699219e+02, 3.009786682128906e+02, 3.0073974609375e+02, 3.0072314453125e+02, 3.007166442871094e+02, 3.007125244140625e+02, 3.007224426269531e+02, 3.013496704101562e+02, 3.0108740234375e+02, 3.010493774414062e+02, 3.011040954589844e+02, 3.049200439453125e+02, 3.049209289550781e+02, 3.049207458496094e+02, 3.049200439453125e+02, 3.049219055175781e+02, 3.049237670898438e+02, 3.049215698242188e+02, 3.049245910644531e+02, 3.049192199707031e+02, 3.040952453613281e+02, 3.009925231933594e+02, 3.01584716796875e+02, 3.012135620117188e+02, 3.010163269042969e+02, 2.985366821289062e+02, 2.974473571777344e+02, 2.964997253417969e+02, 2.924732971191406e+02, 2.949651794433594e+02, 2.985960388183594e+02, 2.923778686523438e+02, 2.923782958984375e+02, 2.923773498535156e+02, 2.923770446777344e+02, 2.923748168945312e+02, 2.923755187988281e+02, 2.923775024414062e+02, 2.923777465820312e+02, 2.923773498535156e+02, 3.008557739257812e+02, 3.015216674804688e+02, 3.0191357421875e+02, 2.946012573242188e+02, 2.915747985839844e+02, 2.895151672363281e+02, 2.881338500976562e+02, 2.851143493652344e+02, 2.849949035644531e+02, 2.8782373046875e+02, 2.950019836425781e+02, 2.869969177246094e+02, 2.869968872070312e+02, 2.869968872070312e+02, 2.86997314453125e+02, 2.869972229003906e+02]
hvac.VAVBox[5].TSup=[2.931499938964844e+02, 2.931499938964844e+02, 2.931500549316406e+02, 2.931500854492188e+02, 2.93150146484375e+02, 2.961834411621094e+02, 2.995451049804688e+02, 2.853599548339844e+02, 2.851703186035156e+02, 2.851241760253906e+02, 2.851498413085938e+02, 2.849685668945312e+02, 2.849275817871094e+02, 2.849270629882812e+02, 2.849188842773438e+02, 2.873655090332031e+02, 2.857916259765625e+02, 2.857918701171875e+02, 2.857921752929688e+02, 2.857919006347656e+02, 2.857922973632812e+02, 2.857922058105469e+02, 2.85792236328125e+02, 2.857922973632812e+02, 2.857924194335938e+02, 3.040637817382812e+02, 3.009754638671875e+02, 3.007400817871094e+02, 3.007461853027344e+02, 3.00718994140625e+02, 3.0066357421875e+02, 3.0071044921875e+02, 3.006983642578125e+02, 3.007060852050781e+02, 3.007158813476562e+02, 3.006888122558594e+02, 3.04597900390625e+02, 3.045975952148438e+02, 3.045980529785156e+02, 3.045989685058594e+02, 3.046026916503906e+02, 3.046034545898438e+02, 3.046043701171875e+02, 3.046047058105469e+02, 3.046052856445312e+02, 3.038919372558594e+02, 3.00977294921875e+02, 3.007396850585938e+02, 3.0072314453125e+02, 3.007166442871094e+02, 3.007125244140625e+02, 3.007224426269531e+02, 3.013496704101562e+02, 3.0108740234375e+02, 3.010493774414062e+02, 3.011040954589844e+02, 3.049111938476562e+02, 3.049120483398438e+02, 3.04911865234375e+02, 3.049111938476562e+02, 3.049130249023438e+02, 3.049148254394531e+02, 3.049126892089844e+02, 3.049156188964844e+02, 3.04910400390625e+02, 3.040628967285156e+02, 3.009911193847656e+02, 3.015846862792969e+02, 2.999464721679688e+02, 2.913362121582031e+02, 2.887779235839844e+02, 2.883180541992188e+02, 2.87244873046875e+02, 2.861349487304688e+02, 2.860779724121094e+02, 2.911129760742188e+02, 2.862777099609375e+02, 2.862775268554688e+02, 2.862779541015625e+02, 2.862781066894531e+02, 2.862789001464844e+02, 2.862786560058594e+02, 2.862780151367188e+02, 2.862779235839844e+02, 2.862780456542969e+02, 2.959588623046875e+02, 3.015203247070312e+02, 2.899698181152344e+02, 2.852277526855469e+02, 2.854083557128906e+02, 2.85262451171875e+02, 2.853012084960938e+02, 2.851141967773438e+02, 2.849950866699219e+02, 2.849202880859375e+02, 2.872406311035156e+02, 2.85965576171875e+02, 2.859655456542969e+02, 2.85965576171875e+02, 2.859664916992188e+02, 2.8596630859375e+02]
hvac.res.EFan=[0e+00, -2.07646948524598e-07, -2.074317819733551e-07, -2.072925440188556e-07, -2.070438114287754e-07, 7.3658466796875e+03, 1.1672994140625e+04, 1.57428173828125e+04, 1.9609392578125e+04, 2.348983203125e+04, 2.7380943359375e+04, 3.1308916015625e+04, 3.526952734375e+04, 3.9232953125e+04, 4.31968984375e+04, 4.72309453125e+04, 5.067075e+04, 5.067075e+04, 5.067075e+04, 5.067075e+04, 5.067075e+04, 5.067075e+04, 5.067075e+04, 5.067075e+04, 5.067075e+04, 5.803613671875e+04, 6.235083203125e+04, 6.64642421875e+04, 7.0583265625e+04, 7.4703875e+04, 7.88307265625e+04, 8.2957140625e+04, 8.7079375e+04, 9.12045546875e+04, 9.53279921875e+04, 9.94556171875e+04, 1.02903953125e+05, 1.02903953125e+05, 1.02903953125e+05, 1.02903953125e+05, 1.02903953125e+05, 1.02903953125e+05, 1.02903953125e+05, 1.02903953125e+05, 1.02903953125e+05, 1.102688359375e+05, 1.145835625e+05, 1.18697265625e+05, 1.22821265625e+05, 1.26945140625e+05, 1.3106875e+05, 1.35190609375e+05, 1.3930540625e+05, 1.43430546875e+05, 1.475613125e+05, 1.51686578125e+05, 1.55132734375e+05, 1.55132734375e+05, 1.55132734375e+05, 1.55132734375e+05, 1.55132734375e+05, 1.55132734375e+05, 1.55132734375e+05, 1.55132734375e+05, 1.55132734375e+05, 1.6248275e+05, 1.6677084375e+05, 1.70873671875e+05, 1.74991453125e+05, 1.79066421875e+05, 1.83178328125e+05, 1.8730115625e+05, 1.9141709375e+05, 1.95548609375e+05, 1.99670203125e+05, 2.03799125e+05, 2.07244984375e+05, 2.07244984375e+05, 2.07244984375e+05, 2.07244984375e+05, 2.07244984375e+05, 2.07244984375e+05, 2.07244984375e+05, 2.07244984375e+05, 2.07244984375e+05, 2.1461115625e+05, 2.18906484375e+05, 2.22972234375e+05, 2.268348125e+05, 2.30710703125e+05, 2.3460096875e+05, 2.38491765625e+05, 2.4238253125e+05, 2.46273171875e+05, 2.50163921875e+05, 2.54134171875e+05, 2.5756725e+05, 2.5756725e+05, 2.5756725e+05, 2.5756725e+05, 2.5756725e+05]
hvac.res.EHea=[0e+00, 0e+00, 0e+00, 0e+00, 0e+00, 1.13542392578125e+04, 1.312945e+05, 2.53107421875e+05, 3.1904825e+05, 3.74725875e+05, 4.323416875e+05, 5.008970625e+05, 5.690055625e+05, 6.3570325e+05, 7.0551925e+05, 8.039050625e+05, 9.050766875e+05, 9.050766875e+05, 9.050766875e+05, 9.050766875e+05, 9.050766875e+05, 9.050766875e+05, 9.050766875e+05, 9.050766875e+05, 9.050766875e+05, 9.430579375e+05, 1.074393625e+06, 1.210883875e+06, 1.34777525e+06, 1.484520625e+06, 1.613643375e+06, 1.739052125e+06, 1.86445625e+06, 1.9930295e+06, 2.128292e+06, 2.26571325e+06, 2.38043325e+06, 2.38043325e+06, 2.38043325e+06, 2.38043325e+06, 2.38043325e+06, 2.38043325e+06, 2.38043325e+06, 2.38043325e+06, 2.38043325e+06, 2.42279425e+06, 2.55415925e+06, 2.69066275e+06, 2.827762e+06, 2.9649545e+06, 3.102205e+06, 3.23941675e+06, 3.3754805e+06, 3.5022525e+06, 3.6284725e+06, 3.7568925e+06, 3.864453e+06, 3.864453e+06, 3.864453e+06, 3.864453e+06, 3.864453e+06, 3.864453e+06, 3.864453e+06, 3.864453e+06, 3.864453e+06, 3.90518625e+06, 4.03556225e+06, 4.169761e+06, 4.285791e+06, 4.3764135e+06, 4.447437e+06, 4.504919e+06, 4.5481885e+06, 4.5808885e+06, 4.618698e+06, 4.682721e+06, 4.7493265e+06, 4.7493265e+06, 4.7493265e+06, 4.7493265e+06, 4.7493265e+06, 4.7493265e+06, 4.7493265e+06, 4.7493265e+06, 4.7493265e+06, 4.762995e+06, 4.878973e+06, 4.979531e+06, 5.0310665e+06, 5.0644535e+06, 5.0866525e+06, 5.107462e+06, 5.1177235e+06, 5.126652e+06, 5.142813e+06, 5.1855715e+06, 5.2417405e+06, 5.2417405e+06, 5.2417405e+06, 5.2417405e+06, 5.2417405e+06]
hvac.res.ECoo=[0e+00, 0e+00, 0e+00, 0e+00, 0e+00, 0e+00, 0e+00, 0e+00, 0e+00, 0e+00, 0e+00, 0e+00, 0e+00, 0e+00, 0e+00, 0e+00, 0e+00, 0e+00, 0e+00, 0e+00, 0e+00, 0e+00, 0e+00, 0e+00, 0e+00, 0e+00, 0e+00, 0e+00, 0e+00, 0e+00, 0e+00, 0e+00, 0e+00, 0e+00, 0e+00, 0e+00, 0e+00, 0e+00, 0e+00, 0e+00, 0e+00, 0e+00, 0e+00, 0e+00, 0e+00, 0e+00, 0e+00, 0e+00, 0e+00, 0e+00, 0e+00, 0e+00, 0e+00, 0e+00, 0e+00, 0e+00, 0e+00, 0e+00, 0e+00, 0e+00, 0e+00, 0e+00, 0e+00, 0e+00, 0e+00, 0e+00, 0e+00, 0e+00, 0e+00, 0e+00, 0e+00, 0e+00, 0e+00, 0e+00, 0e+00, 0e+00, 0e+00, 0e+00, 0e+00, 0e+00, 0e+00, 0e+00, 0e+00, 0e+00, 0e+00, 0e+00, 0e+00, 0e+00, 0e+00, 0e+00, 0e+00, 0e+00, 0e+00, 0e+00, 0e+00, 0e+00, 0e+00, 0e+00, 0e+00, 0e+00, 0e+00]
