last-generated=2015-05-08
statistics-simulation={'numerical Jacobians': '0', 'nonlinear': ' ', 'linear': ' '}
quadraticLinear.y=[9., 9.32402992983701572882, 9.65624047833064302893, 9.99680998259017528085, 10.34591964082617643328, 10.70392796678445357372, 11.07048039658855564937, 11.44647501765454400413, 11.83135993331417878949, 12.22586998999242169361, 12.63000005378651380283, 13.04393007873819065878, 13.46784031003110015945, 13.90211665770720905755, 14.34632012560719083183, 14.80125018406884862543, 15.26688020463683237438, 15.74361124956431545741, 16.23096049401445739591, 16.729770780951394471, 17.23999961802919855813, 17.76182972297394968564, 18.2954407382907042745, 18.84125250779748839136, 19.39872009072480452119, 19.96875, 20.55127963197877960511, 21.14674598997959265034, 21.75456039763006543808, 22.37567000426004426572, 23.00999946635165471776, 23.65772994682024332747, 24.31904077833649324702, 24.9943887022759341221, 25.68312047962438526838, 26.38653606787175220916, 27.1036786224524846034, 27.8355900107660865217, 28.5821613099298694749, 29.3438701171341804752, 30.12000037374074423724, 30.91193799947210152368, 31.71864044421487349723, 32.54120958173036370908, 33.37952061839909845276, 34.23407147459678867563, 35.10407946988392069443, 35.99102030930658457919, 36.89376166072389651163, 37.81346804962410601547, 38.75, 39.70353027706632076388, 40.67424198691499270808, 41.66266047992623100527, 42.6679169897950814061, 43.69161027477083791837, 44.73247884592370837709, 45.79215189221316251178, 46.86936369420816816955, 47.96537308181264336326, 49.0799991557303556533, 50.21342686513560238382, 51.36584035871992170996, 52.5374113002430931374, 53.72832279855553139214, 54.93914340720004929608, 56.1688772209388176293, 57.4192941022063862988, 58.68896011630162234951, 59.97967941773038802467, 61.29000249519138066034, 62.62133314458908728284, 63.973434370713619046, 65.34650920587687039642, 66.7407213185150709478, 68.15625, 69.59327836038416137399, 71.05242762249919508122, 72.53256653586001334588, 74.03561909148874065068, 75.5599957328777946941, 77.10768090283522724349, 78.67704123428526941098, 80.27006701895987816897, 81.88512085027329590048, 83.52374637631612586119, 85.1856741839951610018, 86.87109294183669305767, 88.58016287007258426911, 90.31307470405725723595, 92.07000392401148758381, 93.8516165470906145174, 95.6566360735930629744, 97.48720967840628759404, 99.34152266316687018843, 101.22174878312765144983, 103.12608749369184124589, 105.0561849396611364682, 107.01175314758964418616, 108.992971428389267885, 111.]
time=[0., 1.]
