last-generated=2017-07-10
statistics-simulation=
{}
setPoiVAV.yCooMax=[8.999999761581421e-01, 8.999999761581421e-01]
setPoiVAV.y=[8.999999761581421e-01, 8.999999761581421e-01, 8.999999761581421e-01, 8.999999761581421e-01, 8.999999761581421e-01, 8.999999761581421e-01, 8.999999761581421e-01, 8.999999761581421e-01, 8.999999761581421e-01, 8.999999761581421e-01, 8.999999761581421e-01, 8.999999761581421e-01, 8.999999761581421e-01, 8.999999761581421e-01, 8.999999761581421e-01, 8.999999761581421e-01, 8.999999761581421e-01, 8.999999761581421e-01, 8.999999761581421e-01, 8.999999761581421e-01, 8.999999761581421e-01, 8.999999761581421e-01, 8.999999761581421e-01, 8.999999761581421e-01, 8.999999761581421e-01, 8.999999761581421e-01, 8.999999761581421e-01, 8.999999761581421e-01, 8.999999761581421e-01, 8.999999761581421e-01, 8.999999761581421e-01, 8.999999761581421e-01, 8.999999761581421e-01, 8.999999761581421e-01, 8.999999761581421e-01, 8.999999761581421e-01, 8.904761978560264e-01, 8.690476519720185e-01, 8.476190464836499e-01, 8.261904409955657e-01, 8.047618993691923e-01, 7.833333534853266e-01, 7.619047479968161e-01, 7.404762063706558e-01, 7.190476008824295e-01, 6.976189953942031e-01, 6.761905133722969e-01, 6.547619078840706e-01, 6.333333023958443e-01, 6.119047607695774e-01, 5.904762148857117e-01, 5.690476093975056e-01, 5.47619003909868e-01, 5.261903984219461e-01, 5.047619802601165e-01, 4.833333449700499e-01, 4.619047692844606e-01, 4.404761637963512e-01, 4.190475881105031e-01, 3.976189826228299e-01, 3.761905346586779e-01, 3.547619291709692e-01, 3.333333534851566e-01, 3.119047479971637e-01, 3.00000011920929e-01, 3.00000011920929e-01, 3.00000011920929e-01, 3.00000011920929e-01, 3.00000011920929e-01, 3.00000011920929e-01, 3.00000011920929e-01, 3.00000011920929e-01, 3.00000011920929e-01, 3.00000011920929e-01, 3.00000011920929e-01, 3.00000011920929e-01, 3.00000011920929e-01, 3.00000011920929e-01, 3.00000011920929e-01, 3.00000011920929e-01, 3.00000011920929e-01, 3.00000011920929e-01, 3.00000011920929e-01, 3.00000011920929e-01, 3.00000011920929e-01, 3.00000011920929e-01, 3.00000011920929e-01, 3.00000011920929e-01, 3.00000011920929e-01, 3.00000011920929e-01, 3.00000011920929e-01, 3.00000011920929e-01, 3.00000011920929e-01, 3.00000011920929e-01, 3.00000011920929e-01, 3.00000011920929e-01, 3.00000011920929e-01, 3.00000011920929e-01, 3.00000011920929e-01, 3.00000011920929e-01, 3.00000011920929e-01]
setPoiVAV.yMin=[3.00000011920929e-01, 3.00000011920929e-01]
time=[0e+00, 1e+00]
