last-generated=2015-05-08
statistics-simulation={'numerical Jacobians': '0', 'nonlinear': ' ', 'linear': ' '}
smoLim[2].y=[0., 0.01000000000000000021, 0.02000000000000000042, 0.02999999999999999889, 0.04000000000000000083, 0.05000000000000000278, 0.05999999999999999778, 0.07000000000000000666, 0.08000000000000000167, 0.08999999999999999667, 0.10000000000000000555, 0.11000000000000000056, 0.11999999999999999556, 0.13000000000000000444, 0.14000000000000001332, 0.14999999999999999445, 0.16000000000000000333, 0.17000000000000001221, 0.17999999999999999334, 0.19000000000000000222, 0.2000000000000000111, 0.20999999999999999223, 0.22000000000000000111, 0.23000000000000000999, 0.23999999999999999112, 0.25, 0.26000000000000000888, 0.27000000000000001776, 0.28000000000000002665, 0.28999999999999998002, 0.2999999999999999889, 0.30999999999999999778, 0.32000000000000000666, 0.33000000000000001554, 0.34000000000000002442, 0.3499999999999999778, 0.35999999999999998668, 0.36999999999999999556, 0.38000000000000000444, 0.39000000000000001332, 0.4000000000000000222, 0.40999999999999997558, 0.41999999999999998446, 0.42999999999999999334, 0.44000000000000000222, 0.4500000000000000111, 0.46000000000000001998, 0.46999999999999997335, 0.48000000000031972647, 0.49119203103603126248, 0.5, 0.50119203103620701967, 0.5, 0.5, 0.5, 0.5, 0.5, 0.5, 0.5, 0.5, 0.5, 0.5, 0.5, 0.5, 0.5, 0.5, 0.5, 0.5, 0.5, 0.5, 0.5, 0.5, 0.5, 0.5, 0.5, 0.5, 0.5, 0.5, 0.5, 0.5, 0.5, 0.5, 0.5, 0.5, 0.5, 0.5, 0.5, 0.5, 0.5, 0.5, 0.5, 0.5, 0.5, 0.5, 0.5, 0.5, 0.5, 0.5, 0.5, 0.5, 0.5]
smoLim[1].y=[0., 0.01000000000000000021, 0.02000000000000000042, 0.02999999999999999889, 0.04000000000000000083, 0.05000000000000000278, 0.05999999999999999778, 0.07000000000000000666, 0.08000000000000000167, 0.08999999999999999667, 0.10000000000000000555, 0.11000000000000000056, 0.11999999999999999556, 0.13000000000000000444, 0.14000000000000001332, 0.14999999999999999445, 0.16000000000000000333, 0.17000000000000001221, 0.17999999999999999334, 0.19000000000000000222, 0.2000000000000000111, 0.20999999999999999223, 0.22000000000000000111, 0.23000000000000000999, 0.23999999999999999112, 0.25, 0.26000000000000000888, 0.27000000000000001776, 0.28000000000000002665, 0.28999999999999998002, 0.2999999999999999889, 0.30999999999999999778, 0.32000000000000000666, 0.33000000000000001554, 0.34000000000000002442, 0.3499999999999999778, 0.35999999999999998668, 0.36999999999999999556, 0.38000000000000000444, 0.39000000000000001332, 0.4000000000000000222, 0.41000029802711407401, 0.42016942706213822323, 0.43135490175766755261, 0.44359585940314721908, 0.45596016886749107799, 0.46758108398321712729, 0.4779563557520253303, 0.48686052224826820156, 0.49421461775058495025, 0.5, 0.50421464755271871994, 0.5068604978746992229, 0.50795638615902805046, 0.50758111675328099199, 0.50596016886727745998, 0.50359582960083359993, 0.50135487195557659756, 0.50016939568672358352, 0.50000029801931600293, 0.5, 0.5, 0.5, 0.5, 0.5, 0.5, 0.5, 0.5, 0.5, 0.5, 0.5, 0.5, 0.5, 0.5, 0.5, 0.5, 0.5, 0.5, 0.5, 0.5, 0.5, 0.5, 0.5, 0.5, 0.5, 0.5, 0.5, 0.5, 0.5, 0.5, 0.5, 0.5, 0.5, 0.5, 0.5, 0.5, 0.5, 0.5, 0.5, 0.5, 0.5]
time=[0., 1.]
