last-generated=2021-04-07
statistics-initialization=
{
  "nonlinear": "14",
  "numerical Jacobians": "0"
}
statistics-simulation=
{
  "linear": " ",
  "nonlinear": " ",
  "numerical Jacobians": "0"
}
time=[0e+00, 1e+00]
err_V2[1]=[-2.230579555034637e-01, -2.230579555034637e-01]
err_V2[2]=[-1.261738538742065e-01, -1.261738538742065e-01]
err_V2[3]=[-7.522903084754944e-01, -7.522903084754944e-01]
err_V3[1]=[-2.685473263263702e-01, -2.685473263263702e-01]
err_V3[2]=[-1.547405272722244e-01, -1.547405272722244e-01]
err_V3[3]=[3.283977210521698e-01, 3.283977210521698e-01]
err_V4[1]=[3.375016748905182e-01, 3.375016748905182e-01]
err_V4[2]=[-1.807919144630432e-01, -1.807919144630432e-01]
err_V4[3]=[4.122655689716339e-01, 4.122655689716339e-01]
err_Theta2[1]=[-1.385727864544606e-05, -1.385727864544606e-05]
err_Theta2[2]=[-7.115472690202296e-04, -7.115472690202296e-04]
err_Theta2[3]=[-1.253538648597896e-04, -1.253538648597896e-04]
err_Theta3[1]=[-7.376485737040639e-04, -7.376485737040639e-04]
err_Theta3[2]=[7.218654500320554e-04, 7.218654500320554e-04]
err_Theta3[3]=[5.909716710448265e-04, 5.909716710448265e-04]
err_Theta4[1]=[5.484338034875691e-04, 5.484338034875691e-04]
err_Theta4[2]=[4.950571455992758e-04, 4.950571455992758e-04]
err_Theta4[3]=[4.003063804702833e-05, 4.003063804702833e-05]
