last-generated=2026-09-30
statistics-initialization=
{
  "linear": "0, 0, 0, 0, 0, 0, 0, 0",
  "nonlinear": "0, 0, 0, 0, 0, 1, 0, 0, 0, 0, 0, 0, 0, 0, 0, 0, 0, 0, 0, 0, 0, 0, 0, 0, 0, 5, 1,   1, 1, 1, 1, 1, 1, 1",
  "numerical Jacobians": "0"
}
statistics-simulation=
{
  "linear": "0, 0, 0, 0, 0, 0, 0, 0, 0, 0, 0, 4, 0",
  "nonlinear": "5, 0, 0, 0, 0, 0, 0, 0, 0, 0, 1, 1, 1, 0, 1",
  "number of continuous time states": "82",
  "numerical Jacobians": "0"
}
time=[4.32e+05, 8.64e+05]
flo.sou.TAir=[2.931499938964844e+02, 2.913921203613281e+02, 2.909820556640625e+02, 2.920201416015625e+02, 2.927308959960938e+02, 2.929129333496094e+02, 2.938008728027344e+02, 2.933903198242188e+02, 2.941318664550781e+02, 2.940491638183594e+02, 2.932984313964844e+02, 2.931031188964844e+02, 2.932371826171875e+02, 2.932030029296875e+02, 2.930539245605469e+02, 2.93103759765625e+02, 2.904953308105469e+02, 2.904546203613281e+02, 2.900352172851562e+02, 2.893176574707031e+02, 2.886619873046875e+02, 2.885057983398438e+02, 2.882841186523438e+02, 2.910360412597656e+02, 2.927383117675781e+02, 2.929381408691406e+02, 2.929517822265625e+02, 2.935242004394531e+02, 2.932629699707031e+02, 2.9310791015625e+02, 2.932698364257812e+02, 2.931869201660156e+02, 2.931903076171875e+02, 2.931613464355469e+02, 2.929849548339844e+02, 2.926124572753906e+02, 2.897763366699219e+02, 2.896167602539062e+02, 2.891604309082031e+02, 2.888156127929688e+02, 2.885804443359375e+02, 2.88408447265625e+02, 2.879685668945312e+02, 2.907292785644531e+02, 2.924186096191406e+02, 2.929171142578125e+02, 2.928510437011719e+02, 2.932989196777344e+02, 2.93341552734375e+02, 2.932930603027344e+02, 2.932327270507812e+02, 2.931310424804688e+02, 2.929452514648438e+02, 2.931550903320312e+02, 2.929155883789062e+02, 2.934911499023438e+02, 2.898700256347656e+02, 2.895025329589844e+02, 2.889790649414062e+02, 2.883703308105469e+02, 2.882745361328125e+02, 2.880582580566406e+02, 2.877129516601562e+02, 2.912204895019531e+02, 2.930693969726562e+02, 2.936155700683594e+02, 2.931752624511719e+02, 2.923551025390625e+02, 2.935650939941406e+02, 2.931274719238281e+02, 2.935370178222656e+02, 2.937021484375e+02, 2.936705322265625e+02, 2.9346533203125e+02, 2.931715393066406e+02, 2.931619262695312e+02, 2.916466064453125e+02, 2.912764282226562e+02, 2.912360534667969e+02, 2.910556335449219e+02, 2.901972351074219e+02, 2.899830627441406e+02, 2.900644836425781e+02, 2.928653564453125e+02, 2.930873413085938e+02, 2.92796875e+02, 2.93387451171875e+02, 2.933574523925781e+02, 2.944933776855469e+02, 2.952720031738281e+02, 2.958106994628906e+02, 2.960722045898438e+02, 2.96148193359375e+02, 2.959071350097656e+02, 2.950966796875e+02, 2.935828247070312e+02, 2.932348937988281e+02, 2.927437133789062e+02, 2.923126525878906e+02, 2.918148803710938e+02, 2.914525146484375e+02]
flo.eas.TAir=[2.931499938964844e+02, 2.914125366210938e+02, 2.908550109863281e+02, 2.921237487792969e+02, 2.929349060058594e+02, 2.9322509765625e+02, 2.93328369140625e+02, 2.933103942871094e+02, 2.934859924316406e+02, 2.931106567382812e+02, 2.930927734375e+02, 2.932918395996094e+02, 2.931670837402344e+02, 2.931387939453125e+02, 2.931449279785156e+02, 2.931185913085938e+02, 2.906262512207031e+02, 2.904938659667969e+02, 2.90115478515625e+02, 2.8951123046875e+02, 2.888035583496094e+02, 2.885859375e+02, 2.883031616210938e+02, 2.914364013671875e+02, 2.933800964355469e+02, 2.931401977539062e+02, 2.928820190429688e+02, 2.931859436035156e+02, 2.9321923828125e+02, 2.932765502929688e+02, 2.933128967285156e+02, 2.931974182128906e+02, 2.932707214355469e+02, 2.93142578125e+02, 2.928777160644531e+02, 2.910568542480469e+02, 2.895993957519531e+02, 2.894367980957031e+02, 2.889518127441406e+02, 2.88551513671875e+02, 2.883435668945312e+02, 2.879063110351562e+02, 2.878001708984375e+02, 2.90924560546875e+02, 2.929346008300781e+02, 2.931898193359375e+02, 2.925724182128906e+02, 2.932665405273438e+02, 2.9334912109375e+02, 2.93428466796875e+02, 2.932353820800781e+02, 2.930220642089844e+02, 2.928065185546875e+02, 2.928870849609375e+02, 2.926428527832031e+02, 2.932677307128906e+02, 2.896190795898438e+02, 2.894111022949219e+02, 2.888944091796875e+02, 2.884386901855469e+02, 2.88209228515625e+02, 2.880967407226562e+02, 2.878124084472656e+02, 2.913764343261719e+02, 2.934138488769531e+02, 2.929253234863281e+02, 2.931789245605469e+02, 2.925793151855469e+02, 2.932366638183594e+02, 2.931623840332031e+02, 2.931763610839844e+02, 2.933372802734375e+02, 2.93171630859375e+02, 2.931653137207031e+02, 2.931365356445312e+02, 2.931548156738281e+02, 2.913369445800781e+02, 2.910354614257812e+02, 2.907616577148438e+02, 2.905119323730469e+02, 2.898643798828125e+02, 2.895836486816406e+02, 2.900577697753906e+02, 2.930089111328125e+02, 2.929811096191406e+02, 2.928438415527344e+02, 2.932265930175781e+02, 2.9314111328125e+02, 2.938753967285156e+02, 2.940794067382812e+02, 2.942534484863281e+02, 2.944654846191406e+02, 2.946372375488281e+02, 2.946210632324219e+02, 2.942273559570312e+02, 2.931564331054688e+02, 2.924832458496094e+02, 2.922013549804688e+02, 2.916309509277344e+02, 2.912238464355469e+02, 2.908090515136719e+02]
flo.nor.TAir=[2.931499938964844e+02, 2.919758911132812e+02, 2.914208984375e+02, 2.919713745117188e+02, 2.929054565429688e+02, 2.9312353515625e+02, 2.938589782714844e+02, 2.931986389160156e+02, 2.932592163085938e+02, 2.93163330078125e+02, 2.931812133789062e+02, 2.932998962402344e+02, 2.931791381835938e+02, 2.931410827636719e+02, 2.931488952636719e+02, 2.930433654785156e+02, 2.902215881347656e+02, 2.902378845214844e+02, 2.899695129394531e+02, 2.890431518554688e+02, 2.883858337402344e+02, 2.881413879394531e+02, 2.879629211425781e+02, 2.908254089355469e+02, 2.925202941894531e+02, 2.926774597167969e+02, 2.928219909667969e+02, 2.930429077148438e+02, 2.927904052734375e+02, 2.921367492675781e+02, 2.926103820800781e+02, 2.924567565917969e+02, 2.923659362792969e+02, 2.923477478027344e+02, 2.919511108398438e+02, 2.919634704589844e+02, 2.891141967773438e+02, 2.893545837402344e+02, 2.888174133300781e+02, 2.883672180175781e+02, 2.883075561523438e+02, 2.880678100585938e+02, 2.878833312988281e+02, 2.903497619628906e+02, 2.920146484375e+02, 2.92521484375e+02, 2.924712219238281e+02, 2.92620849609375e+02, 2.924001770019531e+02, 2.924552917480469e+02, 2.923234252929688e+02, 2.922055969238281e+02, 2.922155151367188e+02, 2.923739929199219e+02, 2.92290771484375e+02, 2.929703979492188e+02, 2.8963623046875e+02, 2.894831237792969e+02, 2.890202331542969e+02, 2.886019287109375e+02, 2.883637390136719e+02, 2.882710571289062e+02, 2.880160217285156e+02, 2.907591857910156e+02, 2.926138916015625e+02, 2.927365112304688e+02, 2.93085693359375e+02, 2.931585388183594e+02, 2.932654724121094e+02, 2.931902465820312e+02, 2.931905822753906e+02, 2.933499145507812e+02, 2.931802978515625e+02, 2.931645202636719e+02, 2.9313818359375e+02, 2.931505737304688e+02, 2.915530090332031e+02, 2.911932983398438e+02, 2.909625244140625e+02, 2.907412109375e+02, 2.903381652832031e+02, 2.899860534667969e+02, 2.901295776367188e+02, 2.925356750488281e+02, 2.926493835449219e+02, 2.927728271484375e+02, 2.936473693847656e+02, 2.932050476074219e+02, 2.932271423339844e+02, 2.936175537109375e+02, 2.941265258789062e+02, 2.943622131347656e+02, 2.945471801757812e+02, 2.945582580566406e+02, 2.941984252929688e+02, 2.931461791992188e+02, 2.925843811035156e+02, 2.922908325195312e+02, 2.918968505859375e+02, 2.914994812011719e+02, 2.911238403320312e+02]
flo.wes.TAir=[2.931499938964844e+02, 2.91081298828125e+02, 2.906401977539062e+02, 2.917225646972656e+02, 2.928681335449219e+02, 2.928977355957031e+02, 2.933342895507812e+02, 2.932216491699219e+02, 2.9319921875e+02, 2.931426086425781e+02, 2.9307177734375e+02, 2.932986450195312e+02, 2.932003173828125e+02, 2.9315380859375e+02, 2.93125244140625e+02, 2.931534729003906e+02, 2.907709655761719e+02, 2.900198364257812e+02, 2.896059265136719e+02, 2.894533081054688e+02, 2.8892919921875e+02, 2.883368530273438e+02, 2.879891052246094e+02, 2.915095520019531e+02, 2.932808532714844e+02, 2.931461791992188e+02, 2.92837158203125e+02, 2.931659545898438e+02, 2.936804504394531e+02, 2.935093994140625e+02, 2.933711547851562e+02, 2.933094177246094e+02, 2.933345642089844e+02, 2.931605529785156e+02, 2.930196228027344e+02, 2.926018676757812e+02, 2.898864440917969e+02, 2.891113586425781e+02, 2.886477355957031e+02, 2.88599365234375e+02, 2.88140625e+02, 2.878185119628906e+02, 2.875464172363281e+02, 2.911142883300781e+02, 2.931962585449219e+02, 2.931612243652344e+02, 2.925971069335938e+02, 2.927421264648438e+02, 2.932691345214844e+02, 2.934331970214844e+02, 2.932293701171875e+02, 2.932533569335938e+02, 2.931246337890625e+02, 2.929735717773438e+02, 2.928533935546875e+02, 2.933389892578125e+02, 2.894484558105469e+02, 2.892804870605469e+02, 2.890055847167969e+02, 2.882021179199219e+02, 2.878874816894531e+02, 2.8783203125e+02, 2.875169067382812e+02, 2.91629638671875e+02, 2.932613830566406e+02, 2.919835205078125e+02, 2.931819152832031e+02, 2.92260009765625e+02, 2.933070678710938e+02, 2.934081726074219e+02, 2.931263427734375e+02, 2.93349853515625e+02, 2.932523498535156e+02, 2.931353759765625e+02, 2.930919189453125e+02, 2.932033081054688e+02, 2.910669860839844e+02, 2.907924194335938e+02, 2.906188354492188e+02, 2.90431884765625e+02, 2.897483520507812e+02, 2.894563903808594e+02, 2.8969970703125e+02, 2.932335510253906e+02, 2.934708251953125e+02, 2.928804016113281e+02, 2.923248901367188e+02, 2.9285009765625e+02, 2.932239685058594e+02, 2.937211303710938e+02, 2.941231994628906e+02, 2.945269470214844e+02, 2.949177551269531e+02, 2.949311218261719e+02, 2.942821044921875e+02, 2.93058349609375e+02, 2.923923950195312e+02, 2.921687927246094e+02, 2.915251770019531e+02, 2.911124877929688e+02, 2.907014465332031e+02]
flo.cor.TAir=[2.931499938964844e+02, 2.922405090332031e+02, 2.917476501464844e+02, 2.925067138671875e+02, 2.93228271484375e+02, 2.932767639160156e+02, 2.934775085449219e+02, 2.938175964355469e+02, 2.939140319824219e+02, 2.937676696777344e+02, 2.93650146484375e+02, 2.936680908203125e+02, 2.936441955566406e+02, 2.935636291503906e+02, 2.935606079101562e+02, 2.93113525390625e+02, 2.911860961914062e+02, 2.910162963867188e+02, 2.906670227050781e+02, 2.90016845703125e+02, 2.894041748046875e+02, 2.890978393554688e+02, 2.888502807617188e+02, 2.915633544921875e+02, 2.932272644042969e+02, 2.931473083496094e+02, 2.931556701660156e+02, 2.93303466796875e+02, 2.935257263183594e+02, 2.931981201171875e+02, 2.932449645996094e+02, 2.931139221191406e+02, 2.931491088867188e+02, 2.930630187988281e+02, 2.929166259765625e+02, 2.921039123535156e+02, 2.901095886230469e+02, 2.90042724609375e+02, 2.895706481933594e+02, 2.892267761230469e+02, 2.890183410644531e+02, 2.88750732421875e+02, 2.885017700195312e+02, 2.911313171386719e+02, 2.927776794433594e+02, 2.932456970214844e+02, 2.928688659667969e+02, 2.930830993652344e+02, 2.931384582519531e+02, 2.931734924316406e+02, 2.930397033691406e+02, 2.929503479003906e+02, 2.929314270019531e+02, 2.930059509277344e+02, 2.9296826171875e+02, 2.934273986816406e+02, 2.9025341796875e+02, 2.900610046386719e+02, 2.896210327148438e+02, 2.89107421875e+02, 2.888879089355469e+02, 2.887670288085938e+02, 2.884781188964844e+02, 2.914710998535156e+02, 2.932608642578125e+02, 2.930098571777344e+02, 2.933785400390625e+02, 2.929007263183594e+02, 2.935321960449219e+02, 2.93546630859375e+02, 2.936213073730469e+02, 2.938482055664062e+02, 2.937689208984375e+02, 2.937510375976562e+02, 2.936242980957031e+02, 2.93365234375e+02, 2.919906311035156e+02, 2.91669189453125e+02, 2.91477783203125e+02, 2.912530212402344e+02, 2.907066040039062e+02, 2.904199829101562e+02, 2.905557861328125e+02, 2.93120361328125e+02, 2.9297705078125e+02, 2.929796752929688e+02, 2.930981140136719e+02, 2.935337524414062e+02, 2.939595642089844e+02, 2.944558715820312e+02, 2.94890625e+02, 2.951521301269531e+02, 2.9533251953125e+02, 2.952967224121094e+02, 2.948421630859375e+02, 2.93615234375e+02, 2.931544494628906e+02, 2.928444519042969e+02, 2.924009704589844e+02, 2.920105285644531e+02, 2.916436767578125e+02]
hvac.TZonSet[1].TCooSet=[3.031499938964844e+02, 3.031499938964844e+02, 3.031499938964844e+02, 2.971499938964844e+02, 2.971499938964844e+02, 2.971499938964844e+02, 2.971499938964844e+02, 2.971499938964844e+02, 2.971499938964844e+02, 2.971499938964844e+02, 2.971499938964844e+02, 2.971499938964844e+02, 2.971499938964844e+02, 2.971499938964844e+02, 2.971499938964844e+02, 2.971499938964844e+02, 3.031499938964844e+02, 3.031499938964844e+02, 3.031499938964844e+02, 3.031499938964844e+02, 3.031499938964844e+02, 3.031499938964844e+02, 3.031499938964844e+02, 2.971499938964844e+02, 2.971499938964844e+02, 2.971499938964844e+02, 2.971499938964844e+02, 2.971499938964844e+02, 2.971499938964844e+02, 2.971499938964844e+02, 2.971499938964844e+02, 2.971499938964844e+02, 2.971499938964844e+02, 2.971499938964844e+02, 2.971499938964844e+02, 2.971499938964844e+02, 3.031499938964844e+02, 3.031499938964844e+02, 3.031499938964844e+02, 3.031499938964844e+02, 3.031499938964844e+02, 3.031499938964844e+02, 3.031499938964844e+02, 2.971499938964844e+02, 2.971499938964844e+02, 2.971499938964844e+02, 2.971499938964844e+02, 2.971499938964844e+02, 2.971499938964844e+02, 2.971499938964844e+02, 2.971499938964844e+02, 2.971499938964844e+02, 2.971499938964844e+02, 2.971499938964844e+02, 2.971499938964844e+02, 2.971499938964844e+02, 3.031499938964844e+02, 3.031499938964844e+02, 3.031499938964844e+02, 3.031499938964844e+02, 3.031499938964844e+02, 3.031499938964844e+02, 3.031499938964844e+02, 2.971499938964844e+02, 2.971499938964844e+02, 2.971499938964844e+02, 2.971499938964844e+02, 2.971499938964844e+02, 2.971499938964844e+02, 2.971499938964844e+02, 2.971499938964844e+02, 2.971499938964844e+02, 2.971499938964844e+02, 2.971499938964844e+02, 2.971499938964844e+02, 2.971499938964844e+02, 3.031499938964844e+02, 3.031499938964844e+02, 3.031499938964844e+02, 3.031499938964844e+02, 3.031499938964844e+02, 3.031499938964844e+02, 3.031499938964844e+02, 2.971499938964844e+02, 2.971499938964844e+02, 2.971499938964844e+02, 2.971499938964844e+02, 2.971499938964844e+02, 2.971499938964844e+02, 2.971499938964844e+02, 2.971499938964844e+02, 2.971499938964844e+02, 2.971499938964844e+02, 2.971499938964844e+02, 2.971499938964844e+02, 2.971499938964844e+02, 3.031499938964844e+02, 3.031499938964844e+02, 3.031499938964844e+02, 3.031499938964844e+02, 3.031499938964844e+02]
hvac.TZonSet[1].THeaSet=[2.851499938964844e+02, 2.851499938964844e+02, 2.851499938964844e+02, 2.931499938964844e+02, 2.931499938964844e+02, 2.931499938964844e+02, 2.931499938964844e+02, 2.931499938964844e+02, 2.931499938964844e+02, 2.931499938964844e+02, 2.931499938964844e+02, 2.931499938964844e+02, 2.931499938964844e+02, 2.931499938964844e+02, 2.931499938964844e+02, 2.931499938964844e+02, 2.851499938964844e+02, 2.851499938964844e+02, 2.851499938964844e+02, 2.851499938964844e+02, 2.851499938964844e+02, 2.851499938964844e+02, 2.851499938964844e+02, 2.931499938964844e+02, 2.931499938964844e+02, 2.931499938964844e+02, 2.931499938964844e+02, 2.931499938964844e+02, 2.931499938964844e+02, 2.931499938964844e+02, 2.931499938964844e+02, 2.931499938964844e+02, 2.931499938964844e+02, 2.931499938964844e+02, 2.931499938964844e+02, 2.931499938964844e+02, 2.851499938964844e+02, 2.851499938964844e+02, 2.851499938964844e+02, 2.851499938964844e+02, 2.851499938964844e+02, 2.851499938964844e+02, 2.851499938964844e+02, 2.931499938964844e+02, 2.931499938964844e+02, 2.931499938964844e+02, 2.931499938964844e+02, 2.931499938964844e+02, 2.931499938964844e+02, 2.931499938964844e+02, 2.931499938964844e+02, 2.931499938964844e+02, 2.931499938964844e+02, 2.931499938964844e+02, 2.931499938964844e+02, 2.931499938964844e+02, 2.851499938964844e+02, 2.851499938964844e+02, 2.851499938964844e+02, 2.851499938964844e+02, 2.851499938964844e+02, 2.851499938964844e+02, 2.851499938964844e+02, 2.931499938964844e+02, 2.931499938964844e+02, 2.931499938964844e+02, 2.931499938964844e+02, 2.931499938964844e+02, 2.931499938964844e+02, 2.931499938964844e+02, 2.931499938964844e+02, 2.931499938964844e+02, 2.931499938964844e+02, 2.931499938964844e+02, 2.931499938964844e+02, 2.931499938964844e+02, 2.851499938964844e+02, 2.851499938964844e+02, 2.851499938964844e+02, 2.851499938964844e+02, 2.851499938964844e+02, 2.851499938964844e+02, 2.851499938964844e+02, 2.931499938964844e+02, 2.931499938964844e+02, 2.931499938964844e+02, 2.931499938964844e+02, 2.931499938964844e+02, 2.931499938964844e+02, 2.931499938964844e+02, 2.931499938964844e+02, 2.931499938964844e+02, 2.931499938964844e+02, 2.931499938964844e+02, 2.931499938964844e+02, 2.931499938964844e+02, 2.851499938964844e+02, 2.851499938964844e+02, 2.851499938964844e+02, 2.851499938964844e+02, 2.851499938964844e+02]
hvac.fanSup.y=[0e+00, 0e+00, 0e+00, 2.911017537117004e-01, 6.228069663047791e-01, 5.596702098846436e-01, 7.322100400924683e-01, 3.65551084280014e-01, 3.619363307952881e-01, 3.489266932010651e-01, 3.643873333930969e-01, 3.671213686466217e-01, 3.490505218505859e-01, 3.651326894760132e-01, 3.67115318775177e-01, 3.556150794029236e-01, 0e+00, 0e+00, 0e+00, 0e+00, 0e+00, 0e+00, 0e+00, 6.952298879623413e-01, 1e+00, 1e+00, 8.519331216812134e-01, 6.901410222053528e-01, 6.209320425987244e-01, 5.524858832359314e-01, 4.94589239358902e-01, 4.85894501209259e-01, 4.577347338199615e-01, 4.314168393611908e-01, 4.570215046405792e-01, 5.290073156356812e-01, 0e+00, 0e+00, 0e+00, 0e+00, 0e+00, 0e+00, 0e+00, 6.953293681144714e-01, 1e+00, 1e+00, 1e+00, 7.597669959068298e-01, 6.196848154067993e-01, 6.339630484580994e-01, 5.600486993789673e-01, 4.86589640378952e-01, 4.485107064247131e-01, 4.533956348896027e-01, 4.714862406253815e-01, 5.779533982276917e-01, 0e+00, 0e+00, 0e+00, 0e+00, 0e+00, 0e+00, 0e+00, 6.942911148071289e-01, 1e+00, 1e+00, 7.852173447608948e-01, 6.026600003242493e-01, 5.349889993667603e-01, 3.527777493000031e-01, 3.806789517402649e-01, 3.505268394947052e-01, 3.50807249546051e-01, 3.636446893215179e-01, 3.830744028091431e-01, 3.479683399200439e-01, 0e+00, 0e+00, 0e+00, 0e+00, 0e+00, 0e+00, 0e+00, 6.94387674331665e-01, 6.459687352180481e-01, 5.861457586288452e-01, 6.680734157562256e-01, 3.676926493644714e-01, 3.633654713630676e-01, 3.487028479576111e-01, 3.64567905664444e-01, 3.672081232070923e-01, 3.493352234363556e-01, 3.66347074508667e-01, 3.588865697383881e-01, 3.504836559295654e-01, 0e+00, 0e+00, 0e+00, 0e+00, 0e+00]
hvac.VAVBox[5].vav.y_actual=[1e+00, 0e+00, 0e+00, 1.00000011920929e+00, 1.752976626157761e-01, 1.031341999769211e-01, 7.171586751937866e-01, 1e+00, 1e+00, 1e+00, 1e+00, 1e+00, 1e+00, 1e+00, 1e+00, 1e+00, 0e+00, 0e+00, 0e+00, 0e+00, 0e+00, 0e+00, 0e+00, 1e+00, 9.927524328231812e-01, 5.191724300384521e-01, 5.641167759895325e-01, 6.642125248908997e-01, 8.182230591773987e-01, 9.615493416786194e-01, 1e+00, 9.886873960494995e-01, 1e+00, 9.871501326560974e-01, 1e+00, 7.938969731330872e-01, 0e+00, 0e+00, 0e+00, 0e+00, 0e+00, 0e+00, 0e+00, 1e+00, 1e+00, 9.193637371063232e-01, 4.943976104259491e-01, 5.862355828285217e-01, 8.542439341545105e-01, 8.956872820854187e-01, 9.387800693511963e-01, 9.39186692237854e-01, 9.317294359207153e-01, 8.570607900619507e-01, 8.517436385154724e-01, 6.859866380691528e-01, -0e+00, 0e+00, 0e+00, 0e+00, 0e+00, 0e+00, 0e+00, 1e+00, 9.642235636711121e-01, 5.266951322555542e-01, 5.929351449012756e-01, 6.363826990127563e-01, 8.851858377456665e-01, 1e+00, 1e+00, 1e+00, 1e+00, 1e+00, 1e+00, 1e+00, 0e+00, 0e+00, 0e+00, 0e+00, 0e+00, 0e+00, 0e+00, 1e+00, 4.376488626003265e-01, 4.968001544475555e-01, 7.274558544158936e-01, 1e+00, 1e+00, 1e+00, 1e+00, 1e+00, 1e+00, 1e+00, 1e+00, 1e+00, 0e+00, 0e+00, 0e+00, 0e+00, 0e+00]
hvac.VAVBox[1].vav.y_actual=[1e+00, 0e+00, 0e+00, 1e+00, 8.038620352745056e-01, 1e+00, 6.708205342292786e-01, 7.088586091995239e-01, 8.341951370239258e-01, 8.185365200042725e-01, 7.948758006095886e-01, 8.358995914459229e-01, 8.234129548072815e-01, 7.927004098892212e-01, 8.349382281303406e-01, 8.372396230697632e-01, 0e+00, 0e+00, 0e+00, 0e+00, 0e+00, 0e+00, 0e+00, 1e+00, 1e+00, 6.77903413772583e-01, 7.422489523887634e-01, 6.417214274406433e-01, 6.09923243522644e-01, 6.677694320678711e-01, 6.942639946937561e-01, 6.898854374885559e-01, 6.969190239906311e-01, 6.955713629722595e-01, 8.122285604476929e-01, 8.75065803527832e-01, 0e+00, 0e+00, 0e+00, 0e+00, 0e+00, 0e+00, 0e+00, 1e+00, 1e+00, 9.71583366394043e-01, 6.331382393836975e-01, 6.419036984443665e-01, 6.519890427589417e-01, 6.402553915977478e-01, 6.701691150665283e-01, 6.820018291473389e-01, 6.812899708747864e-01, 6.595603227615356e-01, 7.278276085853577e-01, 6.002902388572693e-01, 0e+00, 0e+00, 0e+00, 0e+00, 0e+00, 0e+00, 0e+00, 1e+00, 9.877035617828369e-01, 6.425979137420654e-01, 7.086436152458191e-01, 5.630645751953125e-01, 7.212384939193726e-01, 7.678424119949341e-01, 7.922517657279968e-01, 8.447372317314148e-01, 8.205390572547913e-01, 7.990283370018005e-01, 8.066160678863525e-01, 8.483112454414368e-01, -0e+00, 0e+00, 0e+00, 0e+00, 0e+00, 0e+00, 0e+00, 1e+00, 7.775031328201294e-01, 1e+00, 6.352936029434204e-01, 7.262614965438843e-01, 8.308818936347961e-01, 8.187509775161743e-01, 7.942952513694763e-01, 8.35080087184906e-01, 8.216994404792786e-01, 7.927550077438354e-01, 8.42755913734436e-01, 8.17737877368927e-01, 0e+00, 0e+00, 0e+00, 0e+00, 0e+00]
hvac.VAVBox[2].vav.y_actual=[1e+00, 0e+00, 0e+00, 1e+00, 6.506863236427307e-01, 7.716149091720581e-01, 5.318573117256165e-01, 5.853232741355896e-01, 6.434956192970276e-01, 6.381257176399231e-01, 6.24018132686615e-01, 6.414755582809448e-01, 6.39927864074707e-01, 6.228919625282288e-01, 6.412718892097473e-01, 6.706770062446594e-01, -0e+00, 0e+00, 0e+00, 0e+00, 0e+00, 0e+00, 0e+00, 1e+00, 9.253550171852112e-01, 5.964762568473816e-01, 6.091228127479553e-01, 5.097772479057312e-01, 5.227442979812622e-01, 6.267361640930176e-01, 7.940870523452759e-01, 8.547365069389343e-01, 9.276878237724304e-01, 9.434880614280701e-01, 1e+00, 7.245587706565857e-01, 0e+00, 0e+00, 0e+00, 0e+00, 0e+00, 0e+00, 0e+00, 1e+00, 1e+00, 8.125004172325134e-01, 5.336506962776184e-01, 5.806629061698914e-01, 6.692988872528076e-01, 7.627042531967163e-01, 1e+00, 1e+00, 9.631116390228271e-01, 8.505192995071411e-01, 8.273316621780396e-01, 6.155446171760559e-01, 0e+00, 0e+00, 0e+00, 0e+00, 0e+00, 0e+00, 0e+00, 1e+00, 8.440359234809875e-01, 5.531852841377258e-01, 6.366367340087891e-01, 4.730428755283356e-01, 5.31538188457489e-01, 6.157047152519226e-01, 6.206579208374023e-01, 6.484425067901611e-01, 6.383463740348816e-01, 6.259969472885132e-01, 6.265301108360291e-01, 6.496959924697876e-01, -0e+00, 0e+00, 0e+00, 0e+00, 0e+00, 0e+00, 0e+00, 1e+00, 5.939950346946716e-01, 7.662822604179382e-01, 5.371810793876648e-01, 5.997335910797119e-01, 6.419015526771545e-01, 6.383408904075623e-01, 6.237086653709412e-01, 6.411939859390259e-01, 6.391782164573669e-01, 6.225999593734741e-01, 6.456244587898254e-01, 6.372787356376648e-01, 0e+00, 0e+00, 0e+00, 0e+00, 0e+00]
hvac.VAVBox[3].vav.y_actual=[1e+00, 0e+00, 0e+00, 1e+00, 8.656554818153381e-01, 1e+00, 8.311974406242371e-01, 7.909555435180664e-01, 9.762239456176758e-01, 9.586654901504517e-01, 9.393091201782227e-01, 9.960330724716187e-01, 9.740234017372131e-01, 9.352792501449585e-01, 9.960081577301025e-01, 1e+00, -0e+00, 0e+00, 0e+00, 0e+00, 0e+00, 0e+00, 0e+00, 1e+00, 1e+00, 6.781970858573914e-01, 7.872405052185059e-01, 1e+00, 1e+00, 1e+00, 1e+00, 1e+00, 1e+00, 1e+00, 1e+00, 1e+00, -0e+00, 0e+00, 0e+00, 0e+00, 0e+00, 0e+00, 0e+00, 1e+00, 1e+00, 9.725102782249451e-01, 6.61184549331665e-01, 8.417123556137085e-01, 1e+00, 1e+00, 1e+00, 1e+00, 1e+00, 1e+00, 1e+00, 1e+00, -0e+00, 0e+00, 0e+00, 0e+00, 0e+00, 0e+00, 0e+00, 1e+00, 9.881747364997864e-01, 6.543646454811096e-01, 8.604483008384705e-01, 6.225503087043762e-01, 7.235002517700195e-01, 8.46031665802002e-01, 9.279518723487854e-01, 1e+00, 9.725977182388306e-01, 9.459971189498901e-01, 9.638181328773499e-01, 1e+00, 0e+00, 0e+00, 0e+00, 0e+00, 0e+00, 0e+00, 0e+00, 1e+00, 8.686363101005554e-01, 1e+00, 8.785489797592163e-01, 8.253306746482849e-01, 9.755448698997498e-01, 9.586294889450073e-01, 9.382766485214233e-01, 9.958133697509766e-01, 9.709031581878662e-01, 9.362542033195496e-01, 1e+00, 9.648931622505188e-01, 0e+00, 0e+00, 0e+00, 0e+00, 0e+00]
hvac.VAVBox[4].vav.y_actual=[1e+00, 0e+00, 0e+00, 1e+00, 6.258747577667236e-01, 7.324442863464355e-01, 5.137395858764648e-01, 5.871806144714355e-01, 6.161800026893616e-01, 6.110326051712036e-01, 5.979517102241516e-01, 6.139013171195984e-01, 6.126699447631836e-01, 5.96903920173645e-01, 6.137233376502991e-01, 6.809940934181213e-01, -0e+00, 0e+00, 0e+00, 0e+00, 0e+00, 0e+00, 0e+00, 1e+00, 8.004873991012573e-01, 5.77277660369873e-01, 5.822000503540039e-01, 6.424794793128967e-01, 7.409296631813049e-01, 9.223104119300842e-01, 8.745574355125427e-01, 7.744495272636414e-01, 6.381245255470276e-01, 5.776161551475525e-01, 8.709990978240967e-01, 7.946592569351196e-01, -0e+00, 0e+00, 0e+00, 0e+00, 0e+00, 0e+00, 0e+00, 1e+00, 1e+00, 7.345155477523804e-01, 5.103065371513367e-01, 6.051412224769592e-01, 9.235044121742249e-01, 9.199346303939819e-01, 9.866056442260742e-01, 9.388527274131775e-01, 7.344458699226379e-01, 5.821403861045837e-01, 7.678587436676025e-01, 5.91770350933075e-01, 0e+00, 0e+00, 0e+00, 0e+00, 0e+00, 0e+00, 0e+00, 1e+00, 7.351962924003601e-01, 5.276803970336914e-01, 6.071776151657104e-01, 4.639595150947571e-01, 6.246879696846008e-01, 6.191513538360596e-01, 5.951846837997437e-01, 6.228188276290894e-01, 6.112552285194397e-01, 5.997889637947083e-01, 6.001691818237305e-01, 6.292585134506226e-01, 0e+00, 0e+00, 0e+00, 0e+00, 0e+00, 0e+00, 0e+00, 1e+00, 4.396018087863922e-01, 6.817463040351868e-01, 4.822886884212494e-01, 5.976468324661255e-01, 6.146799325942993e-01, 6.112305521965027e-01, 5.976635217666626e-01, 6.136478781700134e-01, 6.119846701622009e-01, 5.966256856918335e-01, 6.17725670337677e-01, 6.102446317672729e-01, -0e+00, 0e+00, 0e+00, 0e+00, 0e+00]
hvac.damOut.y=[0e+00, 0e+00, 0e+00, 0e+00, 0e+00, 0e+00, 6.153228878974915e-01, 9.425353407859802e-01, 1e+00, 1e+00, 1e+00, 1e+00, 1e+00, 1e+00, 1e+00, 1e+00, 0e+00, 0e+00, 0e+00, 0e+00, 0e+00, 0e+00, 0e+00, 0e+00, 0e+00, 0e+00, 6.682380437850952e-01, 9.21912670135498e-01, 1e+00, 1e+00, 1e+00, 1e+00, 1e+00, 1e+00, 1e+00, 1e+00, 0e+00, 0e+00, 0e+00, 0e+00, 0e+00, 0e+00, 0e+00, 0e+00, 0e+00, 0e+00, 6.325947642326355e-01, 8.936964869499207e-01, 1e+00, 1e+00, 1e+00, 1e+00, 1e+00, 1e+00, 1e+00, 1e+00, 0e+00, 0e+00, 0e+00, 0e+00, 0e+00, 0e+00, 0e+00, 0e+00, 0e+00, 0e+00, 6.603531837463379e-01, 9.148218035697937e-01, 1e+00, 1e+00, 1e+00, 1e+00, 1e+00, 1e+00, 1e+00, 1e+00, 0e+00, 0e+00, 0e+00, 0e+00, 0e+00, 0e+00, 0e+00, 0e+00, 0e+00, 0e+00, 6.340073943138123e-01, 9.608989953994751e-01, 1e+00, 1e+00, 1e+00, 1e+00, 1e+00, 1e+00, 1e+00, 1e+00, 0e+00, 0e+00, 0e+00, 0e+00, 0e+00]
hvac.VAVBox[1].TSup=[2.931499938964844e+02, 2.931499633789062e+02, 2.931499633789062e+02, 3.03634765625e+02, 3.017535705566406e+02, 2.986105346679688e+02, 3.041734619140625e+02, 2.904027404785156e+02, 2.879573974609375e+02, 2.857568359375e+02, 2.849159851074219e+02, 2.837514953613281e+02, 2.84186767578125e+02, 2.890179443359375e+02, 2.854081115722656e+02, 3.013126831054688e+02, 2.843603515625e+02, 2.843603515625e+02, 2.843603515625e+02, 2.843603515625e+02, 2.843603515625e+02, 2.843603515625e+02, 2.843603515625e+02, 3.039953918457031e+02, 3.041444091796875e+02, 3.041530456542969e+02, 3.041533508300781e+02, 3.035624694824219e+02, 2.958348999023438e+02, 2.844691162109375e+02, 2.834277648925781e+02, 2.838876647949219e+02, 2.8984814453125e+02, 2.940708923339844e+02, 3.040896301269531e+02, 3.041371459960938e+02, 2.832154846191406e+02, 2.832154846191406e+02, 2.832154846191406e+02, 2.832154846191406e+02, 2.832154846191406e+02, 2.832154846191406e+02, 2.832154846191406e+02, 3.039972534179688e+02, 3.041506958007812e+02, 3.041463623046875e+02, 3.041506652832031e+02, 3.041832885742188e+02, 3.014811401367188e+02, 2.950999450683594e+02, 2.914839782714844e+02, 2.854740600585938e+02, 3.036424865722656e+02, 3.037106018066406e+02, 3.041014404296875e+02, 3.040128479003906e+02, 2.86361328125e+02, 2.86361328125e+02, 2.86361328125e+02, 2.86361328125e+02, 2.86361328125e+02, 2.86361328125e+02, 2.86361328125e+02, 3.039796752929688e+02, 3.041418151855469e+02, 3.064563903808594e+02, 3.041581726074219e+02, 2.969789123535156e+02, 2.969679260253906e+02, 2.962373352050781e+02, 2.898896179199219e+02, 2.904108276367188e+02, 2.908482666015625e+02, 2.907008361816406e+02, 2.91504638671875e+02, 2.999455261230469e+02, 2.91130615234375e+02, 2.91130615234375e+02, 2.91130615234375e+02, 2.91130615234375e+02, 2.91130615234375e+02, 2.91130615234375e+02, 2.91130615234375e+02, 3.039974060058594e+02, 2.982487182617188e+02, 3.010410766601562e+02, 3.020743408203125e+02, 2.90661376953125e+02, 2.905553283691406e+02, 2.909809875488281e+02, 2.911756896972656e+02, 2.910326843261719e+02, 2.91140380859375e+02, 2.908670349121094e+02, 2.895099182128906e+02, 2.884869079589844e+02, 2.874691467285156e+02, 2.874691467285156e+02, 2.874691467285156e+02, 2.874691467285156e+02, 2.874691467285156e+02]
hvac.VAVBox[2].TSup=[2.931499938964844e+02, 2.931499633789062e+02, 2.931499633789062e+02, 3.035942077636719e+02, 2.984658203125e+02, 3.044345703125e+02, 3.033841857910156e+02, 2.904062194824219e+02, 2.879592590332031e+02, 2.868706359863281e+02, 2.854454040527344e+02, 2.924003601074219e+02, 2.9208203125e+02, 2.92928955078125e+02, 2.945363464355469e+02, 3.041358947753906e+02, 2.8538525390625e+02, 2.8538525390625e+02, 2.8538525390625e+02, 2.8538525390625e+02, 2.8538525390625e+02, 2.8538525390625e+02, 2.8538525390625e+02, 3.03993408203125e+02, 3.041551513671875e+02, 3.041507873535156e+02, 3.041518859863281e+02, 3.042145080566406e+02, 3.019060668945312e+02, 3.041108703613281e+02, 3.041153259277344e+02, 3.041197204589844e+02, 3.041023864746094e+02, 3.041204528808594e+02, 3.041292114257812e+02, 3.026264038085938e+02, 2.831774597167969e+02, 2.831774597167969e+02, 2.831774597167969e+02, 2.831774597167969e+02, 2.831774597167969e+02, 2.831774597167969e+02, 2.831774597167969e+02, 3.039940795898438e+02, 3.041507568359375e+02, 3.041613159179688e+02, 3.041507263183594e+02, 3.04173095703125e+02, 3.041561584472656e+02, 3.041123657226562e+02, 3.041000061035156e+02, 3.041314086914062e+02, 3.041266174316406e+02, 3.041293334960938e+02, 3.040838317871094e+02, 3.041350402832031e+02, 2.862478637695312e+02, 2.862478637695312e+02, 2.862478637695312e+02, 2.862478637695312e+02, 2.862478637695312e+02, 2.862478637695312e+02, 2.862478637695312e+02, 3.039770202636719e+02, 3.041645202636719e+02, 3.041055603027344e+02, 3.041571044921875e+02, 2.98767822265625e+02, 2.9675634765625e+02, 2.955828857421875e+02, 2.944913635253906e+02, 2.929998474121094e+02, 2.908482971191406e+02, 2.9070068359375e+02, 2.924030456542969e+02, 3.016985168457031e+02, 2.938339538574219e+02, 2.938339538574219e+02, 2.938339538574219e+02, 2.938339538574219e+02, 2.938339538574219e+02, 2.938339538574219e+02, 2.938339538574219e+02, 3.039989318847656e+02, 2.961841430664062e+02, 3.022454528808594e+02, 3.040967102050781e+02, 2.906613159179688e+02, 2.905555114746094e+02, 2.909809875488281e+02, 2.911755676269531e+02, 2.910328674316406e+02, 2.911404113769531e+02, 2.908670654296875e+02, 2.895106811523438e+02, 2.916064758300781e+02, 2.90693359375e+02, 2.90693359375e+02, 2.90693359375e+02, 2.90693359375e+02, 2.90693359375e+02]
hvac.VAVBox[3].TSup=[2.931499938964844e+02, 2.931499633789062e+02, 2.931499633789062e+02, 3.036325988769531e+02, 2.998786010742188e+02, 3.046415405273438e+02, 3.04081787109375e+02, 2.955227661132812e+02, 3.007349243164062e+02, 2.956863098144531e+02, 2.915409545898438e+02, 2.927775573730469e+02, 2.92099609375e+02, 2.928132934570312e+02, 2.940984802246094e+02, 3.041479797363281e+02, 2.829154052734375e+02, 2.829154052734375e+02, 2.829154052734375e+02, 2.829154052734375e+02, 2.829154052734375e+02, 2.829154052734375e+02, 2.829154052734375e+02, 3.039946594238281e+02, 3.041444702148438e+02, 3.041532592773438e+02, 3.04154541015625e+02, 3.041264343261719e+02, 3.040721435546875e+02, 3.040786437988281e+02, 3.041175231933594e+02, 3.041322021484375e+02, 3.041292419433594e+02, 3.041541748046875e+02, 3.041621398925781e+02, 3.042191162109375e+02, 2.831553039550781e+02, 2.831553039550781e+02, 2.831553039550781e+02, 2.831553039550781e+02, 2.831553039550781e+02, 2.831553039550781e+02, 2.831553039550781e+02, 3.03997802734375e+02, 3.041506958007812e+02, 3.041463012695312e+02, 3.041507568359375e+02, 3.0415625e+02, 3.040921630859375e+02, 3.040712280273438e+02, 3.04105712890625e+02, 3.041526489257812e+02, 3.04181884765625e+02, 3.041886291503906e+02, 3.042157897949219e+02, 3.041869812011719e+02, 2.864383544921875e+02, 2.864383544921875e+02, 2.864383544921875e+02, 2.864383544921875e+02, 2.864383544921875e+02, 2.864383544921875e+02, 2.864383544921875e+02, 3.039801635742188e+02, 3.041417846679688e+02, 3.041522827148438e+02, 3.041592712402344e+02, 3.0424267578125e+02, 3.007431335449219e+02, 2.9893701171875e+02, 2.955428771972656e+02, 2.940112915039062e+02, 2.912511596679688e+02, 2.907008666992188e+02, 2.921644897460938e+02, 3.019775085449219e+02, 2.912456970214844e+02, 2.912456970214844e+02, 2.912456970214844e+02, 2.912456970214844e+02, 2.912456970214844e+02, 2.912456970214844e+02, 2.912456970214844e+02, 3.039979858398438e+02, 3.028427734375e+02, 3.042008056640625e+02, 3.0409912109375e+02, 2.974602355957031e+02, 2.905552673339844e+02, 2.909809875488281e+02, 2.911757202148438e+02, 2.910326538085938e+02, 2.911403503417969e+02, 2.908670043945312e+02, 2.89509765625e+02, 2.9207177734375e+02, 2.884909973144531e+02, 2.884909973144531e+02, 2.884909973144531e+02, 2.884909973144531e+02, 2.884909973144531e+02]
hvac.VAVBox[4].TSup=[2.931499938964844e+02, 2.931499633789062e+02, 2.931499633789062e+02, 3.036117858886719e+02, 2.995999755859375e+02, 3.012789306640625e+02, 3.039146423339844e+02, 2.981887817382812e+02, 2.929044494628906e+02, 2.916044006347656e+02, 2.952328796386719e+02, 2.94177734375e+02, 2.92631591796875e+02, 2.917614440917969e+02, 2.949559631347656e+02, 3.041355285644531e+02, 2.855464782714844e+02, 2.855464782714844e+02, 2.855464782714844e+02, 2.855464782714844e+02, 2.855464782714844e+02, 2.855464782714844e+02, 2.855464782714844e+02, 3.039924926757812e+02, 3.041717529296875e+02, 3.041514282226562e+02, 3.041519470214844e+02, 3.041750793457031e+02, 3.04152099609375e+02, 3.040879821777344e+02, 3.041099548339844e+02, 3.041345520019531e+02, 3.041219482421875e+02, 3.041132202148438e+02, 3.041022338867188e+02, 3.041451721191406e+02, 2.835989990234375e+02, 2.835989990234375e+02, 2.835989990234375e+02, 2.835989990234375e+02, 2.835989990234375e+02, 2.835989990234375e+02, 2.835989990234375e+02, 3.039933776855469e+02, 3.041507568359375e+02, 3.041533508300781e+02, 3.041507568359375e+02, 3.041511535644531e+02, 3.041021118164062e+02, 3.040830078125e+02, 3.040981750488281e+02, 3.041228942871094e+02, 3.041182556152344e+02, 3.041237182617188e+02, 3.041012878417969e+02, 3.04173583984375e+02, 2.867581481933594e+02, 2.867581481933594e+02, 2.867581481933594e+02, 2.867581481933594e+02, 2.867581481933594e+02, 2.867581481933594e+02, 2.867581481933594e+02, 3.039765625e+02, 3.041785583496094e+02, 3.01473388671875e+02, 3.041575012207031e+02, 3.028746643066406e+02, 3.015018005371094e+02, 3.01247802734375e+02, 3.017256774902344e+02, 3.007655639648438e+02, 2.974119873046875e+02, 2.915664978027344e+02, 2.972655029296875e+02, 3.0199658203125e+02, 2.916016540527344e+02, 2.916016540527344e+02, 2.916016540527344e+02, 2.916016540527344e+02, 2.916016540527344e+02, 2.916016540527344e+02, 2.916016540527344e+02, 3.039962768554688e+02, 2.954182434082031e+02, 2.967973327636719e+02, 3.002278747558594e+02, 2.930766296386719e+02, 2.905555725097656e+02, 2.909809875488281e+02, 2.91175537109375e+02, 2.910328979492188e+02, 2.911404113769531e+02, 2.908670654296875e+02, 2.895108947753906e+02, 2.905079040527344e+02, 2.909753723144531e+02, 2.909753723144531e+02, 2.909753723144531e+02, 2.909753723144531e+02, 2.909753723144531e+02]
hvac.VAVBox[5].TSup=[2.931499938964844e+02, 2.931499938964844e+02, 2.931499938964844e+02, 3.034542846679688e+02, 2.926328430175781e+02, 2.926713256835938e+02, 2.908828735351562e+02, 2.904025573730469e+02, 2.879569702148438e+02, 2.857566833496094e+02, 2.84916015625e+02, 2.837514343261719e+02, 2.841866760253906e+02, 2.837561645507812e+02, 2.832568054199219e+02, 2.832139282226562e+02, 2.825667114257812e+02, 2.825667114257812e+02, 2.825667114257812e+02, 2.825667114257812e+02, 2.825667114257812e+02, 2.825667114257812e+02, 2.825667114257812e+02, 3.039779052734375e+02, 3.041439819335938e+02, 3.041540832519531e+02, 3.021174926757812e+02, 2.960992736816406e+02, 3.007151489257812e+02, 3.040669860839844e+02, 2.985650939941406e+02, 3.003310546875e+02, 3.029129638671875e+02, 3.001791076660156e+02, 3.040834655761719e+02, 2.9893310546875e+02, 2.831817626953125e+02, 2.831817626953125e+02, 2.831817626953125e+02, 2.831817626953125e+02, 2.831817626953125e+02, 2.831817626953125e+02, 2.831817626953125e+02, 3.039811706542969e+02, 3.041510620117188e+02, 3.041556396484375e+02, 3.041510314941406e+02, 3.041512145996094e+02, 3.041016235351562e+02, 3.040719604492188e+02, 3.040974426269531e+02, 3.041225891113281e+02, 3.041276550292969e+02, 3.017825317382812e+02, 3.034683227539062e+02, 2.984879150390625e+02, 2.8630419921875e+02, 2.8630419921875e+02, 2.8630419921875e+02, 2.8630419921875e+02, 2.8630419921875e+02, 2.8630419921875e+02, 2.8630419921875e+02, 3.039664611816406e+02, 3.041444091796875e+02, 3.041482238769531e+02, 3.04153564453125e+02, 2.927489929199219e+02, 2.901015625e+02, 2.90275390625e+02, 2.898898010253906e+02, 2.904107971191406e+02, 2.908482360839844e+02, 2.907008666992188e+02, 2.895871276855469e+02, 2.896490173339844e+02, 2.896272583007812e+02, 2.896272583007812e+02, 2.896272583007812e+02, 2.896272583007812e+02, 2.896272583007812e+02, 2.896272583007812e+02, 2.896272583007812e+02, 3.03987060546875e+02, 3.00210205078125e+02, 3.017600402832031e+02, 2.911791381835938e+02, 2.906614074707031e+02, 2.905552673339844e+02, 2.909809875488281e+02, 2.911757202148438e+02, 2.910326538085938e+02, 2.911403503417969e+02, 2.908670043945312e+02, 2.89509765625e+02, 2.884867858886719e+02, 2.874735107421875e+02, 2.874735107421875e+02, 2.874735107421875e+02, 2.874735107421875e+02, 2.874735107421875e+02]
hvac.res.EFan=[0e+00, -4.286296189093264e-06, -4.286296189093264e-06, 4.495717163085938e+02, 6.848681640625e+03, 1.06783212890625e+04, 1.423566015625e+04, 1.7801162109375e+04, 2.0674748046875e+04, 2.3565111328125e+04, 2.6451814453125e+04, 2.9328169921875e+04, 3.221738671875e+04, 3.510491015625e+04, 3.79815078125e+04, 4.087109375e+04, 4.36084453125e+04, 4.36084453125e+04, 4.36084453125e+04, 4.36084453125e+04, 4.36084453125e+04, 4.36084453125e+04, 4.36084453125e+04, 4.501305078125e+04, 5.865027734375e+04, 7.2683421875e+04, 8.46713359375e+04, 9.0557203125e+04, 9.41302890625e+04, 9.762146875e+04, 1.012330546875e+05, 1.048413671875e+05, 1.0826165625e+05, 1.116685078125e+05, 1.15122609375e+05, 1.19837203125e+05, 1.240450703125e+05, 1.240450703125e+05, 1.240450703125e+05, 1.240450703125e+05, 1.240450703125e+05, 1.240450703125e+05, 1.240450703125e+05, 1.25450671875e+05, 1.39090953125e+05, 1.535043125e+05, 1.67040078125e+05, 1.78042890625e+05, 1.8216259375e+05, 1.8588571875e+05, 1.89914671875e+05, 1.94099296875e+05, 1.9788959375e+05, 2.01618859375e+05, 2.05283234375e+05, 2.10157e+05, 2.1392971875e+05, 2.1392971875e+05, 2.1392971875e+05, 2.1392971875e+05, 2.1392971875e+05, 2.1392971875e+05, 2.1392971875e+05, 2.1533559375e+05, 2.2896609375e+05, 2.4280915625e+05, 2.52895015625e+05, 2.578274375e+05, 2.610575625e+05, 2.64072375e+05, 2.6695490625e+05, 2.69836125e+05, 2.7272509375e+05, 2.7561184375e+05, 2.784931875e+05, 2.8137665625e+05, 2.8380171875e+05, 2.8380171875e+05, 2.8380171875e+05, 2.8380171875e+05, 2.8380171875e+05, 2.8380171875e+05, 2.8380171875e+05, 2.8519209375e+05, 2.94671e+05, 2.9893703125e+05, 3.0248253125e+05, 3.0579184375e+05, 3.086669375e+05, 3.1155775e+05, 3.1444446875e+05, 3.173209375e+05, 3.2021034375e+05, 3.23097375e+05, 3.259736875e+05, 3.2886365625e+05, 3.31272125e+05, 3.31272125e+05, 3.31272125e+05, 3.31272125e+05, 3.31272125e+05]
hvac.res.EHea=[0e+00, 0e+00, 0e+00, 6.17017822265625e+03, 1.055555078125e+05, 1.87675625e+05, 2.63659375e+05, 3.2234478125e+05, 3.672928125e+05, 4.1937871875e+05, 4.7508365625e+05, 5.3934175e+05, 6.022208125e+05, 6.651239375e+05, 7.321128125e+05, 8.325370625e+05, 9.505901875e+05, 9.505901875e+05, 9.505901875e+05, 9.505901875e+05, 9.505901875e+05, 9.505901875e+05, 9.505901875e+05, 9.87089125e+05, 1.189253375e+06, 1.37880025e+06, 1.542986375e+06, 1.715587125e+06, 1.844327e+06, 1.972116e+06, 2.10444125e+06, 2.24148325e+06, 2.3672355e+06, 2.49494125e+06, 2.6407335e+06, 2.82759175e+06, 2.9903505e+06, 2.9903505e+06, 2.9903505e+06, 2.9903505e+06, 2.9903505e+06, 2.9903505e+06, 2.9903505e+06, 3.02794775e+06, 3.2343985e+06, 3.44003425e+06, 3.6154385e+06, 3.80100875e+06, 3.959224e+06, 4.1054475e+06, 4.251756e+06, 4.3956285e+06, 4.533571e+06, 4.674282e+06, 4.814849e+06, 4.9821335e+06, 5.1160265e+06, 5.1160265e+06, 5.1160265e+06, 5.1160265e+06, 5.1160265e+06, 5.1160265e+06, 5.1160265e+06, 5.1458855e+06, 5.319528e+06, 5.471617e+06, 5.5967915e+06, 5.716691e+06, 5.795465e+06, 5.8541695e+06, 5.9062905e+06, 5.957428e+06, 5.9990285e+06, 6.034811e+06, 6.0730835e+06, 6.135617e+06, 6.2014285e+06, 6.2014285e+06, 6.2014285e+06, 6.2014285e+06, 6.2014285e+06, 6.2014285e+06, 6.2014285e+06, 6.2275415e+06, 6.335612e+06, 6.4152955e+06, 6.4835375e+06, 6.53395e+06, 6.555983e+06, 6.5842345e+06, 6.6160625e+06, 6.6482465e+06, 6.681694e+06, 6.7156515e+06, 6.7501215e+06, 6.7888415e+06, 6.835116e+06, 6.835116e+06, 6.835116e+06, 6.835116e+06, 6.835116e+06]
hvac.res.ECoo=[0e+00, 0e+00, 0e+00, 0e+00, 0e+00, 0e+00, 0e+00, 0e+00, 0e+00, 0e+00, 0e+00, 0e+00, 0e+00, 0e+00, 0e+00, 0e+00, 0e+00, 0e+00, 0e+00, 0e+00, 0e+00, 0e+00, 0e+00, 0e+00, 0e+00, 0e+00, 0e+00, 0e+00, 0e+00, 0e+00, 0e+00, 0e+00, 0e+00, 0e+00, 0e+00, 0e+00, 0e+00, 0e+00, 0e+00, 0e+00, 0e+00, 0e+00, 0e+00, 0e+00, 0e+00, 0e+00, 0e+00, 0e+00, 0e+00, 0e+00, 0e+00, 0e+00, 0e+00, 0e+00, 0e+00, 0e+00, 0e+00, 0e+00, 0e+00, 0e+00, 0e+00, 0e+00, 0e+00, 0e+00, 0e+00, 0e+00, 0e+00, 0e+00, 0e+00, 0e+00, 0e+00, 0e+00, 0e+00, 0e+00, 0e+00, 0e+00, 0e+00, 0e+00, 0e+00, 0e+00, 0e+00, 0e+00, 0e+00, 0e+00, 0e+00, 0e+00, 0e+00, 0e+00, 0e+00, 0e+00, 0e+00, 0e+00, 0e+00, 0e+00, 0e+00, 0e+00, 0e+00, 0e+00, 0e+00, 0e+00, 0e+00]
