last-generated=2015-05-08
statistics-simulation={'numerical Jacobians': '0', 'nonlinear': ' ', 'linear': ' '}
pSat.pSat=[611.12640380859375, 657.06359969956770328281, 706.02624739045097612689, 758.18402462729966373445, 813.71442165686596581509, 872.80285193342376715009, 935.6429530771805502809, 1002.43700967950485392066, 1073.39613131652981792286, 1148.74032885340920984163, 1228.69920655169994461176, 1313.51196812592047535873, 1403.42763727354054026364, 1498.7058575692565227655, 1599.61632685480230975372, 1706.43999835359954886371, 1819.46928008241502539022, 1939.00718029452468726959, 2065.36953651647309015971, 2198.88382195296298959875, 2339.88960549670446198434, 2488.74082344079170070472, 2645.8022654240385236335, 2811.45427511549269183888, 2986.09042869993618296576, 3170.117431640625, 3363.95844261076808834332, 3568.04933706745441668318, 3782.84396801155071443645, 4008.80952050139467246481, 4246.42939853738425881602, 4496.2055056666786185815, 4758.65400191671596985543, 5034.30822518391323683318, 5323.72206244953486020677, 5627.46356522859423421323, 5946.12062916649574617622, 6280.30110715083174000029, 6630.63005461671946250135, 6997.7520048467677042936, 7382.33130948228881607065, 7785.05483552847454120638, 8206.62752117765012371819, 8647.77409280226493137889, 9109.24620675994447083212, 9591.81113764081601402722, 10096.2612903378285409417, 10623.4131504460074211238, 11174.10314544481661869213, 11749.19182485361852741335, 12349.5654296875, 12976.1334254116372903809, 13629.82940364699788915459, 14311.61137500000222644303, 15022.45938673796081275214, 15763.39265680296739446931, 16535.44317227338251541369, 17339.67246437052745022811, 18177.17330683299587690271, 19049.06288886715628905222, 19956.47827077279725926928, 20900.60604989243438467383, 21882.64210249264215235598, 22903.81885776383933261968, 23965.39608529839097172953, 25068.66480073527054628357, 26214.93835409216626430862, 27405.58196713884535711259, 28641.96980548027931945398, 29925.51789104874842450954, 31257.67154542215575929731, 32639.90537555877745035104, 34073.72240028497617458925, 35560.68462263447872828692, 37102.35788354939722921699, 38700.35546875, 40356.31411307927191955969, 42071.91740436410327674821, 43848.87628507767658447847, 45688.92959036936372285709, 47593.88051019316480960697, 49565.53467970008205156773, 51605.75539552133705001324, 53716.42937571243965066969, 55899.48631009256496326998, 58156.87345223792362958193, 60490.62942970496078487486, 62902.77227213716105325148, 65395.3879307619936298579, 67970.59750597899255808443, 70630.53771522501483559608, 73377.41457854642067104578, 76213.47176897073222789913, 79140.97444208204979076982, 82162.24292149406392127275, 85279.6287861346936551854, 88495.52265453172731213272, 91812.33414349574013613164, 95232.5949589386727893725, 98758.78565872261242475361, 102393.4765625]
time=[0., 1.]
