last-generated=2019-08-19
statistics-initialization=
{
  "nonlinear": "14",
  "numerical Jacobians": "0"
}
statistics-simulation=
{
  "linear": " ",
  "nonlinear": " ",
  "numerical Jacobians": "0"
}
err_V3[3]=[3.416629135608673e-02, 3.416629135608673e-02]
err_V4[1]=[3.841924369335175e-01, 3.841924369335175e-01]
err_V4[3]=[-3.924734592437744e-01, -3.924734592437744e-01]
err_V4[2]=[2.513228952884674e-01, 2.513228952884674e-01]
err_V2[3]=[-9.175733923912048e-01, -9.175733923912048e-01]
err_V2[1]=[-4.831030368804932e-01, -4.831030368804932e-01]
time=[0e+00, 1e+00]
err_V3[2]=[7.865637540817261e-02, 7.865637540817261e-02]
err_V2[2]=[-7.232179045677185e-01, -7.232179045677185e-01]
err_V3[1]=[2.785569429397583e-01, 2.785569429397583e-01]
err_Theta4[1]=[6.664716056548059e-04, 6.664716056548059e-04]
err_Theta4[3]=[-3.141251509077847e-04, -3.141251509077847e-04]
err_Theta3[2]=[-4.570888122543693e-04, -4.570888122543693e-04]
err_Theta4[2]=[3.955995198339224e-04, 3.955995198339224e-04]
err_Theta3[3]=[-1.647352291911375e-05, -1.647352291911375e-05]
err_Theta3[1]=[-4.302340385038406e-04, -4.302340385038406e-04]
err_Theta2[3]=[5.189664661884308e-04, 5.189664661884308e-04]
err_Theta2[2]=[-3.069481754209846e-04, -3.069481754209846e-04]
err_Theta2[1]=[-1.330398226855323e-04, -1.330398226855323e-04]
