last-generated=2015-01-22
RCondGro=[0.22573989629745483398, 0.22573989629745483398]
x=[0.49209949374198913574, 0.49209949374198913574]
Rgb=[0.20167595148086547852, 0.20167595148086547852]
Rgg=[0.04301920905709266663, 0.04301920905709266663]
time=[0.00000000000000000000, 1.00000000000000000000]
