last-generated=2016-11-28
statistics-initialization=
{
  "numerical Jacobians": "0", 
  "nonlinear": "14"
}
statistics-simulation=
{
  "numerical Jacobians": "0", 
  "nonlinear": " ", 
  "linear": " "
}
err_V3[3]=[0.30688065290451049805, 0.30688065290451049805]
err_V4[1]=[0.49035885930061340332, 0.49035885930061340332]
err_V4[3]=[-0.25139164924621582031, -0.25139164924621582031]
err_V4[2]=[0.51355475187301635742, 0.51355475187301635742]
err_V2[3]=[-0.32687559723854064941, -0.32687559723854064941]
err_V2[1]=[-0.64692741632461547852, -0.64692741632461547852]
time=[0., 1.]
err_V3[2]=[-0.07648687064647674561, -0.07648687064647674561]
err_V2[2]=[-0.66895139217376708984, -0.66895139217376708984]
err_V3[1]=[0.3962707221508026123, 0.3962707221508026123]
err_Theta4[1]=[-0.00070879561826586723, -0.00070879561826586723]
err_Theta4[3]=[0.00050705712055787444, 0.00050705712055787444]
err_Theta3[2]=[-0.00064146140357479453, -0.00064146140357479453]
err_Theta4[2]=[0.00047742645256221294, 0.00047742645256221294]
err_Theta3[3]=[-0.00061985256616026163, -0.00061985256616026163]
err_Theta3[1]=[-0.00064246822148561478, -0.00064246822148561478]
err_Theta2[3]=[-0.00004449682455742732, -0.00004449682455742732]
err_Theta2[2]=[-0.00067265727557241917, -0.00067265727557241917]
err_Theta2[1]=[-0.00029079723753966391, -0.00029079723753966391]
