last-generated=2016-11-03
statistics-initialization=
{
  "linear": "8"
}
statistics-simulation=
{
  "numerical Jacobians": "0", 
  "nonlinear": " ", 
  "linear": " "
}
probe_D_1.V[3]=[12470., 12470.]
probe_D_1.V[2]=[12470., 12470.]
probe_Y_1.V[2]=[7199.5576171875, 7199.5576171875]
probe_D_1.V[1]=[12470., 12470.]
probe_Y_1.V[3]=[7199.5576171875, 7199.5576171875]
probe_Y_1.V[1]=[7199.5576171875, 7199.5576171875]
time=[0., 1.]
probe_2.V[2]=[4117.001953125, 4117.001953125]
probe_2.V[3]=[4117.001953125, 4117.001953125]
probe_2.V[1]=[4117.001953125, 4117.001953125]
probe_Y_1.theta[3]=[2.09439516067504882812, 2.09439516067504882812]
probe_Y_1.theta[1]=[0., 0.]
probe_Y_1.theta[2]=[-2.09439516067504882812, -2.09439516067504882812]
probe_D_1.theta[2]=[-1.57079637050628662109, -1.57079637050628662109]
probe_D_1.theta[1]=[0.52359879016876220703, 0.52359879016876220703]
probe_D_1.theta[3]=[2.61799383163452148438, 2.61799383163452148438]
probe_2.theta[1]=[0.47013145685195922852, 0.47013145685195922852]
probe_2.theta[2]=[-1.62426364421844482422, -1.62426364421844482422]
probe_2.theta[3]=[2.56452655792236328125, 2.56452655792236328125]
