last-generated=2026-08-06
statistics-simulation=
{
  "linear": " ",
  "nonlinear": " ",
  "numerical Jacobians": "0"
}
time=[0e+00, 1e+00]
m_flow_nominal=[7.14285746216774e-02, 7.14285746216774e-02]
m_flow=[-7.14285746216774e-02, -7.00000002660921e-02, -6.857142591050681e-02, -6.714285900550221e-02, -6.571428464991683e-02, -6.428571801100201e-02, -6.285714338932682e-02, -6.142857302512401e-02, -5.999999840345035e-02, -5.857142857142857e-02, -5.714285767504147e-02, -5.571428677865437e-02, -5.428571215698197e-02, -5.285714126058987e-02, -5.142857142857143e-02, -5.000000159655298e-02, -4.857142963579723e-02, -4.714285607848848e-02, -4.571428624647005e-02, -4.428571428571428e-02, -4.285714445369584e-02, -4.1428568767662e-02, -3.999999893563135e-02, -3.85714291036129e-02, -3.714285714285714e-02, -3.57142873108387e-02, -3.428571162481041e-02, -3.285714392151151e-02, -3.142857196075576e-02, -2.999999813736262e-02, -2.857143043407372e-02, -2.714285661067281e-02, -2.571428464991706e-02, -2.428571694662371e-02, -2.285714312323502e-02, -2.142857116247927e-02, -2.000000159655299e-02, -1.857142963579279e-02, -1.714285581240076e-02, -1.571428385164056e-02, -1.428571521703408e-02, -1.28571423249602e-02, -1.142856943288631e-02, -1.000000079827649e-02, -8.571427906199271e-03, -7.142855479783891e-03, -5.714286845175466e-03, -4.285713953099639e-03, -2.857141293855142e-03, -1.428572775660235e-03, 0e+00, 1.428572775639935e-03, 2.857145551280979e-03, 4.285718210506147e-03, 5.714282587753463e-03, 7.142855479809275e-03, 8.571427906194204e-03, 1.000000079826126e-02, 1.142857369031929e-02, 1.285714658236511e-02, 1.428571095962409e-02, 1.571428385167101e-02, 1.714285581241091e-02, 1.857142963578264e-02, 2.000000159652254e-02, 2.142857541988094e-02, 2.285713886581623e-02, 2.428571268919683e-02, 2.571428464993229e-02, 2.714285661067788e-02, 2.857143043404834e-02, 3.00000023947838e-02, 3.142856770334203e-02, 3.285713966407749e-02, 3.42857116248307e-02, 3.57142873108387e-02, 3.714285927157416e-02, 3.857143123230961e-02, 4.000000319304507e-02, 4.142856663899813e-02, 4.285714232498391e-02, 4.428571428570922e-02, 4.571428624645481e-02, 4.714285820719027e-02, 4.857143389316718e-02, 4.99999973391291e-02, 5.142856929986456e-02, 5.285714126060002e-02, 5.428571322133548e-02, 5.571428890736124e-02, 5.71428608680967e-02, 5.857142431400977e-02, 5.999999627477632e-02, 6.142857196077099e-02, 6.285714392151658e-02, 6.428571960748777e-02, 6.571428784297735e-02, 6.714285501418073e-02, 6.857142324962588e-02, 6.999999893565165e-02, 7.14285746216774e-02]
R=[2.417306648567319e-03, 2.456692979639566e-03, 2.497553361584959e-03, 2.539975105901113e-03, 2.58405344032795e-03, 2.629891034471446e-03, 2.677599440365367e-03, 2.727300625651211e-03, 2.779126642464986e-03, 2.833222485020976e-03, 2.88974655866089e-03, 2.948872981489957e-03, 3.010792907645846e-03, 3.075717048920114e-03, 3.143878649502033e-03, 3.215535500275207e-03, 3.290975494210756e-03, 3.370517617461226e-03, 3.454520538490005e-03, 3.54338555927004e-03, 3.63756503830161e-03, 3.737570320292733e-03, 3.843982018669063e-03, 3.957461982793913e-03, 4.078768727176192e-03, 4.208775702863932e-03, 4.34849332044845e-03, 4.499098119441275e-03, 4.661971683126417e-03, 4.838740608273236e-03, 5.03134098341033e-03, 5.242094811076287e-03, 5.473810889503916e-03, 5.729920346587191e-03, 6.014669673333411e-03, 6.333368568499784e-03, 6.692760549505944e-03, 7.101548630093352e-03, 7.571166159925984e-03, 8.116965109321177e-03, 8.760073743210472e-03, 9.530457977158496e-03, 1.047214913037313e-02, 1.165277324881308e-02, 1.318216646451666e-02, 1.525217782747711e-02, 1.823306537524241e-02, 2.295148450279224e-02, 3.174563132290746e-02, 5.527229382879069e-02, 2.004889845848083e-01, 5.527229382932369e-02, 3.174559412098394e-02, 2.295146720533024e-02, 1.823307648139922e-02, 1.525217782743213e-02, 1.318216646452308e-02, 1.165277324882693e-02, 1.047214601625098e-02, 9.530455489830128e-03, 8.76007585500822e-03, 8.116965109308384e-03, 7.571166159922343e-03, 7.101548630096414e-03, 6.692760549513993e-03, 6.333367568954898e-03, 6.014670577355426e-03, 5.729921151293964e-03, 5.473810889501295e-03, 5.242094811075512e-03, 5.031340983413874e-03, 4.838740060954394e-03, 4.661972192185609e-03, 4.499098586866938e-03, 4.348493320446374e-03, 4.208775702863932e-03, 4.078768540522373e-03, 3.957461809224613e-03, 3.843981693283549e-03, 3.737570474887659e-03, 3.637565183369302e-03, 3.543385559270367e-03, 3.454520538490921e-03, 3.370517496367651e-03, 3.290975264361706e-03, 3.215535719995682e-03, 3.143878754086803e-03, 3.07571704891964e-03, 3.010792860482068e-03, 2.948872891736413e-03, 2.889746430060337e-03, 2.833222650327072e-03, 2.779126721683119e-03, 2.727300663601489e-03, 2.677599422249728e-03, 2.62989098242938e-03, 2.584053340240161e-03, 2.539975227159438e-03, 2.497553439409811e-03, 2.456693017131711e-03, 2.417306648567319e-03]
