last-generated=2015-05-08
statistics-simulation={'numerical Jacobians': '0', 'nonlinear': ' ', 'linear': ' '}
con.SOC=[0.5, 0.75546759366989135742, 0.96230792999267578125, 1.08114993572235107422, 1.08937239646911621094, 0.98541021347045898438, 0.78905218839645385742, 0.53767430782318081928, 0.27912527322769165039, 0.06261882185935974121, -0.07063391059637069702, -0.09526882320642471313, -0.00659675523638725281, 0.17850391566753387451, 0.42480006814003051785, 0.6854102015495300293, 0.91072827577590942383, 1.05786585807800315173, 1.09881603717803955078, 1.02578401565551757812, 0.85267114639282226562, 0.61242878437042236328, 0.35078606009483337402, 0.11754560470581054688, -0.04289622977375984192, -0.10000000149011611938, -0.04289622977375984192, 0.11754560470581054688, 0.35078606009483459527, 0.61242878437042236328, 0.85267114639282226562, 1.02578401565551757812, 1.09881603717803955078, 1.05786585807800292969, 0.91072827577590842463, 0.6854102015495300293, 0.42480006814002990723, 0.17850391566753387451, -0.00659675523638725281, -0.09526882320642471313, -0.07063391059637069702, 0.06261882185935890854, 0.27912527322769165039, 0.53767430782318115234, 0.78905218839645385742, 0.98541021347045898438, 1.08937239646911621094, 1.08114993572235107422, 0.96230792999267578125, 0.75546759366989135742, 0.5, 0.24453242123126983643, 0.0376920551061630249, -0.0811498984694480896, -0.08937235176563262939, 0.0145898032933473587, 0.21094779670238722469, 0.46232569217681629414, 0.72087472677230834961, 0.93738114833831787109, 1.07063388824462890625, 1.09526884555816650391, 1.00659680366516113281, 0.82149606943130493164, 0.57519996166229248047, 0.3145897984504699707, 0.08927173912525177002, -0.05786589160561561584, -0.09881603717803927323, -0.0257840082049381053, 0.14732885360717773438, 0.38757121562957763672, 0.64921391010284423828, 0.88245439529418945312, 1.042896270751953125, 1.10000002384185791016, 1.042896270751953125, 0.88245439529418945312, 0.64921391010284423828, 0.38757121562957763672, 0.14732885360717773438, -0.0257840082049381053, -0.09881603717803927323, -0.05786589160561561584, 0.08927173912525177002, 0.3145897984504699707, 0.57519996166229248047, 0.82149606943130493164, 1.00659680366516113281, 1.09526884555816650391, 1.07063388824462890625, 0.93738114833831787109, 0.72087472677230834961, 0.46232569217681884766, 0.21094779670238494873, 0.0145898032933473587, -0.08937235176563262939, -0.0811498984694480896, 0.0376920551061630249, 0.24453242123126983643, 0.5]
time=[0., 604800.]
con.y=[0., 0., 0., 0., 0., -400000., -400000., -400000., -400000., -400000., 0., 0., 200000., 200000., 200000., 200000., 200000., 0., 0., -400000., -400000., -400000., -400000., -400000., 0., 0., 200000., 200000., 200000., 200000., 200000., 0., 0., -400000., -400000., -400000., -400000., -400000., 0., 0., 200000., 200000., 200000., 200000., 200000., 200000., 0., 0., -400000., -400000., -400000., -400000., -400000., 0., 0., 200000., 200000., 200000., 200000., 200000., 0., 0., -400000., -400000., -400000., -400000., -400000., 0., 0., 200000., 200000., 200000., 200000., 200000., 0., 0., -400000., -400000., -400000., -400000., -400000., 0., 0., 200000., 200000., 200000., 200000., 200000., 0., 0., -400000., -400000., -400000., -400000., -400000., -400000., 0., 0., 200000., 200000., 200000.]
con.isDay.y=[0., 0., 0., 0., 0., 1., 1., 1., 1., 1., 1., 1., 0., 0., 0., 0., 0., 0., 0., 1., 1., 1., 1., 1., 1., 1., 0., 0., 0., 0., 0., 0., 0., 1., 1., 1., 1., 1., 1., 1., 0., 0., 0., 0., 0., 0., 0., 0., 1., 1., 1., 1., 1., 1., 1., 0., 0., 0., 0., 0., 0., 0., 1., 1., 1., 1., 1., 1., 1., 0., 0., 0., 0., 0., 0., 0., 1., 1., 1., 1., 1., 1., 1., 0., 0., 0., 0., 0., 0., 0., 1., 1., 1., 1., 1., 1., 1., 1., 0., 0., 0.]
