last-generated=2015-05-08
statistics-simulation={'numerical Jacobians': '0', 'nonlinear': ' ', 'number of continuous time states': '3', 'linear': '0'}
TOut.T=[263.149993896484375, 263.149993896484375]
vol.T_start=[293.149993896484375, 293.149993896484375]
vol.T=[293.149993896484375, 268.27197265625, 264.05145263671875, 263.299774169921875, 263.170745849609375, 263.156494140625, 263.152618408203125, 263.1512451171875, 263.15069580078125, 263.150299072265625, 263.150238037109375, 263.150177001953125, 263.150115966796875, 263.150054931640625, 263.1500244140625, 263.149993896484375, 263.149993896484375, 265.83709716796875, 268.5706787109375, 269.04595947265625, 269.136138916015625, 269.14794921875, 269.149261474609375, 269.1495361328125, 269.149810791015625, 269.149871826171875, 269.14990234375, 269.149932861328125, 269.14996337890625, 269.149993896484375, 269.149993896484375, 269.149993896484375, 269.149993896484375, 269.149993896484375, 269.149993896484375, 269.149993896484375, 269.149993896484375, 269.149993896484375, 265.61651611328125, 263.55035400390625, 263.21783447265625, 263.164520263671875, 263.154998779296875, 263.15234375, 263.150909423828125, 263.150634765625, 263.15045166015625, 263.150238037109375, 263.150115966796875, 263.15008544921875, 263.15008544921875, 263.150054931640625, 263.150054931640625, 263.1500244140625, 263.1500244140625, 263.149993896484375, 263.1500244140625, 263.1500244140625, 263.1500244140625, 263.1500244140625, 263.1500244140625, 263.1500244140625, 263.1500244140625, 263.1500244140625, 263.1500244140625, 263.1500244140625, 263.1500244140625, 265.837127685546875, 268.5706787109375, 269.04595947265625, 269.136138916015625, 269.14794921875, 269.149261474609375, 269.1495361328125, 269.149810791015625, 269.149871826171875, 269.14990234375, 269.149932861328125, 269.14996337890625, 269.149993896484375, 269.149993896484375, 269.149993896484375, 269.149993896484375, 269.149993896484375, 269.149993896484375, 269.149993896484375, 269.149993896484375, 269.149993896484375, 265.61651611328125, 263.55035400390625, 263.21783447265625, 263.164520263671875, 263.154998779296875, 263.15234375, 263.150909423828125, 263.150634765625, 263.15045166015625, 263.150238037109375, 263.15008544921875, 263.150054931640625, 263.1500244140625]
time=[0., 172800.]
