last-generated=2015-05-08
statistics-simulation={'numerical Jacobians': '0', 'nonlinear': ' ', 'number of continuous time states': '1', 'linear': ' '}
y=[644.747802734375, 665.85516357421875, 687.65350341796875, 710.16546630859375, 733.4144287109375, 757.42449951171875, 782.2205810546875, 807.82843017578125, 834.27459716796875, 861.5865478515625, 889.79266357421875, 918.922119140625, 949.00518798828125, 980.07318115234375, 1012.158203125, 1045.2935791015625, 1079.5137939453125, 1114.854248046875, 1151.3515625, 1189.0438232421875, 1227.969970703125, 1268.1705322265625, 1309.6871337890625, 1352.5628662109375, 1396.8421630859375, 1442.5711669921875, 1489.797119140625, 1538.5692138671875, 1588.9378662109375, 1640.95556640625, 1694.6761474609375, 1750.1553955078125, 1807.4508056640625, 1866.6220703125, 1927.7303466796875, 1990.8392333984375, 2056.01416015625, 2123.322509765625, 2192.83447265625, 2264.622314453125, 2338.760009765625, 2415.324951171875, 2494.396240234375, 2576.05615234375, 2660.3896484375, 2747.483642578125, 2837.42919921875, 2930.319091796875, 3026.25, 3125.321533203125, 3227.636474609375, 3333.30078125, 3442.42431640625, 3555.120361328125, 3671.505615234375, 3791.700927734375, 3915.831298828125, 4044.025390625, 4176.416015625, 4313.14111328125, 4454.341796875, 4600.16552734375, 4750.7626953125, 4906.29052734375, 5066.9091796875, 5232.78662109375, 5404.09423828125, 5581.01025390625, 5763.7177734375, 5952.40673828125, 6147.27294921875, 6348.5185546875, 6556.3525390625, 6770.990234375, 6992.65478515625, 7221.576171875, 7457.9912109375, 7702.146484375, 7954.29443359375, 8214.697265625, 8483.625, 8761.3564453125, 9048.1806640625, 9344.39453125, 9650.3046875, 9966.23046875, 10292.4990234375, 10629.4482421875, 10977.4287109375, 11336.80078125, 11707.9375, 12091.224609375, 12487.060546875, 12895.853515625, 13318.0302734375, 13754.02734375, 14204.2978515625, 14669.3095703125, 15149.5439453125, 15645.5009765625, 16157.693359375]
x=[644.747802734375, 665.8551025390625, 687.65350341796875, 710.16546630859375, 733.4144287109375, 757.42449951171875, 782.2205810546875, 807.82843017578125, 834.27459716796875, 861.5865478515625, 889.79266357421875, 918.922119140625, 949.00518798828125, 980.0731201171875, 1012.158203125, 1045.2935791015625, 1079.5137939453125, 1114.854248046875, 1151.3515625, 1189.0438232421875, 1227.969970703125, 1268.1705322265625, 1309.6871337890625, 1352.5628662109375, 1396.8421630859375, 1442.5711669921875, 1489.797119140625, 1538.5692138671875, 1588.9378662109375, 1640.95556640625, 1694.6761474609375, 1750.1553955078125, 1807.4508056640625, 1866.6220703125, 1927.7303466796875, 1990.8392333984375, 2056.01416015625, 2123.322509765625, 2192.83447265625, 2264.622314453125, 2338.760009765625, 2415.324951171875, 2494.396240234375, 2576.05615234375, 2660.3896484375, 2747.483642578125, 2837.42919921875, 2930.319091796875, 3026.25, 3125.321533203125, 3227.636474609375, 3333.30078125, 3442.42431640625, 3555.1201171875, 3671.505615234375, 3791.700927734375, 3915.831298828125, 4044.025390625, 4176.416015625, 4313.14111328125, 4454.341796875, 4600.16552734375, 4750.7626953125, 4906.29052734375, 5066.9091796875, 5232.78662109375, 5404.09423828125, 5581.01025390625, 5763.7177734375, 5952.40673828125, 6147.27294921875, 6348.5185546875, 6556.3525390625, 6770.990234375, 6992.65478515625, 7221.576171875, 7457.9912109375, 7702.146484375, 7954.29443359375, 8214.697265625, 8483.625, 8761.3564453125, 9048.1806640625, 9344.3935546875, 9650.3046875, 9966.23046875, 10292.4990234375, 10629.4482421875, 10977.4287109375, 11336.80078125, 11707.9375, 12091.224609375, 12487.0595703125, 12895.853515625, 13318.0302734375, 13754.02734375, 14204.2978515625, 14669.3095703125, 15149.5439453125, 15645.5009765625, 16157.693359375]
time=[273.149993896484375, 323.149993896484375]
