last-generated=2015-05-08
statistics-initialization={'numerical Jacobians': '0', 'nonlinear': '12', 'linear': '19'}
statistics-simulation={'numerical Jacobians': '0', 'nonlinear': '1, 12, 1, 1, 1, 1, 1', 'number of continuous time states': '49', 'linear': '0, 0, 0, 0, 0, 0, 0, 0, 0, 0, 0'}
staRes.minT.Max=[254.5500030517578125, 254.5500030517578125]
staRes.maxT.Max=[311.649993896484375, 311.649993896484375]
staRes.maxT.Min=[308.649993896484375, 308.649993896484375]
TRooHou.y=[0., 271.30939941406251136868, 273.65867309570313636868, 279.53479614257810226263, 285.69345703124997726263, 275.707916259765625, 276.37485961914063636868, 281.84462890625002273737, 269.42425537109375, 282.54879150390627273737, 268.958099365234375, 275.71663818359377273737, 292.4906005859375, 273.29192504882814773737, 275.86937866210939773737, 292.5263671875, 282.79426879882811363132, 276.65028686523436363132, 283.73525390625002273737, 277.66234130859373863132, 279.52008056640625, 286.48119506835939773737, 274.385711669921875, 282.036376953125, 293.66986083984375, 281.07470703125, 281.42307128906247726263, 290.77625122070310226263, 277.88642578125001136868, 288.28926391601561363132, 290.348907470703125, 286.3055419921875, 298.75147094726560226263, 285.444061279296875, 287.10979003906248863132, 293.452056884765625, 285.65154418945314773737, 289.933685302734375, 300.09251098632813636868, 284.910919189453125, 291.45562744140625, 295.30933837890626136868, 287.01311645507814773737, 296.07739868164060226263, 286.25749511718748863132, 295.85382080078125, 289.48844604492188636868, 295.43714599609376136868, 292.00263061523435226263, 299.20345458984377273737, 303.838775634765625, 288.70213012695313636868, 303.46478881835935226263, 297.544158935546875, 294.046875, 305.37744140625, 299.07822875976563636868, 298.87909545898435226263, 307.27543334960938636868, 294.92269287109377273737, 293.61151123046875, 305.89190673828125, 290.37656249999997726263, 297.78785400390626136868, 300.22031860351563636868, 290.324737548828125, 301.48601074218748863132, 306.63977661132810226263, 291.27485351562501136868, 300.7813720703125, 297.92718505859375, 286.50014038085936363132, 296.612762451171875, 292.11207885742186363132, 284.526885986328125, 290.85894775390625, 289.12940673828126136868, 279.64573364257813636868, 294.62785034179688636868, 285.37455444335938636868, 285.97357177734375, 299.08005371093747726263, 283.610443115234375, 277.6956787109375, 287.1710205078125, 278.772735595703125, 283.26848754882814773737, 278.93719482421875, 276.11468505859375, 286.343658447265625, 291.1268310546875, 284.68172607421877273737, 278.36674194335938636868, 278.36444702148435226263, 272.64334716796872726263, 282.071624755859375, 274.5091552734375, 277.51911621093751136868, 295.21379394531248863132, 271.53905029296873863132, 277.16741943359375]
time=[0., 31536000.]
staRes.minT.Min=[252.9499969482421875, 252.9499969482421875]
staRes.minT.Mean=[253.5500030517578125, 253.5500030517578125]
staRes.maxT.Mean=[309.649993896484375, 309.649993896484375]
staRes.meanT.Min=[287.149993896484375, 287.149993896484375]
TRooAnn.y=[0., 0., 0., 0., 0., 0., 0., 0., 0., 0., 0., 0., 0., 0., 0., 0., 0., 0., 0., 0., 0., 0., 0., 0., 0., 0., 0., 0., 0., 0., 0., 0., 0., 0., 0., 0., 0., 0., 0., 0., 0., 0., 0., 0., 0., 0., 0., 0., 0., 0., 0., 0., 0., 0., 0., 0., 0., 0., 0., 0., 0., 0., 0., 0., 0., 0., 0., 0., 0., 0., 0., 0., 0., 0., 0., 0., 0., 0., 0., 0., 0., 0., 0., 0., 0., 0., 0., 0., 0., 0., 0., 0., 0., 0., 0., 0., 0., 0., 0., 0., 0.]
staRes.meanT.Mean=[287.54998779296875, 287.54998779296875]
staRes.meanT.Max=[288.149993896484375, 288.149993896484375]
