last-generated=2015-05-08
statistics-simulation={'numerical Jacobians': '0', 'nonlinear': '1', 'linear': ' '}
walSolAzi.verAzi=[3.08322381973266601562, 2.90781903266906738281, 2.74199962615966796875, 2.59041547775268554688, 2.45495104789733886719, 2.33534550666809082031, 2.23011684417724609375, 2.13730907440185546875, 2.05494070053100585938, 1.98121607303619384766, 1.91459608078002929688, 1.85379767417907714844, 1.79776561260223388672, 1.74563515186309814453, 1.69669651985168457031, 1.65036439895629882812, 1.60615253448486328125, 1.56365275382995605469, 1.52251946926116943359, 1.48245632648468017578, 1.44320619106292724609, 1.40454304218292236328, 1.36626601219177246094, 1.32819378376007080078, 1.29016101360321044922, 1.25201451778411865234, 1.21361172199249267578, 1.17481756210327148438, 1.13550376892089821546, 1.09554767608642578125, 1.05483102798461914062, 1.01324045658111572266, 0.97066682577133178711, 0.92700630426406860352, 0.88216090202331520764, 0.83603996038436911853, 0.78856188058853149414, 0.73965638875961303711, 0.68926703929901123047, 0.63735449314117431641, 0.58389949798583984375, 0.52890640497207641602, 0.47240665555000305176, 0.4144611358642578125, 0.35516279935836791992, 0.29463738203048706055, 0.23304313421249389648, 0.17056886851787567139, 0.10742992907762527466, 0.04386276379227638245, 0.01988220028579235077, 0.08354862034320831299, 0.14688280224800109863, 0.20964202284812927246, 0.27160203456878662109, 0.33256331086158802401, 0.39235547184944202792, 0.45084014534950206388, 0.50791186094284057617, 0.5634975433349609375, 0.61755478382110595703, 0.67006921768188476562, 0.7210515141487121582, 0.77053356170654296875, 0.81856578588485717773, 0.86521351337432861328, 0.91055434942245483398, 0.95467579364776611328, 0.99767327308654818463, 1.03964865207672074732, 1.08070921897888139185, 1.12096691131591796875, 1.16053819656372070312, 1.19954419136047363281, 1.23811125755310058594, 1.27637183666229248047, 1.31446588039398193359, 1.35254228115081787109, 1.39076173305511474609, 1.42929959297180175781, 1.46834909915924072266, 1.50812661647796630859, 1.54887688159942626953, 1.59088075160980224609, 1.63446462154388427734, 1.68001151084899902344, 1.72797644138336181641, 1.77890491485595703125, 1.8334560394287109375, 1.89243161678314208984, 1.95680916309356689453, 2.02777814865112304688, 2.10677337646484375, 2.19548702239990234375, 2.29583048820495605469, 2.40978455543518066406, 2.53905034065246582031, 2.68442177772521972656, 2.84490442276000976562, 3.01692056655883789062, 3.08892416954040527344]
time=[0., 86400.]
