last-generated=2016-02-12
statistics-initialization=
{
  "numerical Jacobians": "0", 
  "nonlinear": "18"
}
statistics-simulation=
{
  "numerical Jacobians": "0", 
  "nonlinear": " ", 
  "linear": " "
}
err_V3[3]=[251., 251.]
err_V4[1]=[723., 723.]
err_V4[3]=[772., 772.]
err_V4[2]=[663., 663.]
err_V2[3]=[76.55785369873046875, 76.55785369873046875]
err_V2[1]=[86.55785369873046875, 86.55785369873046875]
time=[0., 1.]
err_V3[2]=[245., 245.]
err_V2[2]=[67.55785369873046875, 67.55785369873046875]
err_V3[1]=[254., 254.]
err_Theta4[1]=[0.13613568246364593506, 0.13613568246364593506]
err_Theta4[3]=[0.16406095027923583984, 0.16406095027923583984]
err_Theta3[2]=[0.06283185631036758423, 0.06283185631036758423]
err_Theta4[2]=[0.16231562197208404541, 0.16231562197208404541]
err_Theta3[3]=[0.06457718461751937866, 0.06457718461751937866]
err_Theta3[1]=[0.06108652427792549133, 0.06108652427792549133]
err_Theta2[3]=[0.0069813169538974762, 0.0069813169538974762]
err_Theta2[2]=[0.00523598771542310715, 0.00523598771542310715]
err_Theta2[1]=[0.00523598771542310715, 0.00523598771542310715]
