last-generated=2014-10-16
volume.medium.T=[293.14999389648437500000, 293.15588378919551360013, 293.16177368190665220027, 293.16766357461779080040, 293.17355346732892940054, 293.17944335893162133289, 293.18533325273074297002, 293.19122314435389853315, 293.19708252059535880107, 293.20297241003572707996, 293.20886230380074266577, 293.21475219761123298667, 293.22061157386178820161, 293.22650146768137346953, 293.23239135706717206631, 293.23828124645297066309, 293.24414062712821760215, 293.25003051651401619893, 293.25592040589981479570, 293.26177978657506173477, 293.26766967596086033154, 293.27352905663610727061, 293.27941894600371597335, 293.28527831789324409328, 293.29116821600109688006, 293.29702758789062500000, 293.30291748599847778678, 293.30877684924780623987, 293.31466674733746913262, 293.32052612801271607168, 293.32641600853094132617, 293.33227538924256805331, 293.33813476988143520430, 293.34402465039966045879, 293.34988403112947707996, 293.35574341175015433691, 293.36163329226837959141, 293.36749267294362653047, 293.37335205361887346953, 293.37921143429412040859, 293.38510131481234566309, 293.39096069543302292004, 293.39682007596275070682, 293.40267943921207915992, 293.40853881977818673477, 293.41439820045343367383, 293.42025756352086318657, 293.42611694406878086738, 293.43200684215844376013, 293.43786620526225306094, 293.44372558593750000000, 293.44958496646711409994, 293.45544434699678504330, 293.46127321038483160009, 293.46713255591771485342, 293.47299193644732895336, 293.47885131697694305331, 293.48471069750661399667, 293.49057007803622809661, 293.49642945856584219655, 293.50228880417148502602, 293.50811766748677200667, 293.51397704801644295003, 293.51983642854605704997, 293.52569580907572799333, 293.53152467239101497398, 293.53738401799665780345, 293.54324339852627190339, 293.54910277894674663912, 293.55493164200743194669, 293.56079102253704604664, 293.56661988581595323922, 293.57247923145797585676, 293.57833861169655165213, 293.58416747493913590006, 293.59002685546875000000, 293.59585571842023909994, 293.60171509894991004330, 293.60754396190139914324, 293.61340330754342176078, 293.61923217082232895336, 293.62506103377381805331, 293.63092041430348899667, 293.63674927725497809661, 293.64260865778459219655, 293.64843748617590790673, 293.65426634912739700667, 293.66012572958430837389, 293.66595459260855704997, 293.67178345556010299333, 293.67761231887538997398, 293.68347166408085513467, 293.68930052743252190339, 293.69512939038401100333, 293.70095825333555694669, 293.70678711628704604664, 293.71261597956595323922, 293.71847532477141839991, 293.72430418786842665213, 293.73013305096549174777, 293.73596191406250000000]
time=[0.00000000000000000000, 1.00000000000000000000]
volume.medium.X[1]=[1.00000000000000000000, 1.00000000000000000000]
