last-generated=2026-10-10
statistics-simulation=
{
  "linear": "0, 0, 0",
  "nonlinear": " ",
  "number of continuous time states": "15",
  "numerical Jacobians": "0"
}
time=[0e+00, 7.2e+03]
dooAB.vAB=[0e+00, -0e+00, -0e+00, -0e+00, -0e+00, -0e+00, -0e+00, 0e+00, -0e+00, -0e+00, -0e+00, -0e+00, -0e+00, -0e+00, 2.375744166695692e-18, 2.019550884142518e-03, 3.57796298339963e-03, 6.399937905371189e-03, 9.497420862317085e-03, 1.258271466940641e-02, 1.731009222567081e-02, 2.101629041135311e-02, 2.640725485980511e-02, 3.147946670651436e-02, 3.632145375013351e-02, 4.257375746965408e-02, 4.740671813488007e-02, 5.346444249153139e-02, 5.895553156733514e-02, 6.362010538578033e-02, 6.929335743188858e-02, 7.310892641544342e-02, 7.765229791402817e-02, 8.107486367225647e-02, 8.364512026309967e-02, 8.617288619279861e-02, 8.698777854442596e-02, 8.839485049247742e-02, 8.840799331665039e-02, 8.702650666236877e-02, 8.427906036376953e-02, 8.019868284463882e-02, 7.485710829496384e-02, 6.831293553113937e-02, 6.069458276033401e-02, 5.211864039301872e-02, 4.271072149276733e-02, 3.258906304836273e-02, 2.241581119596958e-02, 1.105050183832645e-02, 4.235167580191046e-04, -0e+00, -0e+00, -0e+00, 0e+00, 0e+00, 0e+00, -0e+00, -0e+00, -0e+00, -0e+00, -0e+00, -0e+00, -0e+00, -0e+00, 1.939397305250168e-03, 3.531932132318616e-03, 6.294035818427801e-03, 9.42268967628479e-03, 1.246741693466902e-02, 1.721899211406708e-02, 2.093200758099556e-02, 2.629621885716915e-02, 3.137940168380737e-02, 3.621463850140572e-02, 4.246088117361069e-02, 4.729622974991798e-02, 5.33708930015564e-02, 5.884235724806786e-02, 6.352528929710388e-02, 6.918654590845108e-02, 7.299854606389999e-02, 7.757837325334549e-02, 8.097141236066818e-02, 8.360806852579117e-02, 8.609364181756973e-02, 8.698935806751251e-02, 8.839720487594604e-02, 8.84106233716011e-02, 8.705591410398483e-02, 8.427897840738297e-02, 8.019587397575378e-02, 7.484198361635208e-02, 6.830775737762451e-02, 6.070207059383392e-02, 5.212173610925674e-02, 4.273807629942894e-02, 3.264370933175087e-02, 2.197649702429771e-02, 1.122201140969992e-02, 7.580211968161166e-04]
dooAB.vBA=[-0e+00, 1.111139915883541e-02, 2.21134889870882e-02, 3.274240717291832e-02, 4.312300682067871e-02, 5.215794965624809e-02, 6.073495745658875e-02, 6.845051050186157e-02, 7.483825832605362e-02, 8.027699589729309e-02, 8.433429151773453e-02, 8.697971701622009e-02, 8.853020519018173e-02, 8.841753005981445e-02, 8.697404712438583e-02, 8.623062074184418e-02, 8.367951959371567e-02, 8.114365488290787e-02, 7.769988477230072e-02, 7.316868752241135e-02, 6.933495402336121e-02, 6.364885717630386e-02, 5.898419395089149e-02, 5.349137634038925e-02, 4.742107912898064e-02, 4.257682710886002e-02, 3.632218390703201e-02, 3.147106990218161e-02, 2.638566493988035e-02, 2.099081873893738e-02, 1.727530732750893e-02, 1.253620628267527e-02, 9.460232220590115e-03, 6.340981461107731e-03, 3.549372544512153e-03, 1.965104136615992e-03, -0e+00, -0e+00, -0e+00, -0e+00, -0e+00, -0e+00, -0e+00, -0e+00, -0e+00, -0e+00, -0e+00, -0e+00, -0e+00, -0e+00, 3.086075012106448e-04, 1.111684739589691e-02, 2.205475047230721e-02, 3.268648684024811e-02, 4.290195554494863e-02, 5.213125050067907e-02, 6.088473647832875e-02, 6.828027963638306e-02, 7.508199661970139e-02, 8.004288375377655e-02, 8.462142944335938e-02, 8.600150048732758e-02, 8.662068098783493e-02, 8.841627091169357e-02, 8.698777109384537e-02, 8.614988625049591e-02, 8.363106846809387e-02, 8.102937042713165e-02, 7.761259377002716e-02, 7.304631918668747e-02, 6.921879202127457e-02, 6.355082988739014e-02, 5.887391418218613e-02, 5.338770151138306e-02, 4.731186106801033e-02, 4.247691109776497e-02, 3.621736168861389e-02, 3.136513754725456e-02, 2.627788484096527e-02, 2.090555615723133e-02, 1.717943698167801e-02, 1.24124139547348e-02, 9.382209740579128e-03, 6.230403669178486e-03, 3.502041567116976e-03, 1.884472905658185e-03, -0e+00, -0e+00, -0e+00, -0e+00, -0e+00, -0e+00, -0e+00, -0e+00, -0e+00, -0e+00, -0e+00, -0e+00, -0e+00, -0e+00, 7.579784141853452e-04]
dooAC.vAB=[0e+00, 0e+00, 0e+00, 0e+00, 0e+00, 0e+00, 0e+00, 0e+00, 0e+00, 0e+00, 0e+00, 0e+00, 0e+00, 0e+00, 0e+00, 0e+00, 0e+00, 0e+00, 0e+00, 0e+00, 4.596137706536219e-11, -9.192270555846704e-11, 1.378841762988969e-10, 9.192276800851218e-11, 0e+00, 0e+00, 4.596137706536219e-11, -2.177163002966177e-24, 9.192276800851363e-11, 9.192276800851218e-11, 9.192276800851218e-11, 4.596137706536219e-11, 9.192276800851218e-11, -4.596135971812743e-11, -4.596135971812743e-11, 4.596137706536219e-11, 4.596137706536219e-11, 4.596137706536219e-11, -9.192270555846704e-11, 0e+00, 0e+00, 1.838456054059634e-10, 4.596137706536219e-11, 0e+00, 4.596137706536219e-11, 4.136529729859006e-10, 1.378841762988969e-10, 9.192276800851218e-11, -1.838453556057829e-10, -9.192270555846704e-11, -1.378840375210189e-10, 4.596137706536219e-11, -4.596135971812743e-11, -4.596135971812743e-11, 1.451455292170015e-24, -1.378840375210129e-10, -4.596135971812597e-11, 4.596137706536219e-11, -9.192270555846704e-11, -4.596135971812743e-11, -9.192270555846704e-11, 0e+00, -9.192270555846704e-11, -9.192270555846704e-11, 1.838456054059634e-10, 0e+00, 0e+00, 1.378841762988969e-10, 4.596137706536219e-11, -4.596135971812743e-11, 9.192276800851218e-11, 4.596137706536219e-11, -4.596135971812743e-11, -9.192270555846704e-11, 0e+00, -1.378840375210189e-10, 9.192276800851218e-11, 0e+00, 1.838456054059634e-10, -4.596135971812743e-11, 0e+00, 4.596137706536219e-11, -4.596135971812743e-11, 9.192276800851218e-11, 9.192276800851218e-11, -1.378840375210189e-10, 1.378841762988969e-10, 9.192276800851218e-11, 4.596137706536219e-11, -9.192270555846704e-11, -1.838453556057829e-10, -4.596135971812743e-11, -4.596135971812743e-11, 1.378841762988969e-10, 1.838456054059634e-10, -9.192270555846704e-11, -4.596135971812743e-11, 4.596137706536219e-11, 4.596137706536219e-11, -4.596135971812743e-11, -1.378840375210189e-10]
dooAC.vBA=[-0e+00, -0e+00, -0e+00, -0e+00, -0e+00, -0e+00, -0e+00, 0e+00, -0e+00, -0e+00, -0e+00, -0e+00, -0e+00, -0e+00, 0e+00, -0e+00, -0e+00, -0e+00, -0e+00, -0e+00, -4.596135971812743e-11, 9.192276800851218e-11, -1.378840375210189e-10, -9.192270555846704e-11, -0e+00, -0e+00, -4.596135971812743e-11, 2.177165194242754e-24, -9.192270555846849e-11, -9.192270555846704e-11, -9.192270555846704e-11, -4.596135971812743e-11, -9.192270555846704e-11, 4.596137706536219e-11, 4.596137706536219e-11, -4.596135971812743e-11, -4.596135971812743e-11, -4.596135971812743e-11, 9.192276800851218e-11, -0e+00, -0e+00, -1.838453556057829e-10, -4.596135971812743e-11, -0e+00, -4.596135971812743e-11, -4.136516684738467e-10, -1.378840375210189e-10, -9.192270555846704e-11, 1.838456054059634e-10, 9.192276800851218e-11, 1.378841762988969e-10, -4.596135971812743e-11, 4.596137706536219e-11, 4.596137706536219e-11, -1.451454744346227e-24, 1.37884176298891e-10, 4.596137706536073e-11, -4.596135971812743e-11, 9.192276800851218e-11, 4.596137706536219e-11, 9.192276800851218e-11, -0e+00, 9.192276800851218e-11, 9.192276800851218e-11, -1.838453556057829e-10, -0e+00, -0e+00, -1.378840375210189e-10, -4.596135971812743e-11, 4.596137706536219e-11, -9.192270555846704e-11, -4.596135971812743e-11, 4.596137706536219e-11, 9.192276800851218e-11, -0e+00, 1.378841762988969e-10, -9.192270555846704e-11, -0e+00, -1.838453556057829e-10, 4.596137706536219e-11, -0e+00, -4.596135971812743e-11, 4.596137706536219e-11, -9.192270555846704e-11, -9.192270555846704e-11, 1.378841762988969e-10, -1.378840375210189e-10, -9.192270555846704e-11, -4.596135971812743e-11, 9.192276800851218e-11, 1.838456054059634e-10, 4.596137706536219e-11, 4.596137706536219e-11, -1.378840375210189e-10, -1.838453556057829e-10, 9.192276800851218e-11, 4.596137706536219e-11, -4.596135971812743e-11, -4.596135971812743e-11, 4.596137706536219e-11, 1.378841762988969e-10]
dooBC.vAB=[0e+00, 1.111139915883541e-02, 2.21134889870882e-02, 3.274240717291832e-02, 4.312300682067871e-02, 5.215794965624809e-02, 6.073495745658875e-02, 6.845051050186157e-02, 7.483825832605362e-02, 8.027699589729309e-02, 8.433429151773453e-02, 8.697971701622009e-02, 8.853020519018173e-02, 8.841753005981445e-02, 8.697404712438583e-02, 8.623062074184418e-02, 8.367951959371567e-02, 8.114365488290787e-02, 7.769988477230072e-02, 7.316868752241135e-02, 6.933495402336121e-02, 6.364885717630386e-02, 5.898419395089149e-02, 5.349137634038925e-02, 4.742107912898064e-02, 4.257682710886002e-02, 3.632218390703201e-02, 3.147106990218161e-02, 2.638566493988035e-02, 2.099081873893738e-02, 1.727530732750893e-02, 1.253620628267527e-02, 9.460232220590115e-03, 6.340981461107731e-03, 3.549372544512153e-03, 1.965104136615992e-03, -0e+00, -0e+00, -0e+00, -0e+00, -0e+00, -0e+00, -0e+00, -0e+00, -0e+00, -0e+00, -0e+00, -0e+00, -0e+00, -0e+00, 3.086073556914926e-04, 1.111684739589691e-02, 2.205475047230721e-02, 3.268648684024811e-02, 4.290195554494863e-02, 5.213125050067907e-02, 6.088473647832875e-02, 6.828027963638306e-02, 7.508199661970139e-02, 8.004288375377655e-02, 8.462142944335938e-02, 8.600150048732758e-02, 8.662068098783493e-02, 8.841627091169357e-02, 8.698777109384537e-02, 8.614988625049591e-02, 8.363106846809387e-02, 8.102937042713165e-02, 7.761259377002716e-02, 7.304631918668747e-02, 6.921879202127457e-02, 6.355082988739014e-02, 5.887391418218613e-02, 5.338770151138306e-02, 4.731186106801033e-02, 4.247691109776497e-02, 3.621736168861389e-02, 3.136513754725456e-02, 2.627788484096527e-02, 2.090555615723133e-02, 1.717943698167801e-02, 1.24124139547348e-02, 9.382209740579128e-03, 6.230403669178486e-03, 3.502041567116976e-03, 1.884472905658185e-03, -0e+00, -0e+00, -0e+00, -0e+00, -0e+00, -0e+00, -0e+00, -0e+00, -0e+00, -0e+00, -0e+00, -0e+00, -0e+00, -0e+00, 7.579782395623624e-04]
dooBC.vBA=[-0e+00, -0e+00, -0e+00, -0e+00, -0e+00, -0e+00, -0e+00, 0e+00, -0e+00, -0e+00, -0e+00, -0e+00, -0e+00, -0e+00, 2.375744166695692e-18, 2.019550884142518e-03, 3.57796298339963e-03, 6.399937905371189e-03, 9.497420862317085e-03, 1.258271466940641e-02, 1.731009222567081e-02, 2.101629041135311e-02, 2.640725485980511e-02, 3.147946670651436e-02, 3.632145375013351e-02, 4.257375746965408e-02, 4.740671813488007e-02, 5.346444249153139e-02, 5.895553156733514e-02, 6.362010538578033e-02, 6.929335743188858e-02, 7.310892641544342e-02, 7.765229791402817e-02, 8.107486367225647e-02, 8.364512026309967e-02, 8.617288619279861e-02, 8.698777854442596e-02, 8.839485049247742e-02, 8.840799331665039e-02, 8.702650666236877e-02, 8.427906036376953e-02, 8.019868284463882e-02, 7.485710829496384e-02, 6.831293553113937e-02, 6.069458276033401e-02, 5.211864039301872e-02, 4.271072149276733e-02, 3.258906304836273e-02, 2.241581119596958e-02, 1.105050183832645e-02, 4.235169035382569e-04, -0e+00, -0e+00, -0e+00, 0e+00, 0e+00, 0e+00, -0e+00, -0e+00, -0e+00, -0e+00, -0e+00, -0e+00, -0e+00, -0e+00, 1.939397305250168e-03, 3.531932132318616e-03, 6.294035818427801e-03, 9.42268967628479e-03, 1.246741693466902e-02, 1.721899211406708e-02, 2.093200758099556e-02, 2.629621885716915e-02, 3.137940168380737e-02, 3.621463850140572e-02, 4.246088117361069e-02, 4.729622974991798e-02, 5.33708930015564e-02, 5.884235724806786e-02, 6.352528929710388e-02, 6.918654590845108e-02, 7.299854606389999e-02, 7.757837325334549e-02, 8.097141236066818e-02, 8.360806852579117e-02, 8.609364181756973e-02, 8.698935806751251e-02, 8.839720487594604e-02, 8.84106233716011e-02, 8.705591410398483e-02, 8.427897840738297e-02, 8.019587397575378e-02, 7.484198361635208e-02, 6.830775737762451e-02, 6.070206686854362e-02, 5.212173610925674e-02, 4.273807629942894e-02, 3.264370933175087e-02, 2.197649702429771e-02, 1.122201140969992e-02, 7.580213132314384e-04]
