last-generated=2026-10-09
statistics-initialization=
{
  "linear": "0",
  "nonlinear": "1, 3, 0, 0, 5, 2, 5, 2, 5, 2, 5, 2, 1, 1, 0, 0, 1, 1",
  "numerical Jacobians": "0"
}
statistics-simulation=
{
  "linear": "0, 0, 0, 0, 0, 0, 3, 0, 0, 0, 3, 0, 0, 0, 0, 0, 4, 3, 0, 3, 0, 0, 0",
  "nonlinear": "5, 0, 0, 0, 0, 0, 0, 0, 0, 1, 0, 0, 1, 1, 1",
  "number of continuous time states": "165",
  "numerical Jacobians": "0"
}
time=[0e+00, 1.728e+05]
flo.sou.air.vol.T=[2.931499938964844e+02, 2.921277465820312e+02, 2.920469665527344e+02, 2.920375061035156e+02, 2.920676879882812e+02, 2.919853210449219e+02, 2.919112854003906e+02, 2.918203125e+02, 2.916888427734375e+02, 2.916121215820312e+02, 2.916416625976562e+02, 2.939979858398438e+02, 2.93044921875e+02, 2.924670104980469e+02, 2.927870483398438e+02, 2.927409057617188e+02, 2.928491821289062e+02, 2.931304321289062e+02, 2.937272033691406e+02, 2.932144165039062e+02, 2.931018981933594e+02, 2.932696228027344e+02, 2.9327294921875e+02, 2.93483154296875e+02, 2.938504028320312e+02, 2.940855407714844e+02, 2.940904541015625e+02, 2.941753540039062e+02, 2.946044616699219e+02, 2.947620544433594e+02, 2.948547058105469e+02, 2.948765563964844e+02, 2.948708190917969e+02, 2.948455810546875e+02, 2.948197631835938e+02, 2.948078918457031e+02, 2.947297668457031e+02, 2.944904174804688e+02, 2.942250366210938e+02, 2.939068298339844e+02, 2.936618957519531e+02, 2.934826965332031e+02, 2.934642639160156e+02, 2.936399230957031e+02, 2.936492004394531e+02, 2.935106201171875e+02, 2.931746826171875e+02, 2.930565490722656e+02, 2.929593505859375e+02, 2.9288525390625e+02, 2.928211364746094e+02, 2.927608337402344e+02, 2.927205810546875e+02, 2.926015319824219e+02, 2.924845275878906e+02, 2.924428405761719e+02, 2.923936157226562e+02, 2.923891296386719e+02, 2.924738159179688e+02, 2.924203491210938e+02, 2.921781921386719e+02, 2.921344604492188e+02, 2.923360595703125e+02, 2.932348327636719e+02, 2.929717407226562e+02, 2.931716003417969e+02, 2.931587829589844e+02, 2.932005004882812e+02, 2.932137756347656e+02, 2.932713623046875e+02, 2.931921081542969e+02, 2.932101440429688e+02, 2.932893981933594e+02, 2.933681030273438e+02, 2.935088195800781e+02, 2.937007751464844e+02, 2.93683837890625e+02, 2.937633361816406e+02, 2.94e+02, 2.939920349121094e+02, 2.940048522949219e+02, 2.940281066894531e+02, 2.940405883789062e+02, 2.940455627441406e+02, 2.940230407714844e+02, 2.934432983398438e+02, 2.93279052734375e+02, 2.935105285644531e+02, 2.933445434570312e+02, 2.931176452636719e+02, 2.929050598144531e+02, 2.9282666015625e+02, 2.927640380859375e+02, 2.927396240234375e+02, 2.927910766601562e+02, 2.928293151855469e+02, 2.927128601074219e+02, 2.9281884765625e+02, 2.928559265136719e+02, 2.928004760742188e+02, 2.926438903808594e+02]
flo.eas.air.vol.T=[2.931499938964844e+02, 2.922457885742188e+02, 2.921407775878906e+02, 2.920318298339844e+02, 2.919625549316406e+02, 2.919295349121094e+02, 2.919173583984375e+02, 2.918602600097656e+02, 2.917684326171875e+02, 2.916989440917969e+02, 2.917349853515625e+02, 2.943834838867188e+02, 2.935998840332031e+02, 2.92586669921875e+02, 2.92987060546875e+02, 2.931775817871094e+02, 2.932254333496094e+02, 2.934375305175781e+02, 2.932838439941406e+02, 2.932691955566406e+02, 2.931573181152344e+02, 2.932130432128906e+02, 2.93127685546875e+02, 2.931763916015625e+02, 2.932159729003906e+02, 2.932721252441406e+02, 2.932389831542969e+02, 2.932852172851562e+02, 2.935541381835938e+02, 2.937330932617188e+02, 2.938158264160156e+02, 2.93840576171875e+02, 2.938590393066406e+02, 2.938717956542969e+02, 2.938834228515625e+02, 2.939017028808594e+02, 2.938526611328125e+02, 2.936389770507812e+02, 2.933474426269531e+02, 2.930711364746094e+02, 2.929938354492188e+02, 2.929187622070312e+02, 2.929040222167969e+02, 2.929070739746094e+02, 2.929317932128906e+02, 2.928049621582031e+02, 2.927911987304688e+02, 2.927005310058594e+02, 2.926150207519531e+02, 2.925598754882812e+02, 2.925162048339844e+02, 2.924848022460938e+02, 2.924773559570312e+02, 2.923879699707031e+02, 2.923109741210938e+02, 2.922814331054688e+02, 2.922490539550781e+02, 2.923016662597656e+02, 2.922005310058594e+02, 2.92187744140625e+02, 2.921448364257812e+02, 2.920840454101562e+02, 2.924285278320312e+02, 2.931710205078125e+02, 2.929614868164062e+02, 2.931548767089844e+02, 2.932015686035156e+02, 2.9319384765625e+02, 2.932724304199219e+02, 2.932958374023438e+02, 2.93188232421875e+02, 2.932155456542969e+02, 2.933093872070312e+02, 2.93392333984375e+02, 2.934385986328125e+02, 2.934989624023438e+02, 2.934638366699219e+02, 2.935228271484375e+02, 2.937398986816406e+02, 2.937419738769531e+02, 2.937626647949219e+02, 2.93793212890625e+02, 2.938207397460938e+02, 2.93745849609375e+02, 2.936107177734375e+02, 2.937752380371094e+02, 2.936795959472656e+02, 2.933582458496094e+02, 2.932240295410156e+02, 2.930654602050781e+02, 2.928563537597656e+02, 2.928338012695312e+02, 2.928179931640625e+02, 2.927199096679688e+02, 2.926408996582031e+02, 2.926215209960938e+02, 2.926461791992188e+02, 2.928114929199219e+02, 2.928456115722656e+02, 2.92802490234375e+02, 2.927275695800781e+02]
flo.nor.air.vol.T=[2.931499938964844e+02, 2.923236694335938e+02, 2.92237060546875e+02, 2.921404724121094e+02, 2.920262145996094e+02, 2.91964599609375e+02, 2.919265747070312e+02, 2.918673706054688e+02, 2.917843627929688e+02, 2.917125244140625e+02, 2.916963500976562e+02, 2.940094909667969e+02, 2.930235290527344e+02, 2.925460815429688e+02, 2.929067993164062e+02, 2.928641357421875e+02, 2.92851318359375e+02, 2.929819946289062e+02, 2.933860168457031e+02, 2.934031372070312e+02, 2.927876281738281e+02, 2.93137451171875e+02, 2.931788330078125e+02, 2.931880493164062e+02, 2.931878356933594e+02, 2.931871948242188e+02, 2.931608276367188e+02, 2.931741027832031e+02, 2.93216796875e+02, 2.933673095703125e+02, 2.934518432617188e+02, 2.934894104003906e+02, 2.935195922851562e+02, 2.935425109863281e+02, 2.935630798339844e+02, 2.935889587402344e+02, 2.93550537109375e+02, 2.933602600097656e+02, 2.931055908203125e+02, 2.930140380859375e+02, 2.92721435546875e+02, 2.926516418457031e+02, 2.926351928710938e+02, 2.926432189941406e+02, 2.926649475097656e+02, 2.926002807617188e+02, 2.925104675292969e+02, 2.924501647949219e+02, 2.923839416503906e+02, 2.923489990234375e+02, 2.923168640136719e+02, 2.922695617675781e+02, 2.922341918945312e+02, 2.92169677734375e+02, 2.921276550292969e+02, 2.921014099121094e+02, 2.920563659667969e+02, 2.920454711914062e+02, 2.920254821777344e+02, 2.920132141113281e+02, 2.919352416992188e+02, 2.919187622070312e+02, 2.922348327636719e+02, 2.931531982421875e+02, 2.927893676757812e+02, 2.930343627929688e+02, 2.931730346679688e+02, 2.932861022949219e+02, 2.934335327148438e+02, 2.932825317382812e+02, 2.931949462890625e+02, 2.931824951171875e+02, 2.931935424804688e+02, 2.932268676757812e+02, 2.932776489257812e+02, 2.933440856933594e+02, 2.933167419433594e+02, 2.93381103515625e+02, 2.93601318359375e+02, 2.93607177734375e+02, 2.936294250488281e+02, 2.936614379882812e+02, 2.936894836425781e+02, 2.937101440429688e+02, 2.937035827636719e+02, 2.93669677734375e+02, 2.935712890625e+02, 2.933561096191406e+02, 2.931545104980469e+02, 2.930517578125e+02, 2.928477172851562e+02, 2.928019714355469e+02, 2.927658081054688e+02, 2.927177124023438e+02, 2.926300659179688e+02, 2.925713500976562e+02, 2.926486206054688e+02, 2.9266748046875e+02, 2.92704833984375e+02, 2.926388854980469e+02, 2.924453125e+02]
flo.wes.air.vol.T=[2.931499938964844e+02, 2.920885925292969e+02, 2.920011901855469e+02, 2.919342346191406e+02, 2.918894958496094e+02, 2.918588562011719e+02, 2.918584289550781e+02, 2.918036804199219e+02, 2.917080993652344e+02, 2.9163623046875e+02, 2.915812377929688e+02, 2.941376953125e+02, 2.930655822753906e+02, 2.925730590820312e+02, 2.929375915527344e+02, 2.92936767578125e+02, 2.929305419921875e+02, 2.930679321289062e+02, 2.934516906738281e+02, 2.9327001953125e+02, 2.928838195800781e+02, 2.930044250488281e+02, 2.93257080078125e+02, 2.932372741699219e+02, 2.93144287109375e+02, 2.931404418945312e+02, 2.931360473632812e+02, 2.931781005859375e+02, 2.9325390625e+02, 2.932739868164062e+02, 2.934215087890625e+02, 2.935439453125e+02, 2.936932678222656e+02, 2.937149047851562e+02, 2.937245483398438e+02, 2.937423400878906e+02, 2.936997985839844e+02, 2.935058288574219e+02, 2.932448120117188e+02, 2.930259399414062e+02, 2.928148498535156e+02, 2.927605285644531e+02, 2.927474975585938e+02, 2.928030395507812e+02, 2.928133850097656e+02, 2.927525024414062e+02, 2.92610595703125e+02, 2.925562438964844e+02, 2.925129699707031e+02, 2.924902038574219e+02, 2.924685974121094e+02, 2.924087829589844e+02, 2.923507080078125e+02, 2.923047790527344e+02, 2.92313720703125e+02, 2.922816772460938e+02, 2.922026672363281e+02, 2.921540832519531e+02, 2.921842346191406e+02, 2.921643371582031e+02, 2.920566101074219e+02, 2.921049194335938e+02, 2.923351745605469e+02, 2.930267639160156e+02, 2.92814697265625e+02, 2.931050415039062e+02, 2.932526245117188e+02, 2.93245361328125e+02, 2.933188781738281e+02, 2.933088684082031e+02, 2.93214111328125e+02, 2.931893920898438e+02, 2.932530822753906e+02, 2.933362426757812e+02, 2.93387939453125e+02, 2.93454833984375e+02, 2.9342822265625e+02, 2.934961853027344e+02, 2.937237243652344e+02, 2.937382202148438e+02, 2.937687377929688e+02, 2.9380712890625e+02, 2.938368530273438e+02, 2.938558959960938e+02, 2.938458862304688e+02, 2.938048400878906e+02, 2.937010192871094e+02, 2.934833679199219e+02, 2.932825317382812e+02, 2.930817260742188e+02, 2.929722900390625e+02, 2.929258117675781e+02, 2.928847351074219e+02, 2.928479919433594e+02, 2.927835083007812e+02, 2.92747802734375e+02, 2.927851867675781e+02, 2.92837646484375e+02, 2.928430786132812e+02, 2.928092956542969e+02, 2.926572265625e+02]
flo.cor.air.vol.T=[2.931499938964844e+02, 2.928221435546875e+02, 2.927656555175781e+02, 2.927209167480469e+02, 2.926880493164062e+02, 2.926540832519531e+02, 2.926307067871094e+02, 2.925934143066406e+02, 2.9253466796875e+02, 2.924859313964844e+02, 2.924752197265625e+02, 2.938636779785156e+02, 2.934000854492188e+02, 2.930392761230469e+02, 2.931711730957031e+02, 2.931462707519531e+02, 2.931574401855469e+02, 2.932134704589844e+02, 2.932008361816406e+02, 2.935180358886719e+02, 2.934579772949219e+02, 2.934927368164062e+02, 2.935382690429688e+02, 2.936060485839844e+02, 2.936686401367188e+02, 2.93743408203125e+02, 2.9371484375e+02, 2.937656860351562e+02, 2.94006103515625e+02, 2.94153076171875e+02, 2.942517700195312e+02, 2.943043518066406e+02, 2.943514404296875e+02, 2.943817749023438e+02, 2.944082641601562e+02, 2.94437255859375e+02, 2.943937072753906e+02, 2.941887817382812e+02, 2.939033813476562e+02, 2.936102600097656e+02, 2.936044616699219e+02, 2.935628967285156e+02, 2.935407409667969e+02, 2.935356140136719e+02, 2.935389404296875e+02, 2.935021362304688e+02, 2.934412841796875e+02, 2.933947143554688e+02, 2.933491821289062e+02, 2.933152770996094e+02, 2.932855224609375e+02, 2.932531433105469e+02, 2.932251586914062e+02, 2.931824951171875e+02, 2.931416320800781e+02, 2.931163635253906e+02, 2.930809936523438e+02, 2.930638732910156e+02, 2.930538940429688e+02, 2.930358581542969e+02, 2.929766540527344e+02, 2.929450378417969e+02, 2.931376647949219e+02, 2.935870971679688e+02, 2.931035461425781e+02, 2.931785278320312e+02, 2.931368713378906e+02, 2.931625366210938e+02, 2.935942993164062e+02, 2.939415588378906e+02, 2.939373474121094e+02, 2.939539489746094e+02, 2.94031005859375e+02, 2.940982360839844e+02, 2.941366271972656e+02, 2.941930236816406e+02, 2.941341857910156e+02, 2.941767883300781e+02, 2.944116821289062e+02, 2.944341430664062e+02, 2.944666137695312e+02, 2.945056762695312e+02, 2.945444946289062e+02, 2.945691223144531e+02, 2.945618896484375e+02, 2.945122680664062e+02, 2.943989868164062e+02, 2.941791076660156e+02, 2.939802551269531e+02, 2.937732543945312e+02, 2.937349853515625e+02, 2.936914367675781e+02, 2.936561584472656e+02, 2.936165771484375e+02, 2.935787963867188e+02, 2.935543823242188e+02, 2.935432739257812e+02, 2.935735778808594e+02, 2.935824890136719e+02, 2.935542297363281e+02, 2.934700927734375e+02]
hvac.VAVBox[1].TSup=[2.931499938964844e+02, 2.931499633789062e+02, 2.931499633789062e+02, 2.931499633789062e+02, 2.931499633789062e+02, 2.931499633789062e+02, 2.931499633789062e+02, 2.931499633789062e+02, 2.931499633789062e+02, 2.931499633789062e+02, 3.013797607421875e+02, 3.0330322265625e+02, 2.990246276855469e+02, 3.033143920898438e+02, 3.039244384765625e+02, 3.017717590332031e+02, 3.012378234863281e+02, 3.014020690917969e+02, 3.035345458984375e+02, 2.934064025878906e+02, 2.952723388671875e+02, 2.932859802246094e+02, 2.876769714355469e+02, 2.880556945800781e+02, 2.885165405273438e+02, 2.889642333984375e+02, 2.892731018066406e+02, 2.894986572265625e+02, 2.898685302734375e+02, 2.910861511230469e+02, 2.912955932617188e+02, 2.912513732910156e+02, 2.91207275390625e+02, 2.91177490234375e+02, 2.911624450683594e+02, 2.911585998535156e+02, 2.911301574707031e+02, 2.910445861816406e+02, 2.910071105957031e+02, 2.904267272949219e+02, 2.898749389648438e+02, 2.898749389648438e+02, 2.898749389648438e+02, 2.898749389648438e+02, 2.898749389648438e+02, 2.898749389648438e+02, 2.898749389648438e+02, 2.898749389648438e+02, 2.898749389648438e+02, 2.898749389648438e+02, 2.898749389648438e+02, 2.898749389648438e+02, 2.898749389648438e+02, 2.898749389648438e+02, 2.898749389648438e+02, 2.898749389648438e+02, 2.898749389648438e+02, 2.898749389648438e+02, 2.898749389648438e+02, 2.898749389648438e+02, 2.898749389648438e+02, 2.898749389648438e+02, 3.025549926757812e+02, 3.006796569824219e+02, 3.014759826660156e+02, 3.016412048339844e+02, 3.012257995605469e+02, 3.006424255371094e+02, 2.981492309570312e+02, 2.942036132812501e+02, 2.915807495117188e+02, 2.908440246582031e+02, 2.914825134277344e+02, 2.915480651855469e+02, 2.913485107421875e+02, 2.912452392578125e+02, 2.91181640625e+02, 2.911700744628906e+02, 2.910902404785156e+02, 2.909608764648438e+02, 2.910014343261719e+02, 2.910679626464844e+02, 2.911915893554688e+02, 2.912895812988281e+02, 2.91232666015625e+02, 2.911518249511719e+02, 2.910676574707031e+02, 2.909606018066406e+02, 2.910674438476562e+02, 2.9109765625e+02, 2.920912780761719e+02, 2.920912780761719e+02, 2.920912780761719e+02, 2.920912780761719e+02, 2.920912780761719e+02, 2.920912780761719e+02, 2.920912780761719e+02, 2.920912780761719e+02, 2.920912780761719e+02, 2.920912780761719e+02, 2.920912780761719e+02]
hvac.VAVBox[2].TSup=[2.931499938964844e+02, 2.931499633789062e+02, 2.931499633789062e+02, 2.931499633789062e+02, 2.931499633789062e+02, 2.931499633789062e+02, 2.931499633789062e+02, 2.931499633789062e+02, 2.931499633789062e+02, 2.931499633789062e+02, 3.015211791992188e+02, 3.046338500976562e+02, 3.054704895019531e+02, 3.000357971191406e+02, 3.040340881347656e+02, 3.032254028320312e+02, 3.029005737304688e+02, 3.032594299316406e+02, 2.972025451660156e+02, 2.923182067871094e+02, 2.907299194335938e+02, 2.903042907714844e+02, 2.8767724609375e+02, 2.880554504394531e+02, 2.885162963867188e+02, 2.889639892578125e+02, 2.892729797363281e+02, 2.8949853515625e+02, 2.898683166503906e+02, 2.91085693359375e+02, 2.912955932617188e+02, 2.912514038085938e+02, 2.91207275390625e+02, 2.911775207519531e+02, 2.911624450683594e+02, 2.911585998535156e+02, 2.911302185058594e+02, 2.910446472167969e+02, 2.910071105957031e+02, 2.918628540039062e+02, 2.926170043945312e+02, 2.926170043945312e+02, 2.926170043945312e+02, 2.926170043945312e+02, 2.926170043945312e+02, 2.926170043945312e+02, 2.926170043945312e+02, 2.926170043945312e+02, 2.926170043945312e+02, 2.926170043945312e+02, 2.926170043945312e+02, 2.926170043945312e+02, 2.926170043945312e+02, 2.926170043945312e+02, 2.926170043945312e+02, 2.926170043945312e+02, 2.926170043945312e+02, 2.926170043945312e+02, 2.926170043945312e+02, 2.926170043945312e+02, 2.926170043945312e+02, 2.926170043945312e+02, 3.028292541503906e+02, 3.020831909179688e+02, 3.035184631347656e+02, 3.041395874023438e+02, 3.041327819824219e+02, 3.03220703125e+02, 2.998227844238281e+02, 2.941753845214844e+02, 2.908553771972657e+02, 2.90843994140625e+02, 2.914822082519531e+02, 2.915482177734375e+02, 2.913485717773438e+02, 2.912453002929688e+02, 2.911816711425781e+02, 2.911700744628906e+02, 2.9109033203125e+02, 2.909609069824219e+02, 2.910014038085938e+02, 2.910679016113281e+02, 2.911915283203125e+02, 2.9128955078125e+02, 2.912326965332031e+02, 2.9115185546875e+02, 2.910677490234375e+02, 2.909606018066406e+02, 2.910673522949219e+02, 2.928316040039062e+02, 2.934346008300781e+02, 2.934346008300781e+02, 2.934346008300781e+02, 2.934346008300781e+02, 2.934346008300781e+02, 2.934346008300781e+02, 2.934346008300781e+02, 2.934346008300781e+02, 2.934346008300781e+02, 2.934346008300781e+02, 2.934346008300781e+02]
hvac.VAVBox[3].TSup=[2.931499938964844e+02, 2.931499633789062e+02, 2.931499633789062e+02, 2.931499633789062e+02, 2.931499633789062e+02, 2.931499633789062e+02, 2.931499633789062e+02, 2.931499633789062e+02, 2.931499633789062e+02, 2.931499633789062e+02, 3.014798583984375e+02, 3.033658142089844e+02, 2.996308898925781e+02, 3.027015686035156e+02, 3.040046997070312e+02, 3.018103637695312e+02, 3.012500915527344e+02, 3.014077758789062e+02, 3.023455505371094e+02, 3.007822875976562e+02, 2.934495849609375e+02, 2.98943603515625e+02, 2.983128967285156e+02, 2.970018310546875e+02, 2.955584106445312e+02, 2.941481323242188e+02, 2.942257080078125e+02, 2.934687194824219e+02, 2.898685302734375e+02, 2.910861511230469e+02, 2.912955932617188e+02, 2.912513732910156e+02, 2.91207275390625e+02, 2.91177490234375e+02, 2.911624450683594e+02, 2.911585998535156e+02, 2.911301574707031e+02, 2.910445861816406e+02, 2.910071105957031e+02, 2.953564758300781e+02, 2.948616943359375e+02, 2.948616943359375e+02, 2.948616943359375e+02, 2.948616943359375e+02, 2.948616943359375e+02, 2.948616943359375e+02, 2.948616943359375e+02, 2.948616943359375e+02, 2.948616943359375e+02, 2.948616943359375e+02, 2.948616943359375e+02, 2.948616943359375e+02, 2.948616943359375e+02, 2.948616943359375e+02, 2.948616943359375e+02, 2.948616943359375e+02, 2.948616943359375e+02, 2.948616943359375e+02, 2.948616943359375e+02, 2.948616943359375e+02, 2.948616943359375e+02, 2.948616943359375e+02, 3.028116760253906e+02, 3.041371459960938e+02, 3.040405578613281e+02, 3.0396484375e+02, 3.037500610351562e+02, 3.038491516113281e+02, 3.042175598144531e+02, 2.978474426269532e+02, 2.951173095703125e+02, 2.937884826660156e+02, 2.924198303222656e+02, 2.915480651855469e+02, 2.913485107421875e+02, 2.912452392578125e+02, 2.91181640625e+02, 2.911700744628906e+02, 2.910902404785156e+02, 2.909608764648438e+02, 2.910014343261719e+02, 2.910679626464844e+02, 2.911915893554688e+02, 2.912895812988281e+02, 2.91232666015625e+02, 2.911518249511719e+02, 2.910676574707031e+02, 2.909606018066406e+02, 2.910674438476562e+02, 2.937286376953125e+02, 2.939287109375e+02, 2.939287109375e+02, 2.939287109375e+02, 2.939287109375e+02, 2.939287109375e+02, 2.939287109375e+02, 2.939287109375e+02, 2.939287109375e+02, 2.939287109375e+02, 2.939287109375e+02, 2.939287109375e+02]
hvac.VAVBox[4].TSup=[2.931499938964844e+02, 2.931499633789062e+02, 2.931499633789062e+02, 2.931499633789062e+02, 2.931499633789062e+02, 2.931499633789062e+02, 2.931499633789062e+02, 2.931499633789062e+02, 2.931499633789062e+02, 2.931499633789062e+02, 3.012473449707031e+02, 3.037295532226562e+02, 3.022406921386719e+02, 3.024099731445312e+02, 3.039966125488281e+02, 3.018548583984375e+02, 3.012639465332031e+02, 3.014141540527344e+02, 3.027237854003906e+02, 3.002283020019531e+02, 2.952026977539062e+02, 3.024998779296875e+02, 3.026835021972656e+02, 2.979054260253906e+02, 2.966238098144531e+02, 2.970755615234375e+02, 2.985043640136719e+02, 2.980267028808594e+02, 2.937997741699219e+02, 2.91085693359375e+02, 2.912955932617188e+02, 2.912514038085938e+02, 2.91207275390625e+02, 2.911775207519531e+02, 2.911624450683594e+02, 2.911585998535156e+02, 2.911302185058594e+02, 2.910446472167969e+02, 2.910071105957031e+02, 2.932935180664062e+02, 2.941641540527344e+02, 2.941641540527344e+02, 2.941641540527344e+02, 2.941641540527344e+02, 2.941641540527344e+02, 2.941641540527344e+02, 2.941641540527344e+02, 2.941641540527344e+02, 2.941641540527344e+02, 2.941641540527344e+02, 2.941641540527344e+02, 2.941641540527344e+02, 2.941641540527344e+02, 2.941641540527344e+02, 2.941641540527344e+02, 2.941641540527344e+02, 2.941641540527344e+02, 2.941641540527344e+02, 2.941641540527344e+02, 2.941641540527344e+02, 2.941641540527344e+02, 2.941641540527344e+02, 3.028643798828125e+02, 2.941441955566406e+02, 3.040287475585938e+02, 3.041082458496094e+02, 3.041654052734375e+02, 3.041751098632812e+02, 3.031185302734374e+02, 2.969175415039063e+02, 2.93300537109375e+02, 2.914823608398438e+02, 2.914822082519531e+02, 2.915482177734375e+02, 2.913485717773438e+02, 2.912453002929688e+02, 2.911816711425781e+02, 2.911700744628906e+02, 2.9109033203125e+02, 2.909609069824219e+02, 2.910014038085938e+02, 2.910679016113281e+02, 2.911915283203125e+02, 2.9128955078125e+02, 2.912326965332031e+02, 2.9115185546875e+02, 2.910677490234375e+02, 2.909606018066406e+02, 2.910673522949219e+02, 2.918607177734375e+02, 2.92855712890625e+02, 2.92855712890625e+02, 2.92855712890625e+02, 2.92855712890625e+02, 2.92855712890625e+02, 2.92855712890625e+02, 2.92855712890625e+02, 2.92855712890625e+02, 2.92855712890625e+02, 2.92855712890625e+02, 2.92855712890625e+02]
hvac.VAVBox[5].TSup=[2.931499938964844e+02, 2.931499938964844e+02, 2.931499938964844e+02, 2.931499938964844e+02, 2.931499938964844e+02, 2.931499938964844e+02, 2.931499938964844e+02, 2.931499938964844e+02, 2.931499938964844e+02, 2.931499938964844e+02, 3.031898193359375e+02, 2.961212158203125e+02, 2.987666625976562e+02, 2.941461791992188e+02, 2.943908386230469e+02, 2.935310668945312e+02, 2.93594482421875e+02, 2.928873596191406e+02, 2.88171630859375e+02, 2.888841857910156e+02, 2.882727355957031e+02, 2.876550903320312e+02, 2.876773986816406e+02, 2.880556945800781e+02, 2.885165405273438e+02, 2.889642333984375e+02, 2.892731018066406e+02, 2.894986572265625e+02, 2.898685302734375e+02, 2.910861511230469e+02, 2.912955932617188e+02, 2.912513732910156e+02, 2.91207275390625e+02, 2.91177490234375e+02, 2.911624450683594e+02, 2.911585998535156e+02, 2.911301574707031e+02, 2.910445861816406e+02, 2.910071105957031e+02, 2.904267272949219e+02, 2.898749084472656e+02, 2.898749084472656e+02, 2.898749084472656e+02, 2.898749084472656e+02, 2.898749084472656e+02, 2.898749084472656e+02, 2.898749084472656e+02, 2.898749084472656e+02, 2.898749084472656e+02, 2.898749084472656e+02, 2.898749084472656e+02, 2.898749084472656e+02, 2.898749084472656e+02, 2.898749084472656e+02, 2.898749084472656e+02, 2.898749084472656e+02, 2.898749084472656e+02, 2.898749084472656e+02, 2.898749084472656e+02, 2.898749084472656e+02, 2.898749084472656e+02, 2.898749084472656e+02, 3.0594189453125e+02, 2.940293579101562e+02, 2.897174682617188e+02, 2.912533874511719e+02, 2.898945007324219e+02, 2.905603942871094e+02, 2.906263427734375e+02, 2.908680419921875e+02, 2.908560180664062e+02, 2.908440246582031e+02, 2.914825134277344e+02, 2.915480651855469e+02, 2.913485107421875e+02, 2.912452392578125e+02, 2.91181640625e+02, 2.911700744628906e+02, 2.910902404785156e+02, 2.909608764648438e+02, 2.910014343261719e+02, 2.910679626464844e+02, 2.911915893554688e+02, 2.912895812988281e+02, 2.91232666015625e+02, 2.911518249511719e+02, 2.910676574707031e+02, 2.909606018066406e+02, 2.910674438476562e+02, 2.9109765625e+02, 2.9088623046875e+02, 2.9088623046875e+02, 2.9088623046875e+02, 2.9088623046875e+02, 2.9088623046875e+02, 2.9088623046875e+02, 2.9088623046875e+02, 2.9088623046875e+02, 2.9088623046875e+02, 2.9088623046875e+02, 2.9088623046875e+02]
hvac.VAVBox[1].vav.m_flow=[-0e+00, 2.082084366028525e-10, 2.116087305381598e-10, 1.943756128275353e-10, 1.64127003654535e-10, 1.300133334325437e-10, 9.220702673617964e-11, 9.369269943215742e-11, 1.066887342360268e-10, 1.113792530427204e-10, 9.399629198014736e-03, 7.079862356185913e-01, 2.800443172454834e-01, 1.954331994056702e-01, 2.708926796913148e-01, 3.013431131839752e-01, 3.273749053478241e-01, 3.539413213729859e-01, 2.971780896186829e-01, 2.261498868465424e-01, 1.990395188331604e-01, 1.936314851045609e-01, 1.949707716703415e-01, 1.970637291669846e-01, 1.982538849115372e-01, 1.986623108386993e-01, 1.986880302429199e-01, 1.986259669065475e-01, 1.986453533172607e-01, 1.986726075410843e-01, 1.9853875041008e-01, 1.984739899635315e-01, 1.984553784132004e-01, 1.984734833240509e-01, 1.984909325838089e-01, 1.984960734844208e-01, 1.985014975070953e-01, 1.985038071870804e-01, 1.985052227973938e-01, 1.984644383192062e-01, 1.456949422218301e-10, 1.803261984179017e-10, 9.284768093253959e-11, 9.87660560974879e-12, 4.469486846597759e-13, 8.043844756944196e-11, 1.40074021826031e-10, 1.764126067449467e-10, 2.001021154329763e-10, 1.802137744588705e-10, 1.669484273048027e-10, 1.687911754810756e-10, 1.178986075434096e-10, 1.903165958161424e-10, 1.711104868906688e-10, 1.679583416791532e-10, 1.973655544551537e-10, 1.191103743414255e-10, 8.864980971523551e-11, 9.249035565206398e-11, 3.276869053880915e-10, 2.093257928104109e-10, 9.56638902425766e-02, 2.158628553152084e-01, 1.913685202598572e-01, 1.892859935760498e-01, 1.983503997325897e-01, 2.040673196315765e-01, 2.061928063631057e-01, 1.999883055686951e-01, 1.965704560279846e-01, 1.965025812387466e-01, 1.974874287843704e-01, 1.982042491436005e-01, 1.985269635915756e-01, 1.986062377691269e-01, 1.98569729924202e-01, 1.985182017087936e-01, 1.985056400299072e-01, 1.984948366880417e-01, 1.984946578741074e-01, 1.985112577676773e-01, 1.985192447900772e-01, 1.985199898481369e-01, 1.985150128602982e-01, 1.985268145799637e-01, 1.985168009996414e-01, 1.984811127185822e-01, 1.985335797071457e-01, 1.984685361385345e-01, 1.259130716357859e-10, 1.159865745115063e-10, 1.167162477777595e-10, 1.332470522807938e-10, 2.377734398262277e-10, 3.452680363835725e-10, 2.681851962726967e-10, 2.764629671025975e-11, -1.152656248539882e-17, 3.834821349357753e-11, 9.926724719999669e-11]
hvac.VAVBox[2].vav.m_flow=[-0e+00, 1.9771977111116e-10, 2.009487715115554e-10, 1.845837926950367e-10, 1.558589785011222e-10, 1.234638086211604e-10, 8.756202707349559e-11, 8.897285685982582e-11, 1.013142070238615e-10, 1.057684287375515e-10, 8.926114998757839e-03, 5.028107762336731e-01, 2.923988401889801e-01, 1.589734107255936e-01, 1.897259354591371e-01, 2.326175421476364e-01, 2.456204891204834e-01, 2.049697637557982e-01, 1.825839728116989e-01, 1.739093363285065e-01, 1.603108793497086e-01, 1.572094261646271e-01, 1.58728152513504e-01, 1.606894135475159e-01, 1.617915481328964e-01, 1.621743738651276e-01, 1.622042804956436e-01, 1.621502935886383e-01, 1.621671915054321e-01, 1.621923297643661e-01, 1.620726883411407e-01, 1.620135754346848e-01, 1.619962155818939e-01, 1.620119959115982e-01, 1.620277464389801e-01, 1.620325148105621e-01, 1.620374321937561e-01, 1.620395630598068e-01, 1.620408445596695e-01, 1.620046347379684e-01, 1.383554382172747e-10, 1.712421177080259e-10, 8.817040153541456e-11, 9.379063498071716e-12, 4.244333020892582e-13, 7.638629312411993e-11, 1.330176802039063e-10, 1.675256738886688e-10, 1.900218038475288e-10, 1.711353558864204e-10, 1.585382658486623e-10, 1.602881855022886e-10, 1.119593723286627e-10, 1.80729251009204e-10, 1.624906598163278e-10, 1.594973042529093e-10, 1.87423104813789e-10, 1.131100976770058e-10, 8.418400004872595e-11, 8.783107574572568e-11, 3.111794155685743e-10, 1.987808390113699e-10, 7.750587165355682e-02, 1.752821654081345e-01, 1.553183048963547e-01, 1.679796725511551e-01, 1.686759144067764e-01, 1.684485226869583e-01, 1.692561954259872e-01, 1.635135263204575e-01, 1.60345047712326e-01, 1.602352857589722e-01, 1.611094623804092e-01, 1.617589592933655e-01, 1.620552688837051e-01, 1.621304601430893e-01, 1.620993167161942e-01, 1.620531529188156e-01, 1.620414406061172e-01, 1.620317250490189e-01, 1.620313227176666e-01, 1.620461642742157e-01, 1.620534360408783e-01, 1.620542109012604e-01, 1.62049874663353e-01, 1.620581597089767e-01, 1.620516926050186e-01, 1.620181053876877e-01, 1.620660722255707e-01, 1.62008598446846e-01, 1.195700899403462e-10, 1.101436580830395e-10, 1.108365760282837e-10, 1.265346161183345e-10, 2.257954101470006e-10, 3.278748661461606e-10, 2.546751420862137e-10, 2.625359304953001e-11, -1.095824225527997e-17, 3.641639073626024e-11, 9.426657371358615e-11]
hvac.VAVBox[3].vav.m_flow=[-0e+00, 2.082084366028525e-10, 2.116087305381598e-10, 1.943756128275353e-10, 1.64127003654535e-10, 1.300133334325437e-10, 9.220702673617964e-11, 9.369269943215742e-11, 1.066887342360268e-10, 1.113792530427204e-10, 9.399629198014736e-03, 6.980068683624268e-01, 3.129226565361023e-01, 1.927285194396973e-01, 2.624814212322236e-01, 2.997203171253204e-01, 3.268164396286011e-01, 3.53649914264679e-01, 3.577476143836975e-01, 2.489971369504929e-01, 2.030498534440994e-01, 1.943894922733307e-01, 1.951199173927307e-01, 1.970935761928558e-01, 1.982598900794983e-01, 1.98663517832756e-01, 1.98688268661499e-01, 1.986260116100311e-01, 1.986453533172607e-01, 1.986726224422455e-01, 1.9853875041008e-01, 1.984739899635315e-01, 1.984553784132004e-01, 1.984734833240509e-01, 1.984909325838089e-01, 1.984960734844208e-01, 1.985014975070953e-01, 1.985038071870804e-01, 1.985052227973938e-01, 1.984644383192062e-01, 1.456949422218301e-10, 1.803261984179017e-10, 9.284768093253959e-11, 9.87660560974879e-12, 4.469486846597759e-13, 8.043844756944196e-11, 1.40074021826031e-10, 1.764126067449467e-10, 2.001021154329763e-10, 1.802137744588705e-10, 1.669484273048027e-10, 1.687911754810756e-10, 1.178986075434096e-10, 1.903165958161424e-10, 1.711104868906688e-10, 1.679583416791532e-10, 1.973655544551537e-10, 1.191103743414255e-10, 8.864980971523551e-11, 9.249035565206398e-11, 3.276869053880915e-10, 2.093257928104109e-10, 1.567087918519974e-01, 2.89118766784668e-01, 2.268763035535812e-01, 2.954577803611755e-01, 3.296554386615753e-01, 3.312260210514069e-01, 2.598259449005118e-01, 2.09762826561928e-01, 1.984519362449646e-01, 1.968736499547958e-01, 1.975613385438919e-01, 1.982190310955048e-01, 1.985299438238144e-01, 1.986068487167358e-01, 1.985698491334915e-01, 1.98518231511116e-01, 1.985056400299072e-01, 1.984948366880417e-01, 1.984946578741074e-01, 1.985112577676773e-01, 1.985192447900772e-01, 1.985199898481369e-01, 1.985150128602982e-01, 1.985268145799637e-01, 1.985168009996414e-01, 1.984811127185822e-01, 1.985335797071457e-01, 1.984685361385345e-01, 1.259130716357859e-10, 1.159865745115063e-10, 1.167162477777595e-10, 1.332470522807938e-10, 2.377734398262277e-10, 3.452680363835725e-10, 2.681851962726967e-10, 2.764629671025975e-11, -1.153986106810683e-17, 3.834821349357753e-11, 9.926724719999669e-11]
hvac.VAVBox[4].vav.m_flow=[-0e+00, 1.537820426555925e-10, 1.562934920373849e-10, 1.435651736381161e-10, 1.212236422354351e-10, 9.602740824732336e-11, 6.810379343802353e-11, 6.920111011998743e-11, 7.879993879633673e-11, 8.22643342335283e-11, 6.942534353584051e-03, 4.751269519329071e-01, 2.336914539337158e-01, 1.267767250537872e-01, 1.8619641661644e-01, 2.199975401163101e-01, 2.409200072288513e-01, 2.609639465808869e-01, 2.491821050643921e-01, 1.588861644268036e-01, 1.29071980714798e-01, 1.23149536550045e-01, 1.236361339688301e-01, 1.250184327363968e-01, 1.258457750082016e-01, 1.261372864246368e-01, 1.261592358350754e-01, 1.261169612407684e-01, 1.261300444602966e-01, 1.26149594783783e-01, 1.260565370321274e-01, 1.260105520486832e-01, 1.259970664978027e-01, 1.260093301534653e-01, 1.260215789079666e-01, 1.260252892971039e-01, 1.260291188955307e-01, 1.260307729244232e-01, 1.260317713022232e-01, 1.260036081075668e-01, 1.076097891350436e-10, 1.331883076050033e-10, 6.857697743001268e-11, 7.294827068793364e-12, 3.301147875021948e-13, 5.941156594468922e-11, 1.034582003400786e-10, 1.302977448158771e-10, 1.477947347838793e-10, 1.331052768005492e-10, 1.233075447304444e-10, 1.246685810141202e-10, 8.707951026920568e-11, 1.405671967713573e-10, 1.263816273855412e-10, 1.240534619473267e-10, 1.457735182563982e-10, 8.79745234994018e-11, 6.547644371135419e-11, 6.831306353927147e-11, 2.420284528348304e-10, 1.546073269409476e-10, 7.536634802818298e-02, 1.619490087032318e-01, 1.407522261142731e-01, 1.946471184492111e-01, 2.077315002679825e-01, 1.883430927991867e-01, 1.48340970277786e-01, 1.304661631584168e-01, 1.253770589828491e-01, 1.247645244002342e-01, 1.253358572721481e-01, 1.258184611797333e-01, 1.260442286729813e-01, 1.261017322540283e-01, 1.260772943496704e-01, 1.260413527488708e-01, 1.260322332382202e-01, 1.260246783494949e-01, 1.260243654251099e-01, 1.260358989238739e-01, 1.260415613651276e-01, 1.260421723127365e-01, 1.260387897491455e-01, 1.260452419519424e-01, 1.260402053594589e-01, 1.260140836238861e-01, 1.260513961315155e-01, 1.26006692647934e-01, 9.299896269743257e-11, 8.566729270409468e-11, 8.620622965471725e-11, 9.841581716241166e-11, 1.756186446266739e-10, 2.550137878643e-10, 1.980806629831022e-10, 2.041946126074556e-11, -8.523860465884373e-18, 2.832385888329458e-11, 7.331844853464276e-11]
hvac.VAVBox[5].vav.m_flow_turbulent=[1.618800044059753e+00, 1.618800044059753e+00]
hvac.conAHU.VEffAirOut_flow_min=[0e+00, 0e+00, 0e+00, 0e+00, 0e+00, 0e+00, 0e+00, 0e+00, 0e+00, 0e+00, 0e+00, 0e+00, 0e+00, 9.377294182777405e-01, 1.105664134025574e+00, 9.752171635627747e-01, 9.23948347568512e-01, 7.612547278404236e-01, 7.392123937606812e-01, 7.635658979415894e-01, 7.934142351150513e-01, 8.00618588924408e-01, 7.992496490478516e-01, 7.977951765060425e-01, 7.968090176582336e-01, 7.964633107185364e-01, 7.964469790458679e-01, 7.965049147605896e-01, 7.94560968875885e-01, 6.838007569313049e-01, 6.838253736495972e-01, 6.83836817741394e-01, 6.838399767875671e-01, 6.838364601135254e-01, 6.838333010673523e-01, 6.838324666023254e-01, 6.838314533233643e-01, 6.838310956954956e-01, 6.838307976722717e-01, 7.966513633728027e-01, 0e+00, 0e+00, 0e+00, 0e+00, 0e+00, 0e+00, 0e+00, 0e+00, 0e+00, 0e+00, 0e+00, 0e+00, 0e+00, 0e+00, 0e+00, 0e+00, 0e+00, 0e+00, 0e+00, 0e+00, 0e+00, 0e+00, 0e+00, 1.10699999332428e+00, 7.946503758430481e-01, 8.610023856163025e-01, 8.558812141418457e-01, 8.394665718078613e-01, 8.081216216087339e-01, 7.990176677703857e-01, 7.942333221435547e-01, 7.973476052284241e-01, 6.840325593948364e-01, 6.838857531547546e-01, 6.838258504867554e-01, 6.838122010231018e-01, 6.838192939758301e-01, 6.838287115097046e-01, 6.838307976722717e-01, 6.838327646255493e-01, 6.838327050209045e-01, 6.83829665184021e-01, 6.838282346725464e-01, 6.838281750679016e-01, 6.83829128742218e-01, 6.838260889053345e-01, 6.838288903236389e-01, 6.838347911834717e-01, 6.838255524635315e-01, 7.96647846698761e-01, 0e+00, 0e+00, 0e+00, 0e+00, 0e+00, 0e+00, 0e+00, 0e+00, 0e+00, 0e+00, 0e+00]
hvac.conAHU.VAirOut_flow=[0e+00, 1.450268140156764e-17, 1.488433095567103e-17, 1.373938229336086e-17, 1.144948496874051e-17, 9.159587644120164e-18, 6.488041592577038e-18, 6.488041592577038e-18, 7.251340700783821e-18, 8.014639808990603e-18, 6.606581393064914e-10, 5.959364202112738e-08, 1.261397652996266e-08, 7.13537260890007e-03, 5.102187395095837e-01, 9.302448034286499e-01, 9.680476784706116e-01, 8.930730819702144e-01, 7.711214423179626e-01, 6.931089162826538e-01, 7.201147079467773e-01, 7.72713303565979e-01, 7.961418032646179e-01, 8.017333149909973e-01, 8.003062605857849e-01, 7.981187701225281e-01, 7.968546748161316e-01, 7.964602708816528e-01, 7.951465249061584e-01, 7.158244848251343e-01, 6.924179196357727e-01, 6.861613988876343e-01, 6.844663619995117e-01, 6.840599775314331e-01, 6.839280128479004e-01, 6.838687062263489e-01, 6.838520169258118e-01, 6.838407516479492e-01, 6.838371157646179e-01, 7.389182448387146e-01, 1.030453630643034e-17, 1.259443363105069e-17, 6.488041592577038e-18, 7.632990048092059e-19, 0e+00, 5.724742484370256e-18, 9.922886752326947e-18, 1.259443363105069e-17, 1.450268140156764e-17, 1.259443363105069e-17, 1.144948496874051e-17, 1.18311345228439e-17, 8.396289363093994e-18, 1.297608318515408e-17, 1.18311345228439e-17, 1.18311345228439e-17, 1.412103184746425e-17, 8.396289363094053e-18, 6.106392038473647e-18, 6.488041592577038e-18, 2.328061949158441e-17, 1.488433095567103e-17, 5.84686077331753e-09, 2.154818177223206e-02, 4.039166271686554e-01, 7.09228515625e-01, 8.445867896080017e-01, 8.460304737091064e-01, 8.01483571529388e-01, 7.783905267715454e-01, 7.815614342689513e-01, 7.927385568618774e-01, 7.369540333747864e-01, 6.994631886482239e-01, 6.887734532356262e-01, 6.853465437889099e-01, 6.841811537742615e-01, 6.838451027870178e-01, 6.838203072547913e-01, 6.837988495826721e-01, 6.838291883468628e-01, 6.838588714599609e-01, 6.838513612747192e-01, 6.838336586952209e-01, 6.838102340698242e-01, 6.841368079185486e-01, 6.838032007217407e-01, 6.839562654495239e-01, 6.839112043380737e-01, 7.100534439086914e-01, 8.777938090016773e-18, 8.396289363093994e-18, 8.396289363093994e-18, 9.541237198223556e-18, 1.679257872618799e-17, 2.40439185997912e-17, 1.870082484234372e-17, 1.526598009618412e-18, 0e+00, 2.671546465133432e-18, 6.86969114668043e-18]
hvac.conAHU.yOutDam=[0e+00, 0e+00, 0e+00, 0e+00, 0e+00, 0e+00, 0e+00, 0e+00, 0e+00, 0e+00, 0e+00, 0e+00, 0e+00, 4.025949537754059e-01, 1e+00, 1e+00, 1e+00, 1e+00, 1e+00, 1e+00, 1e+00, 1e+00, 1e+00, 1e+00, 1e+00, 1e+00, 1e+00, 1e+00, 1e+00, 1e+00, 1e+00, 1e+00, 1e+00, 1e+00, 1e+00, 1e+00, 1e+00, 1e+00, 1e+00, 1e+00, 0e+00, 0e+00, 0e+00, 0e+00, 0e+00, 0e+00, 0e+00, 0e+00, 0e+00, 0e+00, 0e+00, 0e+00, 0e+00, 0e+00, 0e+00, 0e+00, 0e+00, 0e+00, 0e+00, 0e+00, 0e+00, 0e+00, 0e+00, 4.887667596340179e-01, 9.577400088310242e-01, 1e+00, 1e+00, 1e+00, 1e+00, 1e+00, 1e+00, 1e+00, 1e+00, 1e+00, 1e+00, 1e+00, 1e+00, 1e+00, 1e+00, 1e+00, 1e+00, 1e+00, 1e+00, 1e+00, 1e+00, 1e+00, 1e+00, 1e+00, 1e+00, 1e+00, 0e+00, 0e+00, 0e+00, 0e+00, 0e+00, 0e+00, 0e+00, 0e+00, 0e+00, 0e+00, 0e+00]
hvac.conAHU.ecoCon.modRel.uOutDam_min=[0e+00, 0e+00, 0e+00, 0e+00, 0e+00, 0e+00, 0e+00, 0e+00, 0e+00, 0e+00, 0e+00, 0e+00, 0e+00, 4.025949537754059e-01, 1e+00, 1e+00, 1e+00, 1e+00, 1e+00, 1e+00, 1e+00, 1e+00, 1e+00, 1e+00, 1e+00, 1e+00, 1e+00, 1e+00, 1e+00, 1e+00, 1e+00, 1e+00, 1e+00, 1e+00, 1e+00, 1e+00, 1e+00, 1e+00, 1e+00, 1e+00, 0e+00, 0e+00, 0e+00, 0e+00, 0e+00, 0e+00, 0e+00, 0e+00, 0e+00, 0e+00, 0e+00, 0e+00, 0e+00, 0e+00, 0e+00, 0e+00, 0e+00, 0e+00, 0e+00, 0e+00, 0e+00, 0e+00, 0e+00, 4.887667596340179e-01, 9.577400088310242e-01, 1e+00, 1e+00, 1e+00, 1e+00, 1e+00, 1e+00, 1e+00, 1e+00, 1e+00, 1e+00, 1e+00, 1e+00, 1e+00, 1e+00, 1e+00, 1e+00, 1e+00, 1e+00, 1e+00, 1e+00, 1e+00, 1e+00, 1e+00, 1e+00, 1e+00, 0e+00, 0e+00, 0e+00, 0e+00, 0e+00, 0e+00, 0e+00, 0e+00, 0e+00, 0e+00, 0e+00]
hvac.conAHU.ecoCon.modRel.uOutDam_max=[0e+00, 0e+00, 0e+00, 0e+00, 0e+00, 0e+00, 0e+00, 0e+00, 0e+00, 0e+00, 0e+00, 0e+00, 0e+00, 4.025949537754059e-01, 1e+00, 1e+00, 1e+00, 1e+00, 1e+00, 1e+00, 1e+00, 1e+00, 1e+00, 1e+00, 1e+00, 1e+00, 1e+00, 1e+00, 1e+00, 1e+00, 1e+00, 1e+00, 1e+00, 1e+00, 1e+00, 1e+00, 1e+00, 1e+00, 1e+00, 1e+00, 0e+00, 0e+00, 0e+00, 0e+00, 0e+00, 0e+00, 0e+00, 0e+00, 0e+00, 0e+00, 0e+00, 0e+00, 0e+00, 0e+00, 0e+00, 0e+00, 0e+00, 0e+00, 0e+00, 0e+00, 0e+00, 0e+00, 0e+00, 4.887667596340179e-01, 9.577400088310242e-01, 1e+00, 1e+00, 1e+00, 1e+00, 1e+00, 1e+00, 1e+00, 1e+00, 1e+00, 1e+00, 1e+00, 1e+00, 1e+00, 1e+00, 1e+00, 1e+00, 1e+00, 1e+00, 1e+00, 1e+00, 1e+00, 1e+00, 1e+00, 1e+00, 1e+00, 0e+00, 0e+00, 0e+00, 0e+00, 0e+00, 0e+00, 0e+00, 0e+00, 0e+00, 0e+00, 0e+00]
hvac.conAHU.yRetDam=[1e+00, 1e+00, 1e+00, 1e+00, 1e+00, 1e+00, 1e+00, 1e+00, 1e+00, 1e+00, 1e+00, 1e+00, 1e+00, 1e+00, 9.47395682334899e-01, 7.670482993125916e-01, 7.85668671131134e-01, 8.346778154373171e-01, 8.857015371322632e-01, 8.653877377510071e-01, 8.082911968231201e-01, 7.719569802284241e-01, 7.6320880651474e-01, 7.647134065628052e-01, 7.678108215332031e-01, 7.697098255157471e-01, 7.703897356987e-01, 7.704633474349976e-01, 7.711529135704041e-01, 8.121176362037659e-01, 8.247290849685669e-01, 8.281230926513672e-01, 8.290466070175171e-01, 8.293132185935974e-01, 8.294229507446289e-01, 8.294669389724731e-01, 8.294872045516968e-01, 8.294982314109802e-01, 8.295031189918518e-01, 7.994182705879211e-01, 1e+00, 1e+00, 1e+00, 1e+00, 1e+00, 1e+00, 1e+00, 1e+00, 1e+00, 1e+00, 1e+00, 1e+00, 1e+00, 1e+00, 1e+00, 1e+00, 1e+00, 1e+00, 1e+00, 1e+00, 1e+00, 1e+00, 1e+00, 1e+00, 1e+00, 8.390160202980042e-01, 7.949874997138977e-01, 7.980132102966309e-01, 7.984085679054259e-01, 7.852467298507692e-01, 7.744462490081788e-01, 7.682108283042908e-01, 7.985467314720154e-01, 8.201427459716797e-01, 8.267515301704407e-01, 8.288469910621643e-01, 8.294363021850586e-01, 8.295246958732605e-01, 8.295136094093323e-01, 8.295043110847473e-01, 8.29486608505249e-01, 8.295027017593384e-01, 8.29522967338562e-01, 8.295345306396484e-01, 8.295379877090454e-01, 8.293749094009399e-01, 8.295456767082214e-01, 8.293869495391846e-01, 8.295173048973083e-01, 8.148472905158997e-01, 1e+00, 1e+00, 1e+00, 1e+00, 1e+00, 1e+00, 1e+00, 1e+00, 1e+00, 1e+00, 1e+00]
