last-generated=2025-09-11
statistics-initialization=
{
  "nonlinear": "8",
  "numerical Jacobians": "0"
}
statistics-simulation=
{
  "linear": " ",
  "nonlinear": " ",
  "numerical Jacobians": "0"
}
time=[0e+00, 1e+00]
err_V2[1]=[4.316037893295288e-01, 4.316037893295288e-01]
err_V2[2]=[1.223210692405701e-01, 1.223210692405701e-01]
err_V2[3]=[3.146921992301941e-01, 3.146921992301941e-01]
err_V3[1]=[4.347119033336639e-01, 4.347119033336639e-01]
err_V3[2]=[1.989195495843887e-02, 1.989195495843887e-02]
err_V3[3]=[-3.352159559726715e-01, -3.352159559726715e-01]
err_V4[1]=[-4.393726289272308e-01, -4.393726289272308e-01]
err_V4[2]=[-3.405771451070905e-03, -3.405771451070905e-03]
err_V4[3]=[2.020305953919888e-02, 2.020305953919888e-02]
err_Theta2[1]=[-3.34700132953003e-04, -3.34700132953003e-04]
err_Theta2[2]=[-8.52266326546669e-04, -8.52266326546669e-04]
err_Theta2[3]=[8.101006969809532e-04, 8.101006969809532e-04]
err_Theta3[1]=[8.671563700772822e-04, 8.671563700772822e-04]
err_Theta3[2]=[4.697767144534737e-04, 4.697767144534737e-04]
err_Theta3[3]=[4.433189169503748e-04, 4.433189169503748e-04]
err_Theta4[1]=[-5.223001935519278e-04, -5.223001935519278e-04]
err_Theta4[2]=[-4.375656135380268e-04, -4.375656135380268e-04]
err_Theta4[3]=[-6.584100192412734e-04, -6.584100192412734e-04]
