last-generated=2022-08-05
statistics-initialization=
{
  "nonlinear": "8",
  "numerical Jacobians": "0"
}
statistics-simulation=
{
  "linear": " ",
  "nonlinear": " ",
  "numerical Jacobians": "0"
}
time=[0e+00, 1e+00]
err_V2[1]=[8.812063373625278e-03, 8.812063373625278e-03]
err_V2[2]=[2.616771757602692e-01, 2.616771757602692e-01]
err_V2[3]=[-2.359243184328079e-01, -2.359243184328079e-01]
err_V3[1]=[-2.605653703212738e-01, -2.605653703212738e-01]
err_V3[2]=[4.548892378807068e-01, 4.548892378807068e-01]
err_V3[3]=[3.615706264972687e-01, 3.615706264972687e-01]
err_V4[1]=[-3.752725124359131e-01, -3.752725124359131e-01]
err_V4[2]=[4.030072093009949e-01, 4.030072093009949e-01]
err_V4[3]=[-3.375465571880341e-01, -3.375465571880341e-01]
err_Theta2[1]=[2.082434511976317e-04, 2.082434511976317e-04]
err_Theta2[2]=[4.108873545192182e-04, 4.108873545192182e-04]
err_Theta2[3]=[8.652150863781571e-04, 8.652150863781571e-04]
err_Theta3[1]=[3.364103758940473e-05, 3.364103758940473e-05]
err_Theta3[2]=[-1.369574310956523e-04, -1.369574310956523e-04]
err_Theta3[3]=[6.215106113813818e-04, 6.215106113813818e-04]
err_Theta4[1]=[-4.463916411623359e-04, -4.463916411623359e-04]
err_Theta4[2]=[6.283149705268443e-04, 6.283149705268443e-04]
err_Theta4[3]=[2.424234116915613e-04, 2.424234116915613e-04]
