last-generated=2015-05-08
statistics-simulation={'numerical Jacobians': '0', 'nonlinear': ' ', 'number of continuous time states': '3', 'linear': ' '}
occSch.occupied=[0., 0., 0., 0., 0., 0., 0., 0., 0., 0., 0., 0., 0., 0., 0., 1., 1., 1., 1., 1., 1., 1., 1., 1., 1., 1., 1., 1., 1., 1., 1., 1., 1., 1., 1., 1., 1., 1., 1., 1., 0., 0., 0., 0., 0., 0., 0., 0., 0., 0., 0., 0., 0., 0., 0., 0., 0., 0., 0., 0., 0., 0., 0., 0., 0., 1., 1., 1., 1., 1., 1., 1., 1., 1., 1., 1., 1., 1., 1., 1., 1., 1., 1., 1., 1., 1., 1., 1., 1., 1., 0., 0., 0., 0., 0., 0., 0., 0., 0., 0., 0.]
time=[0., 172800.]
cap.T=[293.149993896484375, 291.49481201171875, 289.97607421875, 288.58319091796875, 287.305755615234375, 293.1903076171875, 302.8131103515625, 300.357574462890625, 298.105377197265625, 296.039337158203125, 294.14459228515625, 292.4068603515625, 290.81268310546875, 289.35040283203125, 293.15069580078125, 293.149993896484375, 293.149993896484375, 293.149993896484375, 293.149993896484375, 293.149993896484375, 293.149993896484375, 293.149993896484375, 293.149993896484375, 293.149993896484375, 293.149993896484375, 293.149993896484375, 293.149993896484375, 293.149993896484375, 293.149993896484375, 293.149993896484375, 293.149993896484375, 293.149993896484375, 293.149993896484375, 293.149993896484375, 293.149993896484375, 293.149993896484375, 293.149993896484375, 293.149993896484375, 293.149993896484375, 293.149993896484375, 292.443023681640625, 290.84588623046875, 289.380859375, 288.037353515625, 286.805694580078125, 299.55523681640625, 301.763916015625, 299.395233154296875, 297.222747802734375, 295.23016357421875, 293.402618408203125, 291.726165771484375, 290.188262939453125, 288.77777099609375, 287.4842529296875, 290.92111206054698868684, 303.1871337890625, 300.70068359375, 298.42010498046875, 296.328338623046875, 294.40985107421875, 292.65020751953125, 291.035919189453125, 289.55517578125, 293.149810791015625, 293.149993896484375, 293.149993896484375, 293.149993896484375, 293.149993896484375, 293.149993896484375, 293.149993896484375, 293.149993896484375, 293.149993896484375, 293.149993896484375, 293.149993896484375, 293.149993896484375, 293.149993896484375, 293.149993896484375, 293.149993896484375, 293.149993896484375, 293.149993896484375, 293.149993896484375, 293.149993896484375, 293.149993896484375, 293.149993896484375, 293.149993896484375, 293.149993896484375, 293.149993896484375, 293.149993896484375, 293.149993896484375, 292.443023681640625, 290.84588623046875, 289.380859375, 288.037353515625, 286.805694580078125, 299.55523681640625, 301.763916015625, 299.395233154296875, 297.222747802734375, 295.23016357421875, 293.402587890625]
mode.y=[2., 2., 2., 2., 2., 3., 2., 2., 2., 2., 2., 2., 2., 2., 1., 1., 1., 1., 1., 1., 1., 1., 1., 1., 1., 1., 1., 1., 1., 1., 1., 1., 1., 1., 1., 1., 1., 1., 1., 1., 2., 2., 2., 2., 2., 3., 2., 2., 2., 2., 2., 2., 2., 2., 2., 3., 2., 2., 2., 2., 2., 2., 2., 2., 1., 1., 1., 1., 1., 1., 1., 1., 1., 1., 1., 1., 1., 1., 1., 1., 1., 1., 1., 1., 1., 1., 1., 1., 1., 1., 2., 2., 2., 2., 2., 3., 2., 2., 2., 2., 2.]
