last-generated=2015-05-08
statistics-simulation={'numerical Jacobians': '0', 'nonlinear': ' ', 'linear': ' '}
RL.i[1]=[0.7476298213005065918, 0.7476298213005065918]
RL.i[2]=[-0.22671832144260406494, -0.22671832144260406494]
time=[0., 1.]
sen.V=[1., 1.]
sen.theta=[0.34906584024429321289, 0.34906584024429321289]
