last-generated=2026-09-30
statistics-initialization=
{
  "linear": "0",
  "nonlinear": "0, 0, 0, 0, 5",
  "numerical Jacobians": "0"
}
statistics-simulation=
{
  "linear": "0, 0, 0, 0, 0, 0",
  "nonlinear": " ",
  "number of continuous time states": "11",
  "numerical Jacobians": "0"
}
time=[0e+00, 2.592e+05]
zon.TAir=[2.931499938964844e+02, 2.90017333984375e+02, 2.889552307128906e+02, 2.888837280273438e+02, 2.8912158203125e+02, 2.890843505859375e+02, 2.891225891113281e+02, 2.891190795898438e+02, 2.891282653808594e+02, 2.942691040039062e+02, 2.952821044921875e+02, 2.953829345703125e+02, 2.952977294921875e+02, 2.952726745605469e+02, 2.952422180175781e+02, 2.952101745605469e+02, 2.951599731445312e+02, 2.950205993652344e+02, 2.9514208984375e+02, 2.951198120117188e+02, 2.951353149414062e+02, 2.95087890625e+02, 2.95099365234375e+02, 2.950969848632812e+02, 2.951183776855469e+02, 2.95140869140625e+02, 2.921319885253906e+02, 2.909485473632812e+02, 2.902677001953125e+02, 2.897029724121094e+02, 2.892131042480469e+02, 2.8892822265625e+02, 2.888888549804688e+02, 2.891148986816406e+02, 2.891856079101562e+02, 2.891087036132812e+02, 2.891146850585938e+02, 2.891149291992188e+02, 2.891492614746094e+02, 2.891372680664062e+02, 2.891217041015625e+02, 2.891209716796875e+02, 2.920301818847656e+02, 2.935093688964844e+02, 2.947434387207031e+02, 2.954052124023438e+02, 2.953021850585938e+02, 2.952256164550781e+02, 2.952173767089844e+02, 2.952371215820312e+02, 2.952296447753906e+02, 2.952243347167969e+02, 2.952173156738281e+02, 2.9507470703125e+02, 2.951178894042969e+02, 2.950855712890625e+02, 2.950018005371094e+02, 2.950246276855469e+02, 2.951801147460938e+02, 2.928996276855469e+02, 2.913808288574219e+02, 2.90677978515625e+02, 2.901911010742188e+02, 2.898153076171875e+02, 2.895050354003906e+02, 2.890874328613281e+02, 2.889313354492188e+02, 2.889591064453125e+02, 2.891080322265625e+02, 2.890990295410156e+02, 2.891156616210938e+02, 2.891069030761719e+02, 2.891304016113281e+02, 2.891438293457031e+02, 2.891417541503906e+02, 2.891424255371094e+02, 2.93364501953125e+02, 2.948712158203125e+02, 2.956699523925781e+02, 2.952954711914062e+02, 2.952481994628906e+02, 2.952239685058594e+02, 2.95192138671875e+02, 2.951889953613281e+02, 2.951631774902344e+02, 2.952633361816406e+02, 2.95110595703125e+02, 2.951526794433594e+02, 2.9510107421875e+02, 2.950594787597656e+02, 2.950906677246094e+02, 2.951867065429688e+02, 2.937992248535156e+02, 2.913409423828125e+02, 2.903834838867188e+02, 2.897228393554688e+02, 2.891812744140625e+02, 2.889260864257812e+02, 2.889470520019531e+02, 2.891145629882812e+02, 2.891075134277344e+02]
building.weaBus.TDryBul=[2.609500122070312e+02, 2.608753967285156e+02, 2.61153564453125e+02, 2.615419921875e+02, 2.619866027832031e+02, 2.620587158203125e+02, 2.62211181640625e+02, 2.625499877929688e+02, 2.625499877929688e+02, 2.625499877929688e+02, 2.625875549316406e+02, 2.630865173339844e+02, 2.637460632324219e+02, 2.650023803710938e+02, 2.665859985351562e+02, 2.678099975585938e+02, 2.690339965820312e+02, 2.701971740722656e+02, 2.709069213867188e+02, 2.718607788085938e+02, 2.720499877929688e+02, 2.720499877929688e+02, 2.720499877929688e+02, 2.720499877929688e+02, 2.719675598144531e+02, 2.714500122070312e+02, 2.71072998046875e+02, 2.71330810546875e+02, 2.720211181640625e+02, 2.714658508300781e+02, 2.718775329589844e+02, 2.719024353027344e+02, 2.714362182617188e+02, 2.714799194335938e+02, 2.704067077636719e+02, 2.693314514160156e+02, 2.703369750976562e+02, 2.699765930175781e+02, 2.69929931640625e+02, 2.7044189453125e+02, 2.718394165039062e+02, 2.720597534179688e+02, 2.721641845703125e+02, 2.725382080078125e+02, 2.72480224609375e+02, 2.727900085449219e+02, 2.732219848632812e+02, 2.736539916992188e+02, 2.744635620117188e+02, 2.748500061035156e+02, 2.748500061035156e+02, 2.748500061035156e+02, 2.742786560058594e+02, 2.729716186523438e+02, 2.725348205566406e+02, 2.732835083007812e+02, 2.73848876953125e+02, 2.737291564941406e+02, 2.726629028320312e+02, 2.730917358398438e+02, 2.738507690429688e+02, 2.742042541503906e+02, 2.746334838867188e+02, 2.75053955078125e+02, 2.753359069824219e+02, 2.733910522460938e+02, 2.731499938964844e+02, 2.731499938964844e+02, 2.731499938964844e+02, 2.731499938964844e+02, 2.733664245605469e+02, 2.737350158691406e+02, 2.733141784667969e+02, 2.725339965820312e+02, 2.717420043945312e+02, 2.709500122070312e+02, 2.701579895019531e+02, 2.697578430175781e+02, 2.697198181152344e+02, 2.688186950683594e+02, 2.686510009765625e+02, 2.688980407714844e+02, 2.692734069824219e+02, 2.697075805664062e+02, 2.701607055664062e+02, 2.703500061035156e+02, 2.703500061035156e+02, 2.703500061035156e+02, 2.703500061035156e+02, 2.703500061035156e+02, 2.703500061035156e+02, 2.703500061035156e+02, 2.703500061035156e+02, 2.703500061035156e+02, 2.703500061035156e+02, 2.703500061035156e+02, 2.703500061035156e+02, 2.703500061035156e+02, 2.703500061035156e+02, 2.703500061035156e+02, 2.703500061035156e+02]
TSet.y=[2.891499938964844e+02, 2.891499938964844e+02, 2.891499938964844e+02, 2.891499938964844e+02, 2.891499938964844e+02, 2.891499938964844e+02, 2.891499938964844e+02, 2.891499938964844e+02, 2.891499938964844e+02, 2.951499938964844e+02, 2.951499938964844e+02, 2.951499938964844e+02, 2.951499938964844e+02, 2.951499938964844e+02, 2.951499938964844e+02, 2.951499938964844e+02, 2.951499938964844e+02, 2.951499938964844e+02, 2.951499938964844e+02, 2.951499938964844e+02, 2.951499938964844e+02, 2.951499938964844e+02, 2.951499938964844e+02, 2.951499938964844e+02, 2.951499938964844e+02, 2.951499938964844e+02, 2.891499938964844e+02, 2.891499938964844e+02, 2.891499938964844e+02, 2.891499938964844e+02, 2.891499938964844e+02, 2.891499938964844e+02, 2.891499938964844e+02, 2.891499938964844e+02, 2.891499938964844e+02, 2.891499938964844e+02, 2.891499938964844e+02, 2.891499938964844e+02, 2.891499938964844e+02, 2.891499938964844e+02, 2.891499938964844e+02, 2.891499938964844e+02, 2.951499938964844e+02, 2.951499938964844e+02, 2.951499938964844e+02, 2.951499938964844e+02, 2.951499938964844e+02, 2.951499938964844e+02, 2.951499938964844e+02, 2.951499938964844e+02, 2.951499938964844e+02, 2.951499938964844e+02, 2.951499938964844e+02, 2.951499938964844e+02, 2.951499938964844e+02, 2.951499938964844e+02, 2.951499938964844e+02, 2.951499938964844e+02, 2.951499938964844e+02, 2.891499938964844e+02, 2.891499938964844e+02, 2.891499938964844e+02, 2.891499938964844e+02, 2.891499938964844e+02, 2.891499938964844e+02, 2.891499938964844e+02, 2.891499938964844e+02, 2.891499938964844e+02, 2.891499938964844e+02, 2.891499938964844e+02, 2.891499938964844e+02, 2.891499938964844e+02, 2.891499938964844e+02, 2.891499938964844e+02, 2.891499938964844e+02, 2.891499938964844e+02, 2.951499938964844e+02, 2.951499938964844e+02, 2.951499938964844e+02, 2.951499938964844e+02, 2.951499938964844e+02, 2.951499938964844e+02, 2.951499938964844e+02, 2.951499938964844e+02, 2.951499938964844e+02, 2.951499938964844e+02, 2.951499938964844e+02, 2.951499938964844e+02, 2.951499938964844e+02, 2.951499938964844e+02, 2.951499938964844e+02, 2.951499938964844e+02, 2.891499938964844e+02, 2.891499938964844e+02, 2.891499938964844e+02, 2.891499938964844e+02, 2.891499938964844e+02, 2.891499938964844e+02, 2.891499938964844e+02, 2.891499938964844e+02, 2.891499938964844e+02]
val.y=[0e+00, 0e+00, 7.519194483757019e-02, 3.431819081306458e-01, 3.962371349334717e-01, 4.481202960014343e-01, 4.790364503860474e-01, 5.055793523788452e-01, 5.266672968864441e-01, 1e+00, 9.50175404548645e-01, 7.617207169532776e-01, 6.110537648200989e-01, 5.106595158576965e-01, 4.11719411611557e-01, 3.273814022541046e-01, 3.13376396894455e-01, 4.082455933094025e-01, 4.54556792974472e-01, 4.868190288543701e-01, 5.059676766395569e-01, 5.525493025779724e-01, 6.061819791793823e-01, 6.529310941696167e-01, 6.782506704330444e-01, 6.912506818771362e-01, 0e+00, 0e+00, 0e+00, 0e+00, 0e+00, 1.401133686304092e-01, 3.894744217395782e-01, 4.564392864704132e-01, 3.928478956222534e-01, 4.582507312297821e-01, 4.737530946731567e-01, 5.153145790100098e-01, 5.205328464508057e-01, 5.283687114715576e-01, 5.460090041160583e-01, 5.781756043434143e-01, 1e+00, 1e+00, 1e+00, 8.163585066795349e-01, 6.70318067073822e-01, 5.79865038394928e-01, 5.224528908729553e-01, 4.529632329940796e-01, 3.763875067234039e-01, 3.466463983058929e-01, 2.661392688751221e-01, 3.279548585414886e-01, 3.498448729515076e-01, 4.028324484825134e-01, 4.96368020772934e-01, 5.678233504295349e-01, 6.394321918487549e-01, 0e+00, 0e+00, 0e+00, 0e+00, 0e+00, 0e+00, 1.869811490178108e-02, 1.844852268695831e-01, 3.781799077987671e-01, 4.333573281764984e-01, 4.749535620212555e-01, 5.110117793083191e-01, 5.429329872131348e-01, 5.698620676994324e-01, 5.752883553504944e-01, 5.807002186775208e-01, 5.883505940437317e-01, 1e+00, 1e+00, 7.601088285446167e-01, 6.264626979827881e-01, 5.371178984642029e-01, 4.747181534767151e-01, 4.282303750514984e-01, 3.93588662147522e-01, 3.978143930435181e-01, 3.264494836330414e-01, 3.2286137342453e-01, 3.343190550804138e-01, 3.61885279417038e-01, 4.118005335330963e-01, 5.124547481536865e-01, 6.099113821983337e-01, 0e+00, 0e+00, 0e+00, 0e+00, 0e+00, 1.589196473360062e-01, 3.666426539421082e-01, 4.204295873641968e-01, 4.558803141117096e-01]
