last-generated=2015-05-22
statistics-initialization={'numerical Jacobians': '0', 'nonlinear': '12', 'linear': '19'}
statistics-simulation={'numerical Jacobians': '0', 'nonlinear': '1, 12, 1, 1, 1, 1, 1', 'number of continuous time states': '41', 'linear': '0, 0, 0, 0, 0, 0, 0, 0, 0, 0, 0'}
staRes.minT.Max=[251.5500030517578125, 251.5500030517578125]
staRes.maxT.Max=[341.350006103515625, 341.350006103515625]
staRes.maxT.Min=[336.350006103515625, 336.350006103515625]
TRooHou.y=[0., 301.9876708984375, 270.69036865234375, 277.75334472656248863132, 310.838165283203125, 272.346893310546875, 278.238250732421875, 275.79116210937502273737, 264.42064208984373863132, 288.69273071289063636868, 283.884735107421875, 274.99019775390627273737, 309.61260375976564773737, 269.91334228515626136868, 272.35421142578127273737, 326.677093505859375, 279.30541381835939773737, 274.50338134765627273737, 314.87807617187502273737, 274.70990600585935226263, 275.815032958984375, 303.69465942382811363132, 270.52650756835936363132, 281.63267822265623863132, 315.75788574218751136868, 278.601226806640625, 282.76286621093748863132, 297.64795532226560226263, 275.41078491210936363132, 293.32009277343752273737, 293.366424560546875, 284.27622070312497726263, 310.45451049804688636868, 284.74146728515626136868, 285.39943237304686363132, 309.3106689453125, 284.89426879882813636868, 288.67528076171873863132, 312.00322265624998863132, 282.456878662109375, 290.256744384765625, 307.466461181640625, 285.132080078125, 296.49104003906251136868, 286.21490478515625, 295.386322021484375, 289.51896972656248863132, 300.15618286132814773737, 290.24296874999998863132, 302.16022949218751136868, 308.240631103515625, 287.41035766601561363132, 315.45827636718752273737, 297.95044555664060226263, 291.876922607421875, 320.262481689453125, 296.77435913085935226263, 297.22159423828122726263, 323.11650390624998863132, 293.19669189453122726263, 291.528045654296875, 325.10307617187498863132, 287.56351928710938636868, 296.898406982421875, 316.74439697265626136868, 287.651275634765625, 302.69582519531252273737, 319.68681640624998863132, 288.06048583984375, 304.39292602539063636868, 306.235443115234375, 283.18668212890622726263, 315.68997802734372726263, 292.60967407226564773737, 281.75132446289063636868, 293.150421142578125, 285.63999633789063636868, 277.24408569335935226263, 310.09307861328125, 281.56549072265625, 283.388031005859375, 326.874969482421875, 281.700225830078125, 276.48238525390627273737, 309.29703979492188636868, 275.09283447265625, 283.33269042968748863132, 281.02055053710938636868, 272.017578125, 290.75133666992189773737, 307.602874755859375, 283.73289794921873863132, 288.01871337890622726263, 275.15784301757810226263, 271.64591674804688636868, 295.171875, 270.627532958984375, 273.846099853515625, 321.21354370117188636868, 265.42574462890627273737, 274.95782470703125]
time=[0., 31536000.]
staRes.minT.Min=[250.149993896484375, 250.149993896484375]
staRes.minT.Mean=[250.4499969482421875, 250.4499969482421875]
staRes.maxT.Mean=[337.850006103515625, 337.850006103515625]
staRes.meanT.Min=[291.149993896484375, 291.149993896484375]
TRooAnn.y=[0., 0., 0., 0., 0., 0., 0., 0., 0., 0., 0., 0., 0., 0., 0., 0., 0., 0., 0., 0., 0., 0., 0., 0., 0., 0., 0., 0., 0., 0., 0., 0., 0., 0., 0., 0., 0., 0., 0., 0., 0., 0., 0., 0., 0., 0., 0., 0., 0., 0., 0., 0., 0., 0., 0., 0., 0., 0., 0., 0., 0., 0., 0., 0., 0., 0., 0., 0., 0., 0., 0., 0., 0., 0., 0., 0., 0., 0., 0., 0., 0., 0., 0., 0., 0., 0., 0., 0., 0., 0., 0., 0., 0., 0., 0., 0., 0., 0., 0., 0., 0.]
staRes.meanT.Mean=[291.850006103515625, 291.850006103515625]
staRes.meanT.Max=[292.75, 292.75]
