last-generated=2015-05-08
statistics-simulation={'numerical Jacobians': '0', 'nonlinear': '1', 'linear': ' '}
altAng.alt=[-1.24054706096649169922, -1.23372220993041992188, -1.21913957595825195312, -1.197723388671875, -1.17059230804443359375, -1.13885068893432617188, -1.10347127914428710938, -1.06525599956512451172, -1.02484250068664550781, -0.9827302098274230957, -0.93930828571319580078, -0.89488172531127929688, -0.84969180822372436523, -0.80393224954605102539, -0.75776100158691395148, -0.7113094329833984375, -0.66468894481658935547, -0.6179960966110228382, -0.57131648063659667969, -0.52472776174545288086, -0.47830188274383544922, -0.43210697174072265625, -0.38620889186859130859, -0.34067249298095703125, -0.29556256532669067383, -0.25094491243362426758, -0.20688709616661071777, -0.16345916688442230225, -0.12073434889316540797, -0.0787896960973739624, -0.0377066098153591156, 0.00242861104197800159, 0.04152434319257736206, 0.07948327064514160156, 0.11620210856199279792, 0.15157151222228990028, 0.18547610938549041748, 0.217794761061668396, 0.24840113520622253418, 0.27716451883316040039, 0.30395105481147766113, 0.3286253809928894043, 0.35105255246162414551, 0.37110060453414916992, 0.38864335417747497559, 0.40356335043907165527, 0.41575524210929870605, 0.42512899637222290039, 0.43161275982856750488, 0.43515548110008239746, 0.43572878837585449219, 0.43332806229591369629, 0.42797261476516723633, 0.41970491409301757812, 0.40858909487724304199, 0.3947085142135619007, 0.37816303968429548776, 0.35906580090522782767, 0.33754003047943115234, 0.31371581554412841797, 0.28772726655006408691, 0.25970986485481262207, 0.22979827225208282471, 0.19812460243701934814, 0.16481702029705047607, 0.12999877333641052246, 0.09378750622272491455, 0.05629494786262512207, 0.01762673817574944915, -0.02211749181151356075, -0.06284391880035365696, -0.10446418821811676025, -0.14689500629901885986, -0.19005765020847320557, -0.23387742042541503906, -0.27828299999237060547, -0.32320588827133178711, -0.36857956647872924805, -0.41433876752853393555, -0.4604186713695526123, -0.50675368309020996094, -0.55327653884887695312, -0.59991669654846191406, -0.64659845829010009766, -0.69323939085006713867, -0.73974698781967163086, -0.78601545095443725586, -0.83192116022109985352, -0.87731641530990600586, -0.92202150821685791016, -0.96581387519836425781, -1.00841379165649414062, -1.04946553707122802734, -1.08851397037506103516, -1.12497651576995849609, -1.15811586380004882812, -1.18702495098114013672, -1.21064448356628417969, -1.22784900665283203125, -1.23762166500091552734, -1.23929238319396972656]
time=[0., 86400.]
