last-generated=2020-03-05
statistics-simulation=
{}
T=[4.731499938964844e+02, 4.731499938964844e+02]
time=[0e+00, 1e+00]
h=[8.81910125e+05, 8.81910125e+05]
