last-generated=2019-02-01
statistics-initialization=
{
  "linear": "2, 6, 3, 2, 2, 5, 3, 2, 0, 0, 0, 0, 0"
}
statistics-simulation=
{
  "linear": " ",
  "nonlinear": " ",
  "numerical Jacobians": "0"
}
R3.v[2]=[-7.310478687286377e+00, -7.310478687286377e+00]
R2.v[2]=[-7.310478687286377e+00, -7.310478687286377e+00]
R2.v[1]=[4.474747619628906e+02, 4.474747619628906e+02]
R1.v[1]=[4.474747619628906e+02, 4.474747619628906e+02]
R3.v[1]=[4.474747619628906e+02, 4.474747619628906e+02]
R1.v[2]=[-7.310478687286377e+00, -7.310478687286377e+00]
time=[0e+00, 1e+00]
R3.i[1]=[4.474747467041016e+01, 4.474747467041016e+01]
R1.i[1]=[4.474747467041016e+01, 4.474747467041016e+01]
load_sc.i[1]=[6.263076782226562e+02, 6.263076782226562e+02]
R2.i[2]=[-7.310478687286377e-01, -7.310478687286377e-01]
R3.i[2]=[-7.310478687286377e-01, -7.310478687286377e-01]
R2.i[1]=[4.474747467041016e+01, 4.474747467041016e+01]
R1.i[2]=[-7.310478687286377e-01, -7.310478687286377e-01]
load_sc.i[2]=[-1.515595397949219e+02, -1.515595397949219e+02]
