last-generated=2014-07-08
roo.yCFD[2]=[0.00131347693968564272, 0.00131347693968564272, 0.00131347693968564272, 0.00131347693968564272, 0.00131347693968564272, 0.00131347693968564272, 0.00631866138428449631, 0.00631866138428449631, 0.00631866138428449631, 0.00631866138428449631, 0.00631866138428449631, 0.00898191425949335098, 0.00898191425949335098, 0.00898191425949335098, 0.00898191425949335098, 0.00898191425949335098, 0.01127551682293415070, 0.01127551682293415070, 0.01127551682293415070, 0.01127551682293415070, 0.01127551682293415070, 0.01378378737717866898, 0.01378378737717866898, 0.01378378737717866898, 0.01378378737717866898, 0.01378378737717866898, 0.01659347862005233765, 0.01659347862005233765, 0.01659347862005233765, 0.01659347862005233765, 0.01659347862005233765, 0.01733229495584964752, 0.01733229495584964752, 0.01733229495584964752, 0.01733229495584964752, 0.01733229495584964752, 0.01933251880109310150, 0.01933251880109310150, 0.01933251880109310150, 0.01933251880109310150, 0.01933251880109310150, 0.01875214278697967529, 0.01875214278697967529, 0.01875214278697967529, 0.01875214278697967529, 0.01875214278697967529, 0.01775644719600677490, 0.01775644719600677490, 0.01775644719600677490, 0.01775644719600677490, 0.01775644719600677490, 0.01526559330523014069, 0.01526559330523014069, 0.01526559330523014069, 0.01526559330523014069, 0.01526559330523014069, 0.01364984642714262009, 0.01364984642714262009, 0.01364984642714262009, 0.01364984642714262009, 0.01364984642714262009, 0.01310995314270257950, 0.01310995314270257950, 0.01310995314270257950, 0.01310995314270257950, 0.01310995314270257950, 0.01140347681939601898, 0.01140347681939601898, 0.01140347681939601898, 0.01140347681939601898, 0.01140347681939601898, 0.00971816480159759521, 0.00971816480159759521, 0.00971816480159759521, 0.00971816480159759521, 0.00971816480159759521, 0.00816985033452510834, 0.00816985033452510834, 0.00816985033452510834, 0.00816985033452510834, 0.00816985033452510834, 0.00685294903814792633, 0.00685294903814792633, 0.00685294903814792633, 0.00685294903814792633, 0.00685294903814792633, 0.00569444941356778145, 0.00569444941356778145, 0.00569444941356778145, 0.00569444941356778145, 0.00569444941356778145, 0.00484840152785181999, 0.00484840152785181999, 0.00484840152785181999, 0.00484840152785181999, 0.00484840152785181999, 0.00402506254613399506, 0.00402506254613399506, 0.00402506254613399506, 0.00402506254613399506, 0.00402506254613399506]
time=[0.00000000000000000000, 120.00000000000000000000]
