last-generated=2020-09-14
statistics-simulation=
{}
time=[-5e+00, 5e+00]
intTimTab.y[1]=[-3e+00, -3e+00, -3e+00, -3e+00, -3e+00, -3e+00, -3e+00, -3e+00, -3e+00, -3e+00, -3e+00, -3e+00, -3e+00, -3e+00, -3e+00, -3e+00, -3e+00, -3e+00, -3e+00, -3e+00, -3e+00, -3e+00, -3e+00, -3e+00, -3e+00, -3e+00, -3e+00, -3e+00, -3e+00, -3e+00, -3e+00, -3e+00, -3e+00, -3e+00, -3e+00, -3e+00, -3e+00, -3e+00, -3e+00, -3e+00, -3e+00, -3e+00, -3e+00, -3e+00, -3e+00, -3e+00, -3e+00, -3e+00, -3e+00, -3e+00, -3e+00, -2e+00, -2e+00, -2e+00, -2e+00, -2e+00, -2e+00, -2e+00, -2e+00, -2e+00, -2e+00, -2e+00, -2e+00, -2e+00, -2e+00, -2e+00, -2e+00, -2e+00, -2e+00, -2e+00, -2e+00, -2e+00, -2e+00, -2e+00, -2e+00, -2e+00, -2e+00, -2e+00, -2e+00, -2e+00, -2e+00, -2e+00, -2e+00, -2e+00, -2e+00, -2e+00, -2e+00, -2e+00, -2e+00, -2e+00, -2e+00, -2e+00, -2e+00, -2e+00, -2e+00, -2e+00, -2e+00, -2e+00, -2e+00, -2e+00, -2e+00]
intTimTab.y[2]=[1e+00, 1e+00, 1e+00, 1e+00, 1e+00, 1e+00, 1e+00, 1e+00, 1e+00, 1e+00, 1e+00, 1e+00, 1e+00, 1e+00, 1e+00, 1e+00, 1e+00, 1e+00, 1e+00, 1e+00, 1e+00, 1e+00, 1e+00, 1e+00, 1e+00, 1e+00, 1e+00, 1e+00, 1e+00, 1e+00, 1e+00, 1e+00, 1e+00, 1e+00, 1e+00, 1e+00, 1e+00, 1e+00, 1e+00, 1e+00, 1e+00, 1e+00, 1e+00, 1e+00, 1e+00, 1e+00, 1e+00, 1e+00, 1e+00, 1e+00, 1e+00, 5e+00, 5e+00, 5e+00, 5e+00, 5e+00, 5e+00, 5e+00, 5e+00, 5e+00, 5e+00, 5e+00, 5e+00, 5e+00, 5e+00, 5e+00, 5e+00, 5e+00, 5e+00, 5e+00, 5e+00, 5e+00, 5e+00, 5e+00, 5e+00, 5e+00, 4.999990463247777e+00, 3e+00, 3e+00, 3e+00, 3e+00, 3e+00, 3e+00, 3e+00, 3e+00, 3e+00, 3e+00, 3e+00, 3e+00, 3e+00, 3e+00, 3e+00, 3e+00, 3e+00, 3e+00, 3e+00, 3e+00, 3e+00, 3e+00, 3e+00, 3e+00]
intTimTab.offset[1]=[-3e+00, -3e+00]
intTimTab.offset[2]=[1e+00, 1e+00]
intTimTabPer.y[1]=[1e+00, 1e+00, 1e+00, 1e+00, 1e+00, 1e+00, 1e+00, 1e+00, 1e+00, 1e+00, 1e+00, 1e+00, 1e+00, 1.000002384188056e+00, 2e+00, 2e+00, 2e+00, 2e+00, 2e+00, 2e+00, 2e+00, 2e+00, 2e+00, 2e+00, 2e+00, 2e+00, 2e+00, 2e+00, 2e+00, 2e+00, 0e+00, 0e+00, 0e+00, 0e+00, 0e+00, 0e+00, 0e+00, 0e+00, 0e+00, 0e+00, 0e+00, 3e+00, 3e+00, 3e+00, 3e+00, 3e+00, 3e+00, 3e+00, 3e+00, 3e+00, 3e+00, 1e+00, 1e+00, 1e+00, 1e+00, 1e+00, 1e+00, 1e+00, 1e+00, 1e+00, 1e+00, 1e+00, 1e+00, 1.000002384173845e+00, 2e+00, 2e+00, 2e+00, 2e+00, 2e+00, 2e+00, 2e+00, 2e+00, 2e+00, 2e+00, 2e+00, 2e+00, 2e+00, 2e+00, 2e+00, 2e+00, 0e+00, 0e+00, 0e+00, 0e+00, 0e+00, 0e+00, 0e+00, 0e+00, 0e+00, 0e+00, 0e+00, 3e+00, 3e+00, 3e+00, 3e+00, 3e+00, 3e+00, 3e+00, 3e+00, 3e+00, 3e+00]
intTimTabPer.y[2]=[4e+00, 4e+00, 4e+00, 4e+00, 4e+00, 4e+00, 4e+00, 4e+00, 4e+00, 4e+00, 4e+00, 4e+00, 4e+00, 3.999995231623888e+00, 2e+00, 2e+00, 2e+00, 2e+00, 2e+00, 2e+00, 2e+00, 2e+00, 2e+00, 2e+00, 2e+00, 2e+00, 2e+00, 2e+00, 2e+00, 2e+00, -1e+00, -1e+00, -1e+00, -1e+00, -1e+00, -1e+00, -1e+00, -1e+00, -1e+00, -1e+00, -1e+00, 7e+00, 7e+00, 7e+00, 7e+00, 7e+00, 7e+00, 7e+00, 7e+00, 7e+00, 7e+00, 4e+00, 4e+00, 4e+00, 4e+00, 4e+00, 4e+00, 4e+00, 4e+00, 4e+00, 4e+00, 4e+00, 4e+00, 3.99999523165231e+00, 2e+00, 2e+00, 2e+00, 2e+00, 2e+00, 2e+00, 2e+00, 2e+00, 2e+00, 2e+00, 2e+00, 2e+00, 2e+00, 2e+00, 2e+00, 2e+00, -1e+00, -1e+00, -1e+00, -1e+00, -1e+00, -1e+00, -1e+00, -1e+00, -1e+00, -1e+00, -1e+00, 7e+00, 7e+00, 7e+00, 7e+00, 7e+00, 7e+00, 7e+00, 7e+00, 7e+00, 7e+00]
intTimTabPer.offset[1]=[0e+00, 0e+00]
