last-generated=2015-05-08
statistics-simulation={'numerical Jacobians': '0', 'nonlinear': '1', 'number of continuous time states': '1', 'linear': ' '}
volume.medium.T=[293.149993896484375, 293.155883789192102995, 293.16174316432852720027, 293.16763305702943398501, 293.17349243215903698001, 293.17935180620861501666, 293.18524169999636797002, 293.19110107404594600666, 293.19696045028285880107, 293.20285033966865739785, 293.20870971591011766577, 293.21456909215157793369, 293.22042846839303820161, 293.22631836213986389339, 293.23217773402029706631, 293.23803710591892013326, 293.24389648650321760215, 293.24975585833817603998, 293.2556457476966897957, 293.26150512833555694669, 293.26736450017961033154, 293.27322388075481285341, 293.27908325264434097335, 293.28494262447020446416, 293.29080200506359688006, 293.296661376953125, 293.30252075748285278678, 293.30838012056847219355, 293.31423950124371913262, 293.32009888179163681343, 293.32595824485906632617, 293.33181762553431326523, 293.3376464886314352043, 293.34350585177162429318, 293.34936523230135207996, 293.35522461283107986674, 293.36108397586212959141, 293.36691283903201110661, 293.37277221963449846953, 293.37863160009146668017, 293.38449096324984566309, 293.39031982634696760215, 293.39617920682212570682, 293.4020385699623147957, 293.40786743305943673477, 293.41372681355278473347, 293.41958617667478392832, 293.42541503975371597335, 293.43127442028344376013, 293.43710326595464721322, 293.442962646484375, 293.44879150958138325223, 293.4546508899655350433, 293.46047975335358160009, 293.46633909855904676078, 293.47216796183795395336, 293.47802734233118826523, 293.48385620531911399667, 293.4896850685252616131, 293.49554444880021719655, 293.50137327719153290673, 293.50720214014302200667, 293.51306152059993337389, 293.51889038362418204997, 293.52471924657572799333, 293.53054810989101497398, 293.53640745509648013467, 293.54223631844814690339, 293.54806518139963600333, 293.55389404435118194669, 293.55972290748456998699, 293.56555177058157823922, 293.57141111578704339991, 293.57723997888405165213, 293.58306884212663590006, 293.588897705078125, 293.59472656802961409994, 293.6005554309811600433, 293.60638429393264914324, 293.61221312232396485342, 293.61804198527545395336, 293.62387084822694305331, 293.62969971117848899667, 293.63552857412997809661, 293.64132691990351986533, 293.64715574789465790673, 293.65298461084614700667, 293.65881347379769295003, 293.66464233674918204997, 293.67047119970072799333, 293.67626954507409209327, 293.68209837346540780345, 293.68792723641689690339, 293.69372558179026100333, 293.69955444474180694669, 293.70538330769329604664, 293.71121217064478514658, 293.71701048145797585676, 293.7228393444094649567, 293.72863768978288590006, 293.734466552734375]
time=[0., 1.]
volume.medium.X[1]=[1., 1.]
