last-generated=2017-07-06
statistics-simulation=
{
  "numerical Jacobians": "0", 
  "nonlinear": " ", 
  "linear": " "
}
numOfOcc[4].y=[2e+00, 2e+00]
numOfOcc[1].y=[2e+00, 2e+00]
numOfOcc[2].y=[2e+00, 2e+00]
numOfOcc[5].y=[2e+00, 2e+00]
numOfOcc[3].y=[2e+00, 2e+00]
time=[0e+00, 3.6e+03]
zonPriFloRat[5].y=[1.000000014901161e-01, 1.000000014901161e-01]
zonPriFloRat[4].y=[9.000000357627869e-02, 9.000000357627869e-02]
zonPriFloRat[3].y=[2.000000029802322e-01, 2.000000029802322e-01]
zonPriFloRat[2].y=[1.19999997317791e-01, 1.19999997317791e-01]
zonPriFloRat[1].y=[1.000000014901161e-01, 1.000000014901161e-01]
outAirSet_MulZon.VOutMinSet_flow=[1.132645606994629e-01, 1.132645606994629e-01, 1.132645606994629e-01, 1.132645606994629e-01, 1.132645606994629e-01, 1.132645606994629e-01, 1.132645606994629e-01, 1.132645606994629e-01, 1.132645606994629e-01, 1.132645606994629e-01, 1.132645606994629e-01, 1.132645606994629e-01, 1.132645606994629e-01, 1.132645606994629e-01, 1.132645606994629e-01, 1.132645606994629e-01, 1.132645606994629e-01, 1.132645606994629e-01, 1.132645606994629e-01, 1.132645606994629e-01, 1.132645606994629e-01, 1.132645606994629e-01, 1.132645606994629e-01, 1.132645606994629e-01, 1.132645606994629e-01, 1.132645606994629e-01, 1.132645606994629e-01, 1.132645606994629e-01, 1.132645606994629e-01, 1.132645606994629e-01, 1.132645606994629e-01, 1.132645606994629e-01, 1.132645606994629e-01, 1.132645606994629e-01, 1.132645606994629e-01, 1.132645606994629e-01, 1.132645606994629e-01, 1.132645606994629e-01, 1.132645606994629e-01, 1.132645606994629e-01, 1.132645606994629e-01, 1.132645606994629e-01, 1.132645606994629e-01, 1.132645606994629e-01, 1.132645606994629e-01, 1.132645606994629e-01, 1.132645606994629e-01, 1.132645606994629e-01, 1.132645606994629e-01, 1.132645606994629e-01, 1.132645606994629e-01, 1.132645606994629e-01, 1.132645606994629e-01, 1.132645606994629e-01, 1.132645606994629e-01, 1.132645606994629e-01, 1.132645606994629e-01, 1.132645606994629e-01, 1.132645606994629e-01, 1.132645606994629e-01, 1.132645606994629e-01, 1.132645606994629e-01, 1.132645606994629e-01, 1.132645606994629e-01, 1.132645606994629e-01, 1.132645606994629e-01, 1.132645606994629e-01, 1.132645606994629e-01, 1.132645606994629e-01, 1.132645606994629e-01, 1.132645606994629e-01, 1.132645606994629e-01, 1.132645606994629e-01, 1.132645606994629e-01, 1.132645606994629e-01, 1.132645606994629e-01, 8.943081647157669e-02, 8.943081647157669e-02, 8.943081647157669e-02, 8.943081647157669e-02, 8.943081647157669e-02, 8.943081647157669e-02, 8.943081647157669e-02, 8.943081647157669e-02, 8.943081647157669e-02, 8.943081647157669e-02, 8.943081647157669e-02, 8.943081647157669e-02, 8.943081647157669e-02, 8.943081647157669e-02, 8.943081647157669e-02, 8.943081647157669e-02, 8.943081647157669e-02, 8.943081647157669e-02, 8.943081647157669e-02, 8.943081647157669e-02, 8.943081647157669e-02, 8.943081647157669e-02, 8.943081647157669e-02, 8.943081647157669e-02, 8.943081647157669e-02]
outAirSet_MulZon.VDesUncOutMin_flow_nominal=[1.099999994039536e-01, 1.099999994039536e-01]
outAirSet_MulZon.VDesOutMin_flow_nominal=[1.225626766681671e-01, 1.225626766681671e-01]
