last-generated=2026-08-20
statistics-initialization=
{
  "linear": "6",
  "nonlinear": "1, 1, 1, 1, 1, 1",
  "numerical Jacobians": "0"
}
statistics-simulation=
{
  "linear": " ",
  "nonlinear": "1",
  "number of continuous time states": "16",
  "numerical Jacobians": "0"
}
time=[0e+00, 1.8e+03]
roo.yCFD[1]=[2.832649536132812e+02, 2.832649536132812e+02, 2.832649536132812e+02, 2.832649536132812e+02, 2.832649536132812e+02, 2.832649536132812e+02, 2.832649536132812e+02, 2.832649536132812e+02, 2.832649536132812e+02, 2.832649536132812e+02, 2.832649536132812e+02, 2.834535522460938e+02, 2.834535522460938e+02, 2.834535522460938e+02, 2.834535522460938e+02, 2.834535522460938e+02, 2.834535522460938e+02, 2.834535522460938e+02, 2.834535522460938e+02, 2.834535522460938e+02, 2.834535522460938e+02, 2.836856384277344e+02, 2.836856384277344e+02, 2.836856384277344e+02, 2.836856384277344e+02, 2.836856384277344e+02, 2.836856384277344e+02, 2.836856384277344e+02, 2.836856384277344e+02, 2.836856384277344e+02, 2.836856384277344e+02, 2.836856384277344e+02, 2.836856384277344e+02, 2.836856384277344e+02, 2.836856384277344e+02, 2.836856384277344e+02, 2.836856384277344e+02, 2.836856384277344e+02, 2.836856384277344e+02, 2.836856384277344e+02, 2.836856384277344e+02, 2.836856384277344e+02, 2.836856384277344e+02, 2.836856384277344e+02, 2.836856384277344e+02, 2.836856384277344e+02, 2.836856384277344e+02, 2.836856384277344e+02, 2.836856384277344e+02, 2.836856384277344e+02, 2.836856384277344e+02, 2.836856384277344e+02, 2.836856384277344e+02, 2.836856384277344e+02, 2.836856384277344e+02, 2.836856384277344e+02, 2.836856384277344e+02, 2.836856384277344e+02, 2.836856384277344e+02, 2.836856384277344e+02, 2.836856384277344e+02, 2.836856384277344e+02, 2.836856384277344e+02, 2.836856384277344e+02, 2.836856384277344e+02, 2.836856384277344e+02, 2.836856384277344e+02, 2.836856384277344e+02, 2.836856384277344e+02, 2.836856384277344e+02, 2.836856384277344e+02, 2.836856384277344e+02, 2.836856384277344e+02, 2.836856384277344e+02, 2.836856384277344e+02, 2.836856384277344e+02, 2.836856384277344e+02, 2.836856384277344e+02, 2.836856384277344e+02, 2.836856384277344e+02, 2.836856384277344e+02, 2.836856384277344e+02, 2.836856384277344e+02, 2.836856384277344e+02, 2.836856384277344e+02, 2.836856384277344e+02, 2.836856384277344e+02, 2.836856384277344e+02, 2.836856384277344e+02, 2.836856384277344e+02, 2.836856384277344e+02, 2.836856384277344e+02, 2.836856384277344e+02, 2.836856384277344e+02, 2.836856384277344e+02, 2.836856384277344e+02, 2.836856384277344e+02, 2.836856384277344e+02, 2.836856384277344e+02, 2.836856384277344e+02, 2.836856384277344e+02]
roo.yCFD[2]=[0e+00, 0e+00, 0e+00, 0e+00, 0e+00, 0e+00, 0e+00, 0e+00, 0e+00, 0e+00, 0e+00, 0e+00, 0e+00, 0e+00, 0e+00, 0e+00, 0e+00, 0e+00, 0e+00, 0e+00, 0e+00, 0e+00, 0e+00, 0e+00, 0e+00, 0e+00, 0e+00, 0e+00, 0e+00, 0e+00, 0e+00, 0e+00, 0e+00, 0e+00, 0e+00, 0e+00, 0e+00, 0e+00, 0e+00, 0e+00, 0e+00, 0e+00, 0e+00, 0e+00, 0e+00, 0e+00, 0e+00, 0e+00, 0e+00, 0e+00, 0e+00, 0e+00, 0e+00, 0e+00, 0e+00, 0e+00, 0e+00, 0e+00, 0e+00, 0e+00, 0e+00, 0e+00, 0e+00, 0e+00, 0e+00, 0e+00, 0e+00, 0e+00, 0e+00, 0e+00, 0e+00, 0e+00, 0e+00, 0e+00, 0e+00, 0e+00, 0e+00, 0e+00, 0e+00, 0e+00, 0e+00, 0e+00, 0e+00, 0e+00, 0e+00, 0e+00, 0e+00, 0e+00, 0e+00, 0e+00, 0e+00, 0e+00, 0e+00, 0e+00, 0e+00, 0e+00, 0e+00, 0e+00, 0e+00, 0e+00, 0e+00]
