last-generated=2015-05-08
statistics-simulation={'numerical Jacobians': '0', 'nonlinear': ' ', 'linear': ' '}
RL.i[1]=[2.99051928520202636719, 2.99051928520202636719]
RL.i[2]=[-0.90687328577041625977, -0.90687328577041625977]
time=[0., 1.]
sen.V=[1., 1.]
sen.theta=[0.34906584024429321289, 0.34906584024429321289]
