last-generated=2014-06-26
inverseXRegularized.y=[-1.00000000000000000000, -1.02040815400130835400, -1.04166662790444397579, -1.06382978114919790613, -1.08695650313825487032, -1.11113309676261118319, -1.13636362900588427927, -1.16281586804859715656, -1.19047618424011059091, -1.21951221361174355629, -1.24999999538951089839, -1.28205132681383870974, -1.31578947047237693191, -1.35139082882654659734, -1.38888883363269122206, -1.42857143844084721884, -1.47058822289738722056, -1.51520716322985538049, -1.56249996529247359156, -1.61290324982803978671, -1.66666661059133969225, -1.72413794151115817854, -1.78571427634167756437, -1.85195346935098204000, -1.92307690804246500527, -2.00000000000000000000, -2.08333333804768017217, -2.17407729021009954451, -2.27272723895780970338, -2.38095245376647390856, -2.49999985246462630428, -2.63157888959393426731, -2.77777778470135539024, -2.94158366436402962663, -3.12499993185454272293, -3.33392621413534673280, -3.57142817758306252429, -3.84615359717639382353, -4.16666667609536034433, -4.54695770660867459867, -4.99999971344011751029, -5.55830047759562795306, -6.25000105072061362677, -7.14285636516088295878, -8.33333335799669505661, -9.99728241279721885348, -11.13343961661583492173, -9.73804491282487028059, -6.47295590181522939588, -2.75264335506771873341, 0.00000000000000000000, 2.75264335501785817328, 6.47296698006807069703, 9.73804491282487028059, 11.13343875998241827574, 9.99727956744593448946, 8.33333337023107212360, 7.14869515938028854407, 6.24999872797041344796, 5.55555375995786793197, 5.00000121640015215974, 4.54545510416282461108, 4.16666667609285124030, 3.84615359717846416743, 3.57142818258044147939, 3.33392621413534673280, 3.12500052536030681338, 2.94158340652257255243, 2.77777778470135450206, 2.63187059437723469557, 2.49999985391057855111, 2.38095211725998145980, 2.27272754931886877827, 2.17391318387136855961, 2.08333333733930547993, 2.00000000000000000000, 1.92307679805917608462, 1.85195352045502659166, 1.78571408879153126215, 1.72421992824188752280, 1.66666669405258582870, 1.61297036457823450561, 1.56249996550670200435, 1.51520723164876502942, 1.47058809447640248536, 1.42857156050256750568, 1.38888889140426230462, 1.35135139785795588274, 1.31578944471152059492, 1.28205127805932361795, 1.24999992623231315214, 1.21954124102184402467, 1.19047622688323695428, 1.16281580760440617084, 1.13636361942444175099, 1.11113314275462071734, 1.08695645052415756915, 1.06382984465896202053, 1.04166666849571476483, 1.02040817347483780964, 1.00000000000000000000]
time=[0.00000000000000000000, 1.00000000000000000000]
