last-generated=2015-05-08
statistics-initialization={'linear': '6, 6, 11, 6, 6, 11'}
statistics-simulation={'numerical Jacobians': '0', 'nonlinear': ' ', 'linear': ' '}
R2.load1.i[1]=[26.1357288360595703125, 26.1357288360595703125]
R2.load1.i[2]=[-0.07493173331022262573, -0.07493173331022262573]
R1.load1.i[2]=[-0.07493173331022262573, -0.07493173331022262573]
R3.load1.i[1]=[26.1357288360595703125, 26.1357288360595703125]
R3.load1.i[2]=[-0.07493173331022262573, -0.07493173331022262573]
R1.load1.i[1]=[26.1357288360595703125, 26.1357288360595703125]
time=[0., 1.]
