last-generated=2015-05-08
statistics-simulation={'numerical Jacobians': '0', 'nonlinear': ' ', 'linear': ' '}
splice.x=[0., 0.06279052189025491337, 0.12533323745214697276, 0.18738131638459501471, 0.24868989534003738129, 0.30901699812136379508, 0.36812455243550129547, 0.42577928134743442401, 0.4817536869409441147, 0.5358267832061716085, 0.58778523637911683775, 0.63742399502753377405, 0.6845471385054687774, 0.72896864067193822834, 0.77051323411742123071, 0.80901698037973324151, 0.84432793855642251923, 0.87630664754848952569, 0.90482703892538673962, 0.92977649516155091991, 0.95105653411415636, 0.96858317659314352444, 0.98228722946472835087, 0.99211471927965522166, 0.99802673053509816103, 1., 0.9980267244918734626, 0.99211473075717082626, 0.98228722946472835087, 0.96858315324141708302, 0.95105656270989080703, 0.92977649516155091991, 0.90482703892538673962, 0.87630669226041957298, 0.84432793855642240821, 0.80901698037973335254, 0.77051329337862595192, 0.72896864067193822834, 0.68454710432452448021, 0.6374239225441147294, 0.58778527414713988009, 0.53582678320617171952, 0.48175360468210237652, 0.42577932358903641807, 0.36812453065795114338, 0.30901693120370304912, 0.24868994060828003567, 0.18738130488501614224, 0.12533316773689304191, 0.06279058026677090953, 0.00000000000000012246, -0.06279058026588016372, -0.12533335346552829104, -0.187381488611136654, -0.2486897591159555887, -0.30901693120476697585, -0.36812453065774336514, -0.42577932358843195715, -0.48175376869956793024, -0.53582694082383752754, -0.58778512224712653467, -0.63742392254515201078, -0.68454710432485177396, -0.72896864067163469336, -0.77051329337777874073, -0.80901708986911602395, -0.84432783747032003063, -0.87630660193027931637, -0.9048270389256758417, -0.92977649516163163312, -0.95105656270955252207, -0.96858319930599690029, -0.98228719331560565564, -0.99211470696176862205, -0.99802672449193507997, -1., -0.99802672449193507997, -0.99211470696176862205, -0.98228719331560565564, -0.96858319930599690029, -0.95105656270955252207, -0.92977649516163163312, -0.9048270389256758417, -0.87630660193027931637, -0.84432783747032003063, -0.80901708986911602395, -0.77051329337777874073, -0.72896864067163469336, -0.68454710432485177396, -0.63742392254515201078, -0.58778512224712653467, -0.53582694082383752754, -0.48175376869956793024, -0.42577932358843195715, -0.36812453065774336514, -0.30901693120476697585, -0.2486897591159555887, -0.18738148861113662624, -0.12533335346552829104, -0.06279058026588016372, -0.00000000000000024493]
splice.y=[0., 0.24552701945450775001, 0.45303446596794039181, 0.5, 0.5, 0.5, 0.5, 0.5, 0.5, 0.5, 0.5, 0.5, 0.5, 0.5, 0.5, 0.5, 0.5, 0.5, 0.5, 0.5, 0.5, 0.5, 0.5, 0.5, 0.5, 0.5, 0.5, 0.5, 0.5, 0.5, 0.5, 0.5, 0.5, 0.5, 0.5, 0.5, 0.5, 0.5, 0.5, 0.5, 0.5, 0.5, 0.5, 0.5, 0.5, 0.5, 0.5, 0.49999999997461591628, 0.45303428672430084978, 0.24552724104547474226, 0.00000000000000044409, -0.2455272410420935858, -0.45303469193715362184, -0.5, -0.5, -0.5, -0.5, -0.5, -0.5, -0.5, -0.5, -0.5, -0.5, -0.5, -0.5, -0.5, -0.5, -0.5, -0.5, -0.5, -0.5, -0.5, -0.5, -0.5, -0.5, -0.5, -0.5, -0.5, -0.5, -0.5, -0.5, -0.5, -0.5, -0.5, -0.5, -0.5, -0.5, -0.5, -0.5, -0.5, -0.5, -0.5, -0.5, -0.5, -0.5, -0.5, -0.5, -0.5, -0.45303469193715362184, -0.2455272410420935858, -0.00000000000000094369]
time=[0., 2.]
