last-generated=2015-05-08
statistics-initialization={'numerical Jacobians': '0', 'nonlinear': '12', 'linear': '19'}
statistics-simulation={'numerical Jacobians': '0', 'nonlinear': '1, 12, 1, 1, 1, 1, 1', 'number of continuous time states': '49', 'linear': '0, 0, 0, 0, 0, 0, 0, 0, 0, 0, 0'}
staRes.minT.Max=[271.54998779296875, 271.54998779296875]
staRes.maxT.Max=[317.95001220703125, 317.95001220703125]
staRes.maxT.Min=[314.75, 314.75]
TRooHou.y=[0., 281.14143066406251136868, 288.92595214843748863132, 296.08805541992188636868, 296.07849731445310226263, 292.389862060546875, 289.69154052734376136868, 291.89794921875, 290.53930053710939773737, 298.91528930664060226263, 278.707550048828125, 284.58342285156248863132, 300.31562500000001136868, 281.582763671875, 291.77738037109372726263, 299.2076416015625, 293.41606445312498863132, 291.99904174804686363132, 293.90873413085938636868, 289.61898193359377273737, 297.0274658203125, 296.1102294921875, 292.35115356445311363132, 292.827392578125, 303.66069335937498863132, 296.13726806640625, 293.11680908203123863132, 298.08989868164064773737, 290.0206298828125, 296.68036499023435226263, 297.767974853515625, 297.75742797851563636868, 305.83476562499998863132, 293.26865844726563636868, 297.77980346679686363132, 298.56732177734375, 291.62976684570310226263, 299.26085205078123863132, 305.12772216796872726263, 296.25707397460939773737, 301.4876708984375, 300.57750244140623863132, 297.43512573242185226263, 303.33012695312498863132, 292.448638916015625, 300.4803466796875, 298.57192382812502273737, 300.70738525390623863132, 301.33991088867185226263, 307.186981201171875, 309.135650634765625, 297.94658813476564773737, 307.12304077148439773737, 303.26221923828126136868, 304.44093017578126136868, 310.206329345703125, 305.93796997070313636868, 308.837158203125, 312.35387573242189773737, 303.22041625976561363132, 305.72076416015625, 310.329803466796875, 302.16704711914064773737, 309.185638427734375, 306.92359619140626136868, 302.7884521484375, 311.365966796875, 312.83551635742185226263, 306.09993286132811363132, 310.19572143554688636868, 306.607818603515625, 300.78536376953127273737, 304.3798828125, 302.852020263671875, 299.42586669921877273737, 300.7386474609375, 300.3404541015625, 294.48203124999997726263, 302.34649047851564773737, 300.16337280273438636868, 304.651153564453125, 310.19692382812502273737, 297.69731445312498863132, 292.91085205078127273737, 295.54877929687501136868, 295.630126953125, 299.139251708984375, 286.46028442382811363132, 292.27659912109373863132, 300.52684326171873863132, 297.110076904296875, 293.48623046875002273737, 286.37088623046872726263, 287.37272949218748863132, 284.01948242187501136868, 291.098052978515625, 285.84594116210939773737, 293.417816162109375, 303.21494750976563636868, 289.70222167968751136868, 294.139984130859375]
time=[0., 31536000.]
staRes.minT.Min=[266.75, 266.75]
staRes.minT.Mean=[268.95001220703125, 268.95001220703125]
staRes.maxT.Mean=[316.25, 316.25]
staRes.meanT.Min=[297.649993896484375, 297.649993896484375]
TRooAnn.y=[0., 0., 0., 0., 0., 0., 0., 0., 0., 0., 0., 0., 0., 0., 0., 0., 0., 0., 0., 0., 0., 0., 0., 0., 0., 0., 0., 0., 0., 0., 0., 0., 0., 0., 0., 0., 0., 0., 0., 0., 0., 0., 0., 0., 0., 0., 0., 0., 0., 0., 0., 0., 0., 0., 0., 0., 0., 0., 0., 0., 0., 0., 0., 0., 0., 0., 0., 0., 0., 0., 0., 0., 0., 0., 0., 0., 0., 0., 0., 0., 0., 0., 0., 0., 0., 0., 0., 0., 0., 0., 0., 0., 0., 0., 0., 0., 0., 0., 0., 0., 0.]
staRes.meanT.Mean=[298.350006103515625, 298.350006103515625]
staRes.meanT.Max=[299.04998779296875, 299.04998779296875]
