last-generated=2026-09-30
statistics-initialization=
{
  "linear": "0, 0, 0, 0, 0, 0, 0, 0",
  "nonlinear": "0, 0, 0, 0, 0, 0, 0, 0, 0, 0, 0, 0, 0, 0, 0, 0, 0, 0, 0, 0, 0, 0, 0, 0",
  "numerical Jacobians": "0"
}
statistics-simulation=
{
  "linear": "0, 0, 0, 0, 0, 0, 0, 0, 0, 0",
  "nonlinear": "0, 0, 0, 0",
  "number of continuous time states": "36",
  "numerical Jacobians": "0"
}
time=[4.32e+05, 8.64e+05]
flo.TAirCor=[2.751499938964844e+02, 2.943939208984375e+02, 2.943350524902344e+02, 2.943084716796875e+02, 2.942694702148438e+02, 2.942391052246094e+02, 2.943097534179688e+02, 2.946851806640625e+02, 2.947860717773438e+02, 2.948232116699219e+02, 2.947481994628906e+02, 2.947442016601562e+02, 2.947453308105469e+02, 2.947481994628906e+02, 2.947453002929688e+02, 2.9450439453125e+02, 2.943399963378906e+02, 2.942447204589844e+02, 2.941575317382812e+02, 2.940357055664062e+02, 2.939577941894531e+02, 2.938744201660156e+02, 2.938428649902344e+02, 2.938169250488281e+02, 2.937958374023438e+02, 2.937767333984375e+02, 2.938180541992188e+02, 2.939771728515625e+02, 2.940415344238281e+02, 2.94011474609375e+02, 2.940464782714844e+02, 2.938804626464844e+02, 2.938838500976562e+02, 2.939075012207031e+02, 2.938574523925781e+02, 2.937762145996094e+02, 2.937452697753906e+02, 2.937516174316406e+02, 2.937470703125e+02, 2.93742431640625e+02, 2.937364501953125e+02, 2.937290954589844e+02, 2.937214965820312e+02, 2.937142028808594e+02, 2.937068176269531e+02, 2.936997680664062e+02, 2.936921997070312e+02, 2.937381896972656e+02, 2.937479248046875e+02, 2.937379455566406e+02, 2.937328491210938e+02, 2.93732177734375e+02, 2.937451782226562e+02, 2.937711181640625e+02, 2.937496032714844e+02, 2.937238159179688e+02, 2.937202453613281e+02, 2.937232666015625e+02, 2.937239379882812e+02, 2.937259826660156e+02, 2.937289733886719e+02, 2.937562255859375e+02, 2.93760498046875e+02, 2.937605285644531e+02, 2.937596435546875e+02, 2.937699584960938e+02, 2.93833984375e+02, 2.944514465332031e+02, 2.945841064453125e+02, 2.946236877441406e+02, 2.946831970214844e+02, 2.947326965332031e+02, 2.947315979003906e+02, 2.947124938964844e+02, 2.947113037109375e+02, 2.944630737304688e+02, 2.942882995605469e+02, 2.941961059570312e+02, 2.9412939453125e+02, 2.940488586425781e+02, 2.939979858398438e+02, 2.939612121582031e+02, 2.939449768066406e+02, 2.939322814941406e+02, 2.9392138671875e+02, 2.939247436523438e+02, 2.940096435546875e+02, 2.946019592285156e+02, 2.948687744140625e+02, 2.950835571289062e+02, 2.954708862304688e+02, 2.956888732910156e+02, 2.958088073730469e+02, 2.957560119628906e+02, 2.95287353515625e+02, 2.946009826660156e+02, 2.944649047851562e+02, 2.944063720703125e+02, 2.943748168945312e+02, 2.943250122070312e+02, 2.94267822265625e+02]
flo.TAirSou=[2.751499938964844e+02, 2.941593933105469e+02, 2.941483764648438e+02, 2.941492614746094e+02, 2.941501159667969e+02, 2.941499633789062e+02, 2.941512451171875e+02, 2.941629028320312e+02, 2.9431591796875e+02, 2.944252014160156e+02, 2.941502990722656e+02, 2.941404724121094e+02, 2.941529541015625e+02, 2.941494445800781e+02, 2.941495361328125e+02, 2.941498718261719e+02, 2.941473388671875e+02, 2.941476440429688e+02, 2.941499938964844e+02, 2.941501159667969e+02, 2.941499938964844e+02, 2.941481323242188e+02, 2.941488647460938e+02, 2.941495666503906e+02, 2.941499938964844e+02, 2.941500549316406e+02, 2.941495056152344e+02, 2.941640319824219e+02, 2.941517944335938e+02, 2.941498413085938e+02, 2.941498413085938e+02, 2.94148193359375e+02, 2.941464233398438e+02, 2.941486511230469e+02, 2.94149169921875e+02, 2.941500549316406e+02, 2.941500244140625e+02, 2.941484680175781e+02, 2.94149658203125e+02, 2.94150146484375e+02, 2.9414990234375e+02, 2.941487426757812e+02, 2.941492919921875e+02, 2.941498107910156e+02, 2.9414990234375e+02, 2.941500549316406e+02, 2.941493225097656e+02, 2.941634216308594e+02, 2.941520080566406e+02, 2.941501159667969e+02, 2.941493530273438e+02, 2.941417236328125e+02, 2.941453552246094e+02, 2.941589660644531e+02, 2.941517944335938e+02, 2.941492309570312e+02, 2.94147216796875e+02, 2.941509094238281e+02, 2.941454772949219e+02, 2.941490478515625e+02, 2.941551208496094e+02, 2.941466369628906e+02, 2.941525573730469e+02, 2.941529846191406e+02, 2.941463928222656e+02, 2.941508178710938e+02, 2.941522827148438e+02, 2.941531372070312e+02, 2.941600036621094e+02, 2.941468200683594e+02, 2.94274658203125e+02, 2.94351806640625e+02, 2.942932434082031e+02, 2.941426086425781e+02, 2.941525268554688e+02, 2.941510009765625e+02, 2.941482238769531e+02, 2.941502075195312e+02, 2.941496276855469e+02, 2.941500244140625e+02, 2.941500244140625e+02, 2.941495666503906e+02, 2.941497802734375e+02, 2.941500549316406e+02, 2.941499328613281e+02, 2.941497497558594e+02, 2.941518249511719e+02, 2.941625671386719e+02, 2.951510925292969e+02, 2.957962646484375e+02, 2.963082885742188e+02, 2.9654833984375e+02, 2.965502319335938e+02, 2.962694702148438e+02, 2.953307495117188e+02, 2.941498107910156e+02, 2.941470031738281e+02, 2.941475830078125e+02, 2.941503295898438e+02, 2.941501770019531e+02, 2.941499328613281e+02]
flo.TAirNor=[2.751499938964844e+02, 2.941617736816406e+02, 2.941487121582031e+02, 2.941492614746094e+02, 2.941500854492188e+02, 2.941499633789062e+02, 2.941561889648438e+02, 2.941405029296875e+02, 2.941569519042969e+02, 2.94152587890625e+02, 2.941502990722656e+02, 2.941481018066406e+02, 2.941504516601562e+02, 2.941496276855469e+02, 2.941494750976562e+02, 2.941498413085938e+02, 2.941478576660156e+02, 2.941487731933594e+02, 2.941500244140625e+02, 2.941478881835938e+02, 2.941026306152344e+02, 2.941514587402344e+02, 2.941492004394531e+02, 2.941495666503906e+02, 2.9414990234375e+02, 2.941499938964844e+02, 2.941496887207031e+02, 2.941371459960938e+02, 2.939528503417969e+02, 2.938447570800781e+02, 2.941571655273438e+02, 2.941447448730469e+02, 2.941549377441406e+02, 2.941476745605469e+02, 2.940516662597656e+02, 2.941510620117188e+02, 2.941087646484375e+02, 2.941494140625e+02, 2.941498107910156e+02, 2.941501159667969e+02, 2.941498413085938e+02, 2.941494750976562e+02, 2.941496887207031e+02, 2.941498718261719e+02, 2.941498718261719e+02, 2.941500244140625e+02, 2.94149658203125e+02, 2.94154296875e+02, 2.941508483886719e+02, 2.941502075195312e+02, 2.941501770019531e+02, 2.941500854492188e+02, 2.941505126953125e+02, 2.941500549316406e+02, 2.941498718261719e+02, 2.941500854492188e+02, 2.941504516601562e+02, 2.941505432128906e+02, 2.941499633789062e+02, 2.94150146484375e+02, 2.941499328613281e+02, 2.941500549316406e+02, 2.941505432128906e+02, 2.941500244140625e+02, 2.941499328613281e+02, 2.941499938964844e+02, 2.941524047851562e+02, 2.941558837890625e+02, 2.94151611328125e+02, 2.941502380371094e+02, 2.941520385742188e+02, 2.941524047851562e+02, 2.941516418457031e+02, 2.941486206054688e+02, 2.941496887207031e+02, 2.941502685546875e+02, 2.941497802734375e+02, 2.941493530273438e+02, 2.941497497558594e+02, 2.9414990234375e+02, 2.941500244140625e+02, 2.941499328613281e+02, 2.941500549316406e+02, 2.941488037109375e+02, 2.9414794921875e+02, 2.941511535644531e+02, 2.941557312011719e+02, 2.9415625e+02, 2.941485595703125e+02, 2.941544189453125e+02, 2.946142883300781e+02, 2.948080444335938e+02, 2.949284973144531e+02, 2.949173583984375e+02, 2.945309753417969e+02, 2.941498718261719e+02, 2.941477966308594e+02, 2.941479187011719e+02, 2.941505126953125e+02, 2.941500244140625e+02, 2.9414990234375e+02]
flo.TAirEas=[2.751499938964844e+02, 2.941596069335938e+02, 2.941486511230469e+02, 2.941493530273438e+02, 2.94150146484375e+02, 2.941499633789062e+02, 2.941513366699219e+02, 2.941610717773438e+02, 2.941508178710938e+02, 2.94149658203125e+02, 2.941502685546875e+02, 2.941480712890625e+02, 2.941500854492188e+02, 2.94149658203125e+02, 2.941496276855469e+02, 2.941498718261719e+02, 2.941476440429688e+02, 2.941479187011719e+02, 2.941500244140625e+02, 2.941501159667969e+02, 2.941499938964844e+02, 2.941483764648438e+02, 2.941490478515625e+02, 2.941496276855469e+02, 2.941499938964844e+02, 2.941500549316406e+02, 2.941495971679688e+02, 2.94161376953125e+02, 2.941503601074219e+02, 2.941509704589844e+02, 2.941501770019531e+02, 2.941498413085938e+02, 2.941496887207031e+02, 2.941496887207031e+02, 2.94149169921875e+02, 2.9414990234375e+02, 2.941503601074219e+02, 2.941490478515625e+02, 2.941497497558594e+02, 2.94150146484375e+02, 2.9414990234375e+02, 2.941492614746094e+02, 2.941495971679688e+02, 2.9414990234375e+02, 2.9414990234375e+02, 2.941500244140625e+02, 2.941495666503906e+02, 2.941612854003906e+02, 2.941503601074219e+02, 2.941505432128906e+02, 2.94150390625e+02, 2.941501159667969e+02, 2.941501159667969e+02, 2.941499633789062e+02, 2.941499633789062e+02, 2.941500854492188e+02, 2.941500854492188e+02, 2.941503295898438e+02, 2.9414990234375e+02, 2.941501159667969e+02, 2.941499938964844e+02, 2.941498107910156e+02, 2.941504211425781e+02, 2.941500244140625e+02, 2.941499328613281e+02, 2.941499938964844e+02, 2.941522521972656e+02, 2.941576538085938e+02, 2.941510925292969e+02, 2.941502990722656e+02, 2.941514892578125e+02, 2.941518859863281e+02, 2.941512145996094e+02, 2.941489562988281e+02, 2.941497497558594e+02, 2.941503601074219e+02, 2.941495971679688e+02, 2.941493225097656e+02, 2.941497497558594e+02, 2.941499633789062e+02, 2.941500244140625e+02, 2.941498413085938e+02, 2.941499938964844e+02, 2.941500854492188e+02, 2.941499328613281e+02, 2.941497497558594e+02, 2.941521606445312e+02, 2.941610717773438e+02, 2.944619445800781e+02, 2.945528869628906e+02, 2.947021789550781e+02, 2.948837280273438e+02, 2.949908752441406e+02, 2.949492492675781e+02, 2.945372314453125e+02, 2.941498718261719e+02, 2.941475219726562e+02, 2.941477355957031e+02, 2.941504516601562e+02, 2.941501159667969e+02, 2.9414990234375e+02]
flo.TAirWes=[2.751499938964844e+02, 2.941647644042969e+02, 2.941503295898438e+02, 2.941525268554688e+02, 2.941544189453125e+02, 2.941499633789062e+02, 2.941514892578125e+02, 2.941551818847656e+02, 2.941525573730469e+02, 2.941495666503906e+02, 2.941477661132812e+02, 2.941473083496094e+02, 2.941529846191406e+02, 2.941499328613281e+02, 2.941496276855469e+02, 2.9414990234375e+02, 2.941478271484375e+02, 2.941481323242188e+02, 2.941460266113281e+02, 2.941501159667969e+02, 2.941500244140625e+02, 2.941485290527344e+02, 2.941491394042969e+02, 2.941477966308594e+02, 2.941527099609375e+02, 2.941500244140625e+02, 2.94149658203125e+02, 2.941542053222656e+02, 2.941506958007812e+02, 2.941501770019531e+02, 2.941462707519531e+02, 2.941655578613281e+02, 2.941573486328125e+02, 2.941495361328125e+02, 2.941496887207031e+02, 2.941499938964844e+02, 2.941507263183594e+02, 2.941492614746094e+02, 2.941497497558594e+02, 2.941501159667969e+02, 2.9414990234375e+02, 2.941492614746094e+02, 2.941495971679688e+02, 2.9414990234375e+02, 2.9414990234375e+02, 2.941500244140625e+02, 2.941495666503906e+02, 2.941542053222656e+02, 2.941509094238281e+02, 2.941473083496094e+02, 2.941510925292969e+02, 2.941600341796875e+02, 2.941601257324219e+02, 2.941400146484375e+02, 2.941502380371094e+02, 2.941496276855469e+02, 2.941502380371094e+02, 2.94150390625e+02, 2.941499328613281e+02, 2.94140380859375e+02, 2.941489562988281e+02, 2.94146484375e+02, 2.941531066894531e+02, 2.941462707519531e+02, 2.941505432128906e+02, 2.941480407714844e+02, 2.941471862792969e+02, 2.941561889648438e+02, 2.941530151367188e+02, 2.941547241210938e+02, 2.941512756347656e+02, 2.941546630859375e+02, 2.941600646972656e+02, 2.941495361328125e+02, 2.941483764648438e+02, 2.941499328613281e+02, 2.9414892578125e+02, 2.941525573730469e+02, 2.941471862792969e+02, 2.941535034179688e+02, 2.941470031738281e+02, 2.941536865234375e+02, 2.941511840820312e+02, 2.941499633789062e+02, 2.941482543945312e+02, 2.941497192382812e+02, 2.941521301269531e+02, 2.941558532714844e+02, 2.9415283203125e+02, 2.942537536621094e+02, 2.945929870605469e+02, 2.948912658691406e+02, 2.951747741699219e+02, 2.951327209472656e+02, 2.944866333007812e+02, 2.9414990234375e+02, 2.941476135253906e+02, 2.941478271484375e+02, 2.941429138183594e+02, 2.9415087890625e+02, 2.941489562988281e+02]
hea[1].conPID.y=[1e+00, 4.845159649848938e-01, 5.014449954032898e-01, 5.414243340492249e-01, 5.694305896759033e-01, 5.895705819129944e-01, 5.7752925157547e-01, 1.653840243816376e-01, 0e+00, 0e+00, 3.933437913656235e-02, 9.599543362855911e-02, 7.532443106174469e-02, 9.416426718235016e-02, 1.892356276512146e-01, 4.263585209846497e-01, 5.560572147369385e-01, 6.027007699012756e-01, 6.334654092788696e-01, 6.592097282409668e-01, 7.025161385536194e-01, 7.528393268585205e-01, 7.80601978302002e-01, 8.098379969596863e-01, 8.33065927028656e-01, 8.630860447883606e-01, 8.446095585823059e-01, 5.067192912101746e-01, 2.681048810482025e-01, 1.16944782435894e-01, 3.696566075086594e-02, 8.05775448679924e-02, 1.44727036356926e-01, 2.729867100715637e-01, 5.211325883865356e-01, 6.300881505012512e-01, 6.820257902145386e-01, 6.979467868804932e-01, 7.253655791282654e-01, 7.36053466796875e-01, 7.574938535690308e-01, 7.858307957649231e-01, 8.055662512779236e-01, 8.20744514465332e-01, 8.38339626789093e-01, 8.542025089263916e-01, 8.668472766876221e-01, 5.856958627700806e-01, 3.951483964920044e-01, 2.643607258796692e-01, 2.052696794271469e-01, 2.505898177623749e-01, 4.809618592262268e-01, 4.67408686876297e-01, 5.152759552001953e-01, 6.102312803268433e-01, 5.881447792053223e-01, 6.606102585792542e-01, 7.603603005409241e-01, 8.541130423545837e-01, 7.255095839500427e-01, 8.017746210098267e-01, 8.546072840690613e-01, 7.849842309951782e-01, 8.686094880104065e-01, 8.271670937538147e-01, 7.553333640098572e-01, 4.627538621425629e-01, 2.548040747642517e-01, 2.106918096542358e-01, 0e+00, 0e+00, 0e+00, 1.346378680318594e-02, 1.064071133732796e-01, 2.798797190189362e-01, 2.84452348947525e-01, 2.990908324718475e-01, 3.186243772506714e-01, 3.460807800292969e-01, 3.778869211673737e-01, 3.971540629863739e-01, 4.039729535579681e-01, 4.050894379615784e-01, 4.10698264837265e-01, 4.323288202285767e-01, 4.159548282623291e-01, 7.843713276088238e-03, 0e+00, 0e+00, 0e+00, 0e+00, 0e+00, 0e+00, 0e+00, 2.038423158228397e-02, 1.561498939990997e-01, 2.097958624362946e-01, 2.27659672498703e-01, 2.58433997631073e-01, 2.989954352378845e-01]
hea[2].conPID.y=[1e+00, 5.266958475112915e-01, 5.349494814872742e-01, 5.709030032157898e-01, 5.959687829017639e-01, 6.136667728424072e-01, 6.011341214179993e-01, 2.003987431526184e-01, 8.999405801296234e-02, 1.338831633329391e-01, 1.952829658985138e-01, 2.145316451787949e-01, 2.15305894613266e-01, 2.310256063938141e-01, 2.761900722980499e-01, 4.872805774211884e-01, 6.040237545967102e-01, 6.448116302490234e-01, 6.711056232452393e-01, 6.931312084197998e-01, 7.310774326324463e-01, 7.754667401313782e-01, 7.988728284835815e-01, 8.238754868507385e-01, 8.43708336353302e-01, 8.702210187911987e-01, 8.520636558532715e-01, 5.09940505027771e-01, 4.195653200149536e-01, 4.819211661815643e-01, 5.600518584251404e-01, 6.124711632728577e-01, 6.150771975517273e-01, 6.376563906669617e-01, 7.028136253356934e-01, 7.700685858726501e-01, 8.052775263786316e-01, 8.115139603614807e-01, 8.295336365699768e-01, 8.31928014755249e-01, 8.445974588394165e-01, 8.664742708206177e-01, 8.759616613388062e-01, 8.845395445823669e-01, 8.988707661628723e-01, 9.094842672348022e-01, 9.167328476905823e-01, 6.231520771980286e-01, 5.557292103767395e-01, 6.087911128997803e-01, 6.723220348358154e-01, 6.630902886390686e-01, 6.577879786491394e-01, 6.583718657493591e-01, 6.953125596046448e-01, 7.212832570075989e-01, 7.212655544281006e-01, 7.137572169303894e-01, 7.120481729507446e-01, 7.11125373840332e-01, 7.15324878692627e-01, 6.979981064796448e-01, 6.965104937553406e-01, 6.91961944103241e-01, 6.930939555168152e-01, 6.870225667953491e-01, 6.437130570411682e-01, 3.15776526927948e-01, 1.816423386335373e-01, 1.603365838527679e-01, 1.35196641087532e-01, 9.976307302713394e-02, 8.534564077854156e-02, 9.35877189040184e-02, 1.252873241901398e-01, 3.094445168972015e-01, 3.858921527862549e-01, 3.974136710166931e-01, 4.101654887199402e-01, 4.310973882675171e-01, 4.539327621459961e-01, 4.658435881137848e-01, 4.670704901218414e-01, 4.637158215045929e-01, 4.647235572338104e-01, 4.809080362319946e-01, 4.618361294269562e-01, 5.71986585855484e-02, 0e+00, 0e+00, 0e+00, 0e+00, 0e+00, 0e+00, 0e+00, 1.844220161437988e-01, 3.017372488975525e-01, 3.485085070133209e-01, 3.622691333293915e-01, 3.849115371704102e-01, 4.159435331821442e-01]
hea[3].conPID.y=[1e+00, 5.374824404716492e-01, 5.460473299026489e-01, 5.819480419158936e-01, 6.069844365119934e-01, 6.240325570106506e-01, 7.594740390777588e-01, 3.976845145225525e-01, 4.55971896648407e-01, 3.302913010120392e-01, 2.134639620780945e-01, 2.231837809085846e-01, 2.215713262557983e-01, 2.332940399646759e-01, 2.766268849372864e-01, 5.093300938606262e-01, 8.765087127685547e-01, 6.740359663963318e-01, 6.990578174591064e-01, 8.869731426239014e-01, 1e+00, 9.034937620162964e-01, 8.288759589195251e-01, 8.537906408309937e-01, 8.737219572067261e-01, 8.998546004295349e-01, 8.766627907752991e-01, 8.763794302940369e-01, 1e+00, 1e+00, 7.255620956420898e-01, 8.009482026100159e-01, 8.7810879945755e-01, 8.532977700233459e-01, 1e+00, 8.514314293861389e-01, 1e+00, 8.78034770488739e-01, 8.912090063095093e-01, 8.89430046081543e-01, 8.995912671089172e-01, 9.213196635246277e-01, 9.258579611778259e-01, 9.323000907897949e-01, 9.475607872009277e-01, 9.567575454711914e-01, 9.624207019805908e-01, 9.023749828338623e-01, 8.346245288848877e-01, 8.056193590164185e-01, 7.920560836791992e-01, 7.819249629974365e-01, 7.716501951217651e-01, 7.574131488800049e-01, 7.82225489616394e-01, 7.999271154403687e-01, 7.939399480819702e-01, 7.813946008682251e-01, 7.753473520278931e-01, 7.704548239707947e-01, 7.721788883209229e-01, 7.483102083206177e-01, 7.435857057571411e-01, 7.367884516716003e-01, 7.350565195083618e-01, 7.262514233589172e-01, 6.75398051738739e-01, 3.974208533763885e-01, 2.749007940292358e-01, 2.138390839099884e-01, 1.523122936487198e-01, 1.114656701683998e-01, 9.489090740680695e-02, 9.6929632127285e-02, 1.207907423377037e-01, 3.260261416435242e-01, 4.08187061548233e-01, 4.19638603925705e-01, 4.312537908554077e-01, 4.522629082202911e-01, 4.754414260387421e-01, 4.866545796394348e-01, 4.861363768577576e-01, 5.276528000831604e-01, 5.91681957244873e-01, 5.239955186843872e-01, 4.859331548213959e-01, 1.933074146509171e-01, 9.922014176845551e-02, 4.181822296231985e-03, 0e+00, 0e+00, 0e+00, 0e+00, 0e+00, 2.122561931610107e-01, 3.377757668495178e-01, 3.841813802719116e-01, 3.95739883184433e-01, 4.175645112991333e-01, 4.478021264076233e-01]
hea[4].conPID.y=[1e+00, 8.391252160072327e-01, 7.552940249443054e-01, 7.09481418132782e-01, 6.254672408103943e-01, 6.260436773300171e-01, 6.130582094192505e-01, 3.688724339008331e-01, 2.776914238929749e-01, 2.30497419834137e-01, 3.402392268180847e-01, 2.464567422866821e-01, 2.128095030784607e-01, 2.035066783428192e-01, 2.915391325950623e-01, 5.114758014678955e-01, 6.281914114952087e-01, 6.658793091773987e-01, 6.997125148773193e-01, 7.108129858970642e-01, 7.478139996528625e-01, 7.897796034812927e-01, 8.115617036819458e-01, 8.378554582595825e-01, 8.620198965072632e-01, 8.795790076255798e-01, 8.607328534126282e-01, 7.47671902179718e-01, 6.702799201011658e-01, 6.290656924247742e-01, 7.490410208702087e-01, 6.883943676948547e-01, 4.707795977592468e-01, 4.418656229972839e-01, 6.65360152721405e-01, 7.680413126945496e-01, 8.041729331016541e-01, 8.060294985771179e-01, 8.218695521354675e-01, 8.241118788719177e-01, 8.357076048851013e-01, 8.57402503490448e-01, 8.669857382774353e-01, 8.757330775260925e-01, 8.902257680892944e-01, 9.010468125343323e-01, 9.090275168418884e-01, 8.467492461204529e-01, 7.699254751205444e-01, 8.706933259963989e-01, 7.432318925857544e-01, 7.423267960548401e-01, 6.012843251228333e-01, 5.466313362121582e-01, 6.510450839996338e-01, 8.314669728279114e-01, 7.125248312950134e-01, 7.024974226951599e-01, 6.999194025993347e-01, 8.176514506340027e-01, 8.802615404129028e-01, 7.73414134979248e-01, 8.37003231048584e-01, 8.515628576278687e-01, 6.84578537940979e-01, 7.831949591636658e-01, 7.274428009986877e-01, 6.169413924217224e-01, 4.629465341567993e-01, 2.12356373667717e-01, 3.01145076751709e-01, 2.436507195234299e-01, 1.862113922834396e-01, 1.220760643482208e-01, 2.476045936346054e-01, 3.032602071762085e-01, 5.464800596237183e-01, 5.382476449012756e-01, 5.277824997901917e-01, 4.989613890647888e-01, 6.897714138031006e-01, 7.019938230514526e-01, 5.617340207099915e-01, 4.538843035697937e-01, 4.751546680927277e-01, 4.719436168670654e-01, 4.536028504371643e-01, 2.010654211044312e-01, 9.281110018491745e-02, 0e+00, 0e+00, 0e+00, 0e+00, 0e+00, 0e+00, 1.737882941961288e-01, 2.916091680526733e-01, 3.364144265651703e-01, 4.44601446390152e-01, 5.076814293861389e-01, 5.759918689727783e-01]
hea[5].conPID.y=[1e+00, 1e+00, 1e+00, 1e+00, 1e+00, 1e+00, 1e+00, 1e+00, 1e+00, 1e+00, 1e+00, 1e+00, 1e+00, 1e+00, 1e+00, 1e+00, 1e+00, 1e+00, 1e+00, 1e+00, 1e+00, 1e+00, 1e+00, 1e+00, 1e+00, 1e+00, 1e+00, 1e+00, 1e+00, 1e+00, 1e+00, 1e+00, 1e+00, 1e+00, 1e+00, 1e+00, 1e+00, 1e+00, 1e+00, 1e+00, 1e+00, 1e+00, 1e+00, 1e+00, 1e+00, 1e+00, 1e+00, 1e+00, 1e+00, 1e+00, 1e+00, 1e+00, 1e+00, 1e+00, 1e+00, 1e+00, 1e+00, 1e+00, 1e+00, 1e+00, 1e+00, 1e+00, 1e+00, 1e+00, 1e+00, 1e+00, 1e+00, 1e+00, 1e+00, 1e+00, 1e+00, 1e+00, 1e+00, 1e+00, 1e+00, 1e+00, 1e+00, 1e+00, 1e+00, 1e+00, 1e+00, 1e+00, 1e+00, 1e+00, 1e+00, 1e+00, 1e+00, 1e+00, 1e+00, 1e+00, 1e+00, 1e+00, 1e+00, 1e+00, 1e+00, 1e+00, 1e+00, 1e+00, 1e+00, 1e+00, 1e+00]
flo.sou.heaPorAir.Q_flow=[5.4837158203125e+03, 2.656947998046875e+03, 2.749781982421875e+03, 2.969017333984375e+03, 3.122595703125e+03, 3.23303759765625e+03, 3.16700634765625e+03, 9.069190673828125e+02, 0e+00, 0e+00, 2.156985626220703e+02, 5.264116821289062e+02, 4.130578002929688e+02, 5.163701171875e+02, 1.037714477539062e+03, 2.338029052734375e+03, 3.049259765625e+03, 3.305039794921875e+03, 3.473744384765625e+03, 3.6149189453125e+03, 3.852399169921875e+03, 4.12835693359375e+03, 4.280599609375e+03, 4.44092138671875e+03, 4.568296875e+03, 4.7329189453125e+03, 4.63159912109375e+03, 2.778704833984375e+03, 1.470211059570312e+03, 6.412919921875e+02, 2.027091827392578e+02, 4.418643798828125e+02, 7.936419677734375e+02, 1.496981567382812e+03, 2.8577431640625e+03, 3.455224609375e+03, 3.74003564453125e+03, 3.827342041015625e+03, 3.97769873046875e+03, 4.036308349609375e+03, 4.15388134765625e+03, 4.30927294921875e+03, 4.41749658203125e+03, 4.50072998046875e+03, 4.59721630859375e+03, 4.6842041015625e+03, 4.75354443359375e+03, 3.211789794921875e+03, 2.166881591796875e+03, 1.44967919921875e+03, 1.125640625e+03, 1.374163452148438e+03, 2.637458251953125e+03, 2.563136474609375e+03, 2.825626953125e+03, 3.346335205078125e+03, 3.22521875e+03, 3.62259912109375e+03, 4.16960009765625e+03, 4.68371337890625e+03, 3.978488525390625e+03, 4.3967041015625e+03, 4.686423828125e+03, 4.30463037109375e+03, 4.76320751953125e+03, 4.53594970703125e+03, 4.14203369140625e+03, 2.53761083984375e+03, 1.397273193359375e+03, 1.1553740234375e+03, 0e+00, 0e+00, 0e+00, 7.383158111572266e+01, 5.835064086914062e+02, 1.534780883789062e+03, 1.55985595703125e+03, 1.640129150390625e+03, 1.74724560546875e+03, 1.897808715820312e+03, 2.072224609375e+03, 2.177880126953125e+03, 2.21527294921875e+03, 2.2213955078125e+03, 2.252152587890625e+03, 2.3707685546875e+03, 2.280978271484375e+03, 4.30126953125e+01, 0e+00, 0e+00, 0e+00, 0e+00, 0e+00, 0e+00, 0e+00, 1.117813339233398e+02, 8.562816772460938e+02, 1.1504609375e+03, 1.248421020507812e+03, 1.4171787109375e+03, 1.639606079101562e+03]
flo.eas.heaPorAir.Q_flow=[3.357220458984375e+03, 1.768234008789062e+03, 1.795943359375e+03, 1.916647338867188e+03, 2.000798706054688e+03, 2.060214599609375e+03, 2.018139770507812e+03, 6.727827758789062e+02, 3.021298828125e+02, 4.494752807617188e+02, 6.556079711914062e+02, 7.202300415039062e+02, 7.22829345703125e+02, 7.756038818359375e+02, 9.2723095703125e+02, 1.635908325195312e+03, 2.0278408203125e+03, 2.16477490234375e+03, 2.253049560546875e+03, 2.326994140625e+03, 2.45438818359375e+03, 2.603412841796875e+03, 2.6819921875e+03, 2.765931640625e+03, 2.832514892578125e+03, 2.92152392578125e+03, 2.860565673828125e+03, 1.711982666015625e+03, 1.4085732421875e+03, 1.617915649414062e+03, 1.880217651367188e+03, 2.05620068359375e+03, 2.06494970703125e+03, 2.140753173828125e+03, 2.359500244140625e+03, 2.5852900390625e+03, 2.703494140625e+03, 2.724431396484375e+03, 2.784927490234375e+03, 2.7929658203125e+03, 2.835499755859375e+03, 2.908945068359375e+03, 2.94079638671875e+03, 2.96959423828125e+03, 3.01770751953125e+03, 3.05333935546875e+03, 3.07767431640625e+03, 2.092058837890625e+03, 1.865705444335938e+03, 2.043845947265625e+03, 2.25713330078125e+03, 2.226140380859375e+03, 2.20833935546875e+03, 2.210299560546875e+03, 2.334317626953125e+03, 2.4215068359375e+03, 2.421447509765625e+03, 2.396240478515625e+03, 2.390502685546875e+03, 2.38740478515625e+03, 2.40150341796875e+03, 2.34333349609375e+03, 2.338339111328125e+03, 2.32306884765625e+03, 2.326869140625e+03, 2.306486328125e+03, 2.161086669921875e+03, 1.060131469726562e+03, 6.098133544921875e+02, 5.382852783203125e+02, 4.538849182128906e+02, 3.349266357421875e+02, 2.865241394042969e+02, 3.141946105957031e+02, 4.206171875e+02, 1.03887353515625e+03, 1.295525024414062e+03, 1.334205322265625e+03, 1.377015991210938e+03, 1.447288940429688e+03, 1.523952270507812e+03, 1.563939697265625e+03, 1.56805859375e+03, 1.556796264648438e+03, 1.560179443359375e+03, 1.614514282226562e+03, 1.550485717773438e+03, 1.920285034179688e+02, 0e+00, 0e+00, 0e+00, 0e+00, 0e+00, 0e+00, 0e+00, 6.191453857421875e+02, 1.012998474121094e+03, 1.170019897460938e+03, 1.216217407226562e+03, 1.29223291015625e+03, 1.396414184570312e+03]
flo.nor.heaPorAir.Q_flow=[5.2513681640625e+03, 2.82251806640625e+03, 2.86749560546875e+03, 3.056023193359375e+03, 3.18749853515625e+03, 3.277024658203125e+03, 3.98827783203125e+03, 2.0883876953125e+03, 2.394476318359375e+03, 1.734481201171875e+03, 1.120977783203125e+03, 1.172020141601562e+03, 1.163552612304688e+03, 1.22511279296875e+03, 1.452669555664062e+03, 2.6746796875e+03, 4.60286962890625e+03, 3.539611083984375e+03, 3.671009765625e+03, 4.657822265625e+03, 5.2513681640625e+03, 4.744578125e+03, 4.35273291015625e+03, 4.48356884765625e+03, 4.58823583984375e+03, 4.7254677734375e+03, 4.6036787109375e+03, 4.60219091796875e+03, 5.2513681640625e+03, 5.2513681640625e+03, 3.810193359375e+03, 4.20607373046875e+03, 4.6112724609375e+03, 4.48098046875e+03, 5.2513681640625e+03, 4.4711796875e+03, 5.2513681640625e+03, 4.6108837890625e+03, 4.68006640625e+03, 4.67072412109375e+03, 4.72408447265625e+03, 4.8381884765625e+03, 4.86202099609375e+03, 4.89585107421875e+03, 4.975990234375e+03, 5.0242861328125e+03, 5.054025390625e+03, 4.738703125e+03, 4.38292041015625e+03, 4.230603515625e+03, 4.1593779296875e+03, 4.10617578125e+03, 4.05221923828125e+03, 3.977455078125e+03, 4.10775390625e+03, 4.20071142578125e+03, 4.16927099609375e+03, 4.103390625e+03, 4.07163427734375e+03, 4.045941650390625e+03, 4.05499560546875e+03, 3.929652099609375e+03, 3.90484228515625e+03, 3.869147216796875e+03, 3.86005224609375e+03, 3.8138134765625e+03, 3.546763671875e+03, 2.087003173828125e+03, 1.443605224609375e+03, 1.12294775390625e+03, 7.99847900390625e+02, 5.853472290039062e+02, 4.983070678710938e+02, 5.0901318359375e+02, 6.34316650390625e+02, 1.712083251953125e+03, 2.14354052734375e+03, 2.2036767578125e+03, 2.26467236328125e+03, 2.3749990234375e+03, 2.4967177734375e+03, 2.555602294921875e+03, 2.552881103515625e+03, 2.77089892578125e+03, 3.1071396484375e+03, 2.751693359375e+03, 2.551813720703125e+03, 1.015128356933594e+03, 5.2104150390625e+02, 2.196028709411621e+01, 0e+00, 0e+00, 0e+00, 0e+00, 0e+00, 1.114635375976562e+03, 1.773784790039062e+03, 2.017477905273438e+03, 2.07817578125e+03, 2.192784912109375e+03, 2.35157373046875e+03]
flo.wes.heaPorAir.Q_flow=[3.353680419921875e+03, 2.81415771484375e+03, 2.533014892578125e+03, 2.3793740234375e+03, 2.0976171875e+03, 2.09955029296875e+03, 2.05600146484375e+03, 1.237080322265625e+03, 9.31288330078125e+02, 7.730147094726562e+02, 1.141053588867188e+03, 8.265371704101562e+02, 7.13695068359375e+02, 6.824963989257812e+02, 9.777291259765625e+02, 1.715326538085938e+03, 2.106753173828125e+03, 2.233146484375e+03, 2.3466123046875e+03, 2.383839599609375e+03, 2.50792919921875e+03, 2.64866845703125e+03, 2.72171875e+03, 2.8098994140625e+03, 2.890939208984375e+03, 2.949826904296875e+03, 2.886623046875e+03, 2.50745263671875e+03, 2.24790478515625e+03, 2.109685302734375e+03, 2.512044189453125e+03, 2.30865478515625e+03, 1.578844360351562e+03, 1.481876098632812e+03, 2.231405517578125e+03, 2.57576513671875e+03, 2.69693896484375e+03, 2.703165283203125e+03, 2.756287841796875e+03, 2.763807861328125e+03, 2.8026962890625e+03, 2.8754541015625e+03, 2.907593017578125e+03, 2.936928955078125e+03, 2.985532958984375e+03, 3.0218232421875e+03, 3.048587890625e+03, 2.839726318359375e+03, 2.582083984375e+03, 2.920027099609375e+03, 2.492562255859375e+03, 2.48952685546875e+03, 2.016515502929688e+03, 1.833226806640625e+03, 2.183397216796875e+03, 2.788474365234375e+03, 2.38958056640625e+03, 2.355951904296875e+03, 2.34730615234375e+03, 2.742141845703125e+03, 2.952115966796875e+03, 2.593783935546875e+03, 2.807041259765625e+03, 2.85586962890625e+03, 2.295857666015625e+03, 2.626585693359375e+03, 2.43961083984375e+03, 2.0690244140625e+03, 1.552574829101562e+03, 7.121754150390625e+02, 1.0099443359375e+03, 8.171266479492188e+02, 6.244934692382812e+02, 4.094041137695312e+02, 8.3038671875e+02, 1.017037902832031e+03, 1.832719482421875e+03, 1.805110717773438e+03, 1.770013793945312e+03, 1.673357055664062e+03, 2.31327294921875e+03, 2.35426318359375e+03, 1.88387646484375e+03, 1.522182861328125e+03, 1.593516845703125e+03, 1.582748046875e+03, 1.521239013671875e+03, 6.743092041015625e+02, 3.112587890625e+02, 0e+00, 0e+00, 0e+00, 0e+00, 0e+00, 0e+00, 5.828304443359375e+02, 9.779639892578125e+02, 1.1282265625e+03, 1.491051147460938e+03, 1.702601318359375e+03, 1.931692749023438e+03]
flo.cor.heaPorAir.Q_flow=[0e+00, 0e+00, 0e+00, 0e+00, 0e+00, 0e+00, 0e+00, 0e+00, 0e+00, 0e+00, 0e+00, 0e+00, 0e+00, 0e+00, 0e+00, 0e+00, 0e+00, 0e+00, 0e+00, 0e+00, 0e+00, 0e+00, 0e+00, 0e+00, 0e+00, 0e+00, 0e+00, 0e+00, 0e+00, 0e+00, 0e+00, 0e+00, 0e+00, 0e+00, 0e+00, 0e+00, 0e+00, 0e+00, 0e+00, 0e+00, 0e+00, 0e+00, 0e+00, 0e+00, 0e+00, 0e+00, 0e+00, 0e+00, 0e+00, 0e+00, 0e+00, 0e+00, 0e+00, 0e+00, 0e+00, 0e+00, 0e+00, 0e+00, 0e+00, 0e+00, 0e+00, 0e+00, 0e+00, 0e+00, 0e+00, 0e+00, 0e+00, 0e+00, 0e+00, 0e+00, 0e+00, 0e+00, 0e+00, 0e+00, 0e+00, 0e+00, 0e+00, 0e+00, 0e+00, 0e+00, 0e+00, 0e+00, 0e+00, 0e+00, 0e+00, 0e+00, 0e+00, 0e+00, 0e+00, 0e+00, 0e+00, 0e+00, 0e+00, 0e+00, 0e+00, 0e+00, 0e+00, 0e+00, 0e+00, 0e+00, 0e+00]
EHea.y=[0e+00, 4.5232452e+07, 8.8097992e+07, 1.3183296e+08, 1.76934928e+08, 2.22348432e+08, 2.70042528e+08, 3.07292704e+08, 3.2681904e+08, 3.40524096e+08, 3.53315712e+08, 3.70209632e+08, 3.84368768e+08, 3.97683584e+08, 4.1368304e+08, 4.45196672e+08, 4.91077472e+08, 5.40920512e+08, 5.90697856e+08, 6.44132352e+08, 7.02879168e+08, 7.64625344e+08, 8.25626048e+08, 8.87173568e+08, 9.51122048e+08, 1.016321088e+09, 1.080747008e+09, 1.138586112e+09, 1.186845952e+09, 1.229641856e+09, 1.2695136e+09, 1.308732544e+09, 1.348274688e+09, 1.387501952e+09, 1.435342848e+09, 1.493017088e+09, 1.553335296e+09, 1.613137152e+09, 1.673785728e+09, 1.735420032e+09, 1.797518464e+09, 1.861251584e+09, 1.926148224e+09, 1.991870464e+09, 2.058486528e+09, 2.12629504e+09, 2.19481856e+09, 2.257844224e+09, 2.308911872e+09, 2.355186944e+09, 2.400195072e+09, 2.443301376e+09, 2.489633536e+09, 2.535873792e+09, 2.582564352e+09, 2.634654208e+09, 2.688153344e+09, 2.741834496e+09, 2.796118528e+09, 2.853752576e+09, 2.913594624e+09, 2.970169088e+09, 3.029502976e+09, 3.087457536e+09, 3.144985344e+09, 3.202112768e+09, 3.25749632e+09, 3.304453376e+09, 3.332879872e+09, 3.350587136e+09, 3.363018496e+09, 3.374596608e+09, 3.382057216e+09, 3.386880768e+09, 3.395154688e+09, 3.415827712e+09, 3.444226304e+09, 3.474063872e+09, 3.50419328e+09, 3.536052224e+09, 3.570088704e+09, 3.607420416e+09, 3.643548928e+09, 3.678534656e+09, 3.71398144e+09, 3.750534656e+09, 3.786207488e+09, 3.811172096e+09, 3.816364544e+09, 3.818422784e+09, 3.81842432e+09, 3.81842432e+09, 3.81842432e+09, 3.81842432e+09, 3.81842432e+09, 3.825087488e+09, 3.842520576e+09, 3.864022528e+09, 3.888811776e+09, 3.916149504e+09, 3.946355712e+09]
ECoo.y=[0e+00, -1.782846875e+06, -1.782846875e+06, -1.782846875e+06, -1.782846875e+06, -1.782846875e+06, -1.782846875e+06, -1.782846875e+06, -1.782846875e+06, -1.782846875e+06, -1.782846875e+06, -1.782846875e+06, -1.782846875e+06, -1.782846875e+06, -1.782846875e+06, -1.782846875e+06, -1.782846875e+06, -1.782846875e+06, -1.782846875e+06, -1.782846875e+06, -1.782846875e+06, -1.782846875e+06, -1.782846875e+06, -1.782846875e+06, -1.782846875e+06, -1.782846875e+06, -1.782846875e+06, -1.782846875e+06, -1.782846875e+06, -1.782846875e+06, -1.782846875e+06, -1.782846875e+06, -1.782846875e+06, -1.782846875e+06, -1.782846875e+06, -1.782846875e+06, -1.782846875e+06, -1.782846875e+06, -1.782846875e+06, -1.782846875e+06, -1.782846875e+06, -1.782846875e+06, -1.782846875e+06, -1.782846875e+06, -1.782846875e+06, -1.782846875e+06, -1.782846875e+06, -1.782846875e+06, -1.782846875e+06, -1.782846875e+06, -1.782846875e+06, -1.782846875e+06, -1.782846875e+06, -1.782846875e+06, -1.782846875e+06, -1.782846875e+06, -1.782846875e+06, -1.782846875e+06, -1.782846875e+06, -1.782846875e+06, -1.782846875e+06, -1.782846875e+06, -1.782846875e+06, -1.782846875e+06, -1.782846875e+06, -1.782846875e+06, -1.782846875e+06, -1.782846875e+06, -1.782846875e+06, -1.782846875e+06, -1.782846875e+06, -1.782846875e+06, -1.782846875e+06, -1.782846875e+06, -1.782846875e+06, -1.782846875e+06, -1.782846875e+06, -1.782846875e+06, -1.782846875e+06, -1.782846875e+06, -1.782846875e+06, -1.782846875e+06, -1.782846875e+06, -1.782846875e+06, -1.782846875e+06, -1.782846875e+06, -1.782846875e+06, -1.782846875e+06, -1.782846875e+06, -1.782846875e+06, -1.782846875e+06, -1.782846875e+06, -1.782846875e+06, -1.782846875e+06, -1.782846875e+06, -1.782846875e+06, -1.782846875e+06, -1.782846875e+06, -1.782846875e+06, -1.782846875e+06, -1.782846875e+06]
coo[1].conPID.y=[0e+00, 0e+00, 0e+00, 0e+00, 0e+00, 0e+00, 0e+00, 0e+00, 0e+00, 0e+00, 0e+00, 0e+00, 0e+00, 0e+00, 0e+00, 0e+00, 0e+00, 0e+00, 0e+00, 0e+00, 0e+00, 0e+00, 0e+00, 0e+00, 0e+00, 0e+00, 0e+00, 0e+00, 0e+00, 0e+00, 0e+00, 0e+00, 0e+00, 0e+00, 0e+00, 0e+00, 0e+00, 0e+00, 0e+00, 0e+00, 0e+00, 0e+00, 0e+00, 0e+00, 0e+00, 0e+00, 0e+00, 0e+00, 0e+00, 0e+00, 0e+00, 0e+00, 0e+00, 0e+00, 0e+00, 0e+00, 0e+00, 0e+00, 0e+00, 0e+00, 0e+00, 0e+00, 0e+00, 0e+00, 0e+00, 0e+00, 0e+00, 0e+00, 0e+00, 0e+00, 0e+00, 0e+00, 0e+00, 0e+00, 0e+00, 0e+00, 0e+00, 0e+00, 0e+00, 0e+00, 0e+00, 0e+00, 0e+00, 0e+00, 0e+00, 0e+00, 0e+00, 0e+00, 0e+00, 0e+00, 0e+00, 0e+00, 0e+00, 0e+00, 0e+00, 0e+00, 0e+00, 0e+00, 0e+00, 0e+00, 0e+00]
coo[2].conPID.y=[0e+00, 0e+00, 0e+00, 0e+00, 0e+00, 0e+00, 0e+00, 0e+00, 0e+00, 0e+00, 0e+00, 0e+00, 0e+00, 0e+00, 0e+00, 0e+00, 0e+00, 0e+00, 0e+00, 0e+00, 0e+00, 0e+00, 0e+00, 0e+00, 0e+00, 0e+00, 0e+00, 0e+00, 0e+00, 0e+00, 0e+00, 0e+00, 0e+00, 0e+00, 0e+00, 0e+00, 0e+00, 0e+00, 0e+00, 0e+00, 0e+00, 0e+00, 0e+00, 0e+00, 0e+00, 0e+00, 0e+00, 0e+00, 0e+00, 0e+00, 0e+00, 0e+00, 0e+00, 0e+00, 0e+00, 0e+00, 0e+00, 0e+00, 0e+00, 0e+00, 0e+00, 0e+00, 0e+00, 0e+00, 0e+00, 0e+00, 0e+00, 0e+00, 0e+00, 0e+00, 0e+00, 0e+00, 0e+00, 0e+00, 0e+00, 0e+00, 0e+00, 0e+00, 0e+00, 0e+00, 0e+00, 0e+00, 0e+00, 0e+00, 0e+00, 0e+00, 0e+00, 0e+00, 0e+00, 0e+00, 0e+00, 0e+00, 0e+00, 0e+00, 0e+00, 0e+00, 0e+00, 0e+00, 0e+00, 0e+00, 0e+00]
coo[3].conPID.y=[0e+00, 0e+00, 0e+00, 0e+00, 0e+00, 0e+00, 0e+00, 0e+00, 0e+00, 0e+00, 0e+00, 0e+00, 0e+00, 0e+00, 0e+00, 0e+00, 0e+00, 0e+00, 0e+00, 0e+00, 0e+00, 0e+00, 0e+00, 0e+00, 0e+00, 0e+00, 0e+00, 0e+00, 0e+00, 0e+00, 0e+00, 0e+00, 0e+00, 0e+00, 0e+00, 0e+00, 0e+00, 0e+00, 0e+00, 0e+00, 0e+00, 0e+00, 0e+00, 0e+00, 0e+00, 0e+00, 0e+00, 0e+00, 0e+00, 0e+00, 0e+00, 0e+00, 0e+00, 0e+00, 0e+00, 0e+00, 0e+00, 0e+00, 0e+00, 0e+00, 0e+00, 0e+00, 0e+00, 0e+00, 0e+00, 0e+00, 0e+00, 0e+00, 0e+00, 0e+00, 0e+00, 0e+00, 0e+00, 0e+00, 0e+00, 0e+00, 0e+00, 0e+00, 0e+00, 0e+00, 0e+00, 0e+00, 0e+00, 0e+00, 0e+00, 0e+00, 0e+00, 0e+00, 0e+00, 0e+00, 0e+00, 0e+00, 0e+00, 0e+00, 0e+00, 0e+00, 0e+00, 0e+00, 0e+00, 0e+00, 0e+00]
coo[4].conPID.y=[0e+00, 0e+00, 0e+00, 0e+00, 0e+00, 0e+00, 0e+00, 0e+00, 0e+00, 0e+00, 0e+00, 0e+00, 0e+00, 0e+00, 0e+00, 0e+00, 0e+00, 0e+00, 0e+00, 0e+00, 0e+00, 0e+00, 0e+00, 0e+00, 0e+00, 0e+00, 0e+00, 0e+00, 0e+00, 0e+00, 0e+00, 0e+00, 0e+00, 0e+00, 0e+00, 0e+00, 0e+00, 0e+00, 0e+00, 0e+00, 0e+00, 0e+00, 0e+00, 0e+00, 0e+00, 0e+00, 0e+00, 0e+00, 0e+00, 0e+00, 0e+00, 0e+00, 0e+00, 0e+00, 0e+00, 0e+00, 0e+00, 0e+00, 0e+00, 0e+00, 0e+00, 0e+00, 0e+00, 0e+00, 0e+00, 0e+00, 0e+00, 0e+00, 0e+00, 0e+00, 0e+00, 0e+00, 0e+00, 0e+00, 0e+00, 0e+00, 0e+00, 0e+00, 0e+00, 0e+00, 0e+00, 0e+00, 0e+00, 0e+00, 0e+00, 0e+00, 0e+00, 0e+00, 0e+00, 0e+00, 0e+00, 0e+00, 0e+00, 0e+00, 0e+00, 0e+00, 0e+00, 0e+00, 0e+00, 0e+00, 0e+00]
coo[5].conPID.y=[1e+00, 1e+00, 1e+00, 1e+00, 1e+00, 1e+00, 1e+00, 1e+00, 1e+00, 1e+00, 1e+00, 1e+00, 1e+00, 1e+00, 1e+00, 1e+00, 1e+00, 1e+00, 1e+00, 1e+00, 1e+00, 1e+00, 1e+00, 1e+00, 1e+00, 1e+00, 1e+00, 1e+00, 1e+00, 1e+00, 1e+00, 1e+00, 1e+00, 1e+00, 1e+00, 1e+00, 1e+00, 1e+00, 1e+00, 1e+00, 1e+00, 1e+00, 1e+00, 1e+00, 1e+00, 1e+00, 1e+00, 1e+00, 1e+00, 1e+00, 1e+00, 1e+00, 1e+00, 1e+00, 1e+00, 1e+00, 1e+00, 1e+00, 1e+00, 1e+00, 1e+00, 1e+00, 1e+00, 1e+00, 1e+00, 1e+00, 1e+00, 1e+00, 1e+00, 1e+00, 1e+00, 1e+00, 1e+00, 1e+00, 1e+00, 1e+00, 1e+00, 1e+00, 1e+00, 1e+00, 1e+00, 1e+00, 1e+00, 1e+00, 1e+00, 1e+00, 1e+00, 1e+00, 1e+00, 1e+00, 1e+00, 1e+00, 1e+00, 1e+00, 1e+00, 1e+00, 1e+00, 1e+00, 1e+00, 1e+00, 1e+00]
