last-generated=2015-02-06
vol.T=[293.14999389648437500000, 294.74960324842186309979, 296.22274776026551990071, 297.57818587890511707883, 298.82504265278663524441, 299.97143554687500000000, 301.02511572396230121740, 301.99420177005936238857, 302.88562001445120586141, 303.70596332070232392653, 304.46069335937500000000, 305.15512068950175716964, 305.79415864094482913060, 306.38208034478753916119, 306.92309582579775906197, 307.42095947265625000000, 307.87902821470186154329, 308.30059795011862888714, 308.68853777358799561625, 309.04556282508571030121, 309.37411499023437500000, 309.67630032284097296724, 309.95425402218813815125, 310.21002208863512805692, 310.44525124801998572366, 310.66165161132812500000, 310.86074847160506351429, 311.04385367536445983205, 311.21237190256948679234, 311.36737046256882877060, 311.50997924804687500000, 311.64120495287363610259, 311.76190179980761740808, 311.87295537261530853357, 311.97512807967711978563, 312.06912231445312500000, 312.15557869171612992432, 312.23510738520411678110, 312.30822757224092356410, 312.37548821925878428374, 312.43728637695312500000, 312.49414067651383675184, 312.54638681333756267122, 312.59442129824304856811, 312.63867183425458051715, 312.67947387695312500000, 312.71691897921851932551, 312.75134283601079232540, 312.78305047861061893855, 312.81228635003208182752, 312.83926391601562500000, 312.86401369443046860397, 312.88684086163999609198, 312.90783687535434864913, 312.92718504084041342139, 312.94500732421875000000, 312.96139527866034768522, 312.97650149220135062933, 312.99035641999216750264, 313.00314329875982366502, 313.01489257812500000000, 313.02566529295290820301, 313.03558351384708657861, 313.04470823507290333509, 313.05310057822498492897, 313.06082153320312500000, 313.06790161773096770048, 313.07440186740132048726, 313.08041380729991942644, 313.08596801248495467007, 313.09106445312500000000, 313.09576416437630541623, 313.10006714652990922332, 313.10406493413029238582, 313.10772704743430949748, 313.11111450195312500000, 313.11425781526486389339, 313.11712646979140117764, 313.11975097161484882236, 313.12219238048419356346, 313.12442016601562500000, 313.12646483618317461151, 313.12835693679511450682, 313.13006591476738549318, 313.13165283785190240451, 313.13311767578125000000, 313.13446044398017420463, 313.13568115467199959312, 313.13684081798425040688, 313.13784790446504757710, 313.13879394531250000000, 313.13964843458967379775, 313.14044189598638467942, 313.14114379766397178173, 313.14178467029699959312, 313.14233398437500000000, 313.14282226387882701601, 313.14324951259186491370, 313.14364623965229839087, 313.14404297049617298399, 313.14443969726562500000]
time=[0.00000000000000000000, 10.00000000000000000000]
