last-generated=2015-02-06
vol.T=[293.14999389648437500000, 296.32653808593750000000, 299.00045776367187500000, 301.24841308593750000000, 303.13702392578125000000, 304.72549438476562500000, 306.06216430664062500000, 307.18707275390625000000, 308.13372802734375000000, 308.93060302734375000000, 309.60128784179687500000, 310.16522216796875000000, 310.63952636718750000000, 311.03854370117187500000, 311.37405395507812500000, 311.65618896484375000000, 311.89361572265625000000, 312.09317016601562500000, 312.26098632812500000000, 312.40206909179687500000, 312.52062988281250000000, 312.62014770507812500000, 312.70349121093750000000, 312.77340698242187500000, 312.83233642578125000000, 312.88256835937500000000, 309.74774169921875000000, 307.10916137695312500000, 304.89236450195312500000, 303.02960205078125000000, 301.46243286132812500000, 300.14355468750000000000, 299.03356933593750000000, 298.09957885742187500000, 297.31332397460937500000, 296.65139770507812500000, 296.09487915039062500000, 295.62670898437500000000, 295.23312377929687500000, 294.90219116210937500000, 294.62380981445312500000, 294.38961791992187500000, 294.19268798828125000000, 294.02697753906250000000, 293.88769531250000000000, 293.77066040039062500000, 293.67242431640625000000, 293.59005737304687500000, 293.52078247070312500000, 293.46231079101562500000, 293.41326904296875000000, 296.54797363281250000000, 299.18676757812500000000, 301.40518188476562500000, 303.26895141601562500000, 304.83645629882812500000, 306.15548706054687500000, 307.26559448242187500000, 308.19976806640625000000, 308.98614501953125000000, 309.64797973632812500000, 310.20449829101562500000, 310.67263793945312500000, 311.06640625000000000000, 311.39746093750000000000, 311.67590332031250000000, 311.91021728515625000000, 312.10714721679687500000, 312.27276611328125000000, 312.41198730468750000000, 312.52902221679687500000, 312.62722778320312500000, 312.70953369140625000000, 312.77847290039062500000, 312.83654785156250000000, 312.88598632812500000000, 309.75057983398437500000, 307.11157226562500000000, 304.89440917968750000000, 303.03131103515625000000, 301.46386718750000000000, 300.14474487304687500000, 299.03460693359375000000, 298.10043334960937500000, 297.31402587890625000000, 296.65200805664062500000, 296.09539794921875000000, 295.62713623046875000000, 295.23348999023437500000, 294.90249633789062500000, 294.62405395507812500000, 294.38983154296875000000, 294.19284057617187500000, 294.02713012695312500000, 293.88781738281250000000, 293.77078247070312500000, 293.67251586914062500000, 293.59011840820312500000, 293.52084350585937500000, 293.46228027343750000000, 293.41265869140625000000]
time=[0.00000000000000000000, 7200.00000000000000000000]
expVes.port_a.p=[300000.00000000000000000000, 300000.00000000000000000000]
