last-generated=2014-02-15
RCondGro=[0.22463349997997283936, 0.22463349997997283936]
x=[0.49209949374198913574, 0.49209949374198913574]
Rgb=[0.20053403079509735107, 0.20053403079509735107]
Rgg=[0.04577530175447463989, 0.04577530175447463989]
time=[0.00000000000000000000, 1.00000000000000000000]
