last-generated=2013-10-03
radTem.TRad=[292.16836547851562500000, 292.16836547851562500000]
time=[0.00000000000000000000, 1.00000000000000000000]
