simulateModel("Buildings.Fluid.Dehumidifiers.Desiccant.Examples.SpaceCooling", startTime=15552000, tolerance=1e-6, stopTime=15638400, method="CVode", resultFile="SpaceCooling");
createPlot(id=1, position={104, 75, 751, 680}, y={"conDeh.y"}, range={15550000.0, 15640000.0, -0.2, 1.2000000000000002}, grid=true, subPlot=101, colors={{28,108,200}}, timeUnit="s");
createPlot(id=1, position={104, 75, 751, 680}, y={"senRelHum.phi"}, range={15550000.0, 15640000.0, -0.2, 0.6000000000000001}, grid=true, subPlot=103, colors={{28,108,200}}, timeUnit="s", displayUnits={"kg/s"});
createPlot(id=1, position={104, 75, 751, 680}, y={"senX_w_DehIn.X", "senX_w_DehOut.X"}, range={15550000.0, 15640000.0, 0.007, 0.015}, grid=true, subPlot=102,colors={{28,108,200}, {238,46,47}}, timeUnit="s", displayUnits={"kg/kg", "kg/kg"});
