within Buildings.Fluid.HeatPumps.Data.ScrollWaterToWater.Heating;
record ScrollWaterToWater_Daikin_WRA048_16kW_4_60COP_R410A =
  Buildings.Fluid.HeatPumps.Data.ScrollWaterToWater.Generic (
    volRat = 1.98348644579,
    V_flow_nominal = 0.00165211643646,
    leaCoe = 0.00243670163031,
    etaEle = 0.788717592763,
    PLos = 698.088177298,
    dTSup = 2.36774358188,
    UACon = 2860.44257631,
    UAEva = 17688.743889);