within Buildings.Fluid.HeatPumps.Data.ScrollWaterToWater.Heating;
record ScrollWaterToWater_Daikin_WRA180_63kW_4_50COP_R410A =
  Buildings.Fluid.HeatPumps.Data.ScrollWaterToWater.Generic (
    volRat = 2.30432645986,
    V_flow_nominal = 0.00662937402096,
    leaCoe = 0.00343795515151,
    etaEle = 0.729446304085,
    PLos = 3011.66469058,
    dTSup = 3.87781714901,
    UACon = 12059.6570404,
    UAEva = 50138.1937097);