within Buildings.Fluid.HeatPumps.Data.ScrollWaterToWater.Heating;
record ScrollWaterToWater_Daikin_WRA240_79kW_4_40COP_R410A =
  Buildings.Fluid.HeatPumps.Data.ScrollWaterToWater.Generic (
    volRat = 2.17592614803,
    V_flow_nominal = 0.00811498735365,
    leaCoe = 0.00696533622473,
    etaEle = 0.727102167216,
    PLos = 4022.02313793,
    dTSup = 0.0,
    UACon = 12655.4214006,
    UAEva = 148564.491372);