within Buildings.Fluid.HeatPumps.Data.ScrollWaterToWater.Heating;
record ScrollWaterToWater_Daikin_WRA360_116kW_4_60COP_R410A =
  Buildings.Fluid.HeatPumps.Data.ScrollWaterToWater.Generic (
    volRat = 2.36449388466,
    V_flow_nominal = 0.0129595346171,
    leaCoe = 0.0105916017418,
    etaEle = 0.735683957585,
    PLos = 4730.41073563,
    dTSup = 10.0,
    UACon = 26063.9986804,
    UAEva = 466605.177068);