within Buildings.Fluid.HeatPumps.Data.ScrollWaterToWater.Heating;
record ScrollWaterToWater_Daikin_WRA036_13kW_4_50COP_R410A =
  Buildings.Fluid.HeatPumps.Data.ScrollWaterToWater.Generic (
    volRat = 2.18358037333,
    V_flow_nominal = 0.001374042715,
    leaCoe = 0.00205885103723,
    etaEle = 0.755256327185,
    PLos = 454.88855973,
    dTSup = 10.0,
    UACon = 2682.38074472,
    UAEva = 15780.2960827);