within Buildings.Fluid.HeatPumps.Data.ScrollWaterToWater.Heating;
record ScrollWaterToWater_Carrier_50PSW420_140kW_4_40COP_R410A =
  Buildings.Fluid.HeatPumps.Data.ScrollWaterToWater.Generic (
    volRat = 2.23704142572,
    V_flow_nominal = 0.0192541743637,
    leaCoe = 0.0155999770807,
    etaEle = 1.0,
    PLos = 5213.64196098,
    dTSup = 0.0,
    UACon = 22857.0332511,
    UAEva = 20422.1313841);