within Buildings.Fluid.HeatPumps.Data.ScrollWaterToWater.Heating;
record ScrollWaterToWater_Daikin_WRA150_49kW_4_70COP_R410A =
  Buildings.Fluid.HeatPumps.Data.ScrollWaterToWater.Generic (
    volRat = 2.11864091012,
    V_flow_nominal = 0.00458187590723,
    leaCoe = 0.0051622512995,
    etaEle = 0.728570232411,
    PLos = 1974.02854301,
    dTSup = 5.81935645221e-16,
    UACon = 10135.5105971,
    UAEva = 93141.1659138);