within Buildings.Fluid.HeatPumps.Data.ScrollWaterToWater.Heating;
record ScrollWaterToWater_Daikin_WRA060_19kW_4_50COP_R410A =
  Buildings.Fluid.HeatPumps.Data.ScrollWaterToWater.Generic (
    volRat = 2.02037553099,
    V_flow_nominal = 0.00203931473732,
    leaCoe = 0.00264573669025,
    etaEle = 0.819169549621,
    PLos = 834.695427727,
    dTSup = 10.0,
    UACon = 3125.5085539,
    UAEva = 33171.8001495);