within Buildings.Fluid.HeatPumps.Data.ScrollWaterToWater.Heating;
record ScrollWaterToWater_Daikin_WRA120_37kW_4_40COP_R410A =
  Buildings.Fluid.HeatPumps.Data.ScrollWaterToWater.Generic (
    volRat = 2.03662365096,
    V_flow_nominal = 0.00402163945373,
    leaCoe = 0.00568133095128,
    etaEle = 0.802185040279,
    PLos = 1669.72414504,
    dTSup = 10.0,
    UACon = 6395.36493022,
    UAEva = 43952.8437636);