within Buildings.Fluid.HeatPumps.Data.ScrollWaterToWater.Heating;
record ScrollWaterToWater_Carrier_50PSW210_70kW_4_40COP_R410A =
  Buildings.Fluid.HeatPumps.Data.ScrollWaterToWater.Generic (
    volRat = 2.33047361515,
    V_flow_nominal = 0.00900439920039,
    leaCoe = 0.00523470553757,
    etaEle = 0.900953753127,
    PLos = 2607.88145171,
    dTSup = 3.71111080173,
    UACon = 15158.0907455,
    UAEva = 14077.4093904);