within Buildings.Fluid.HeatPumps.Data.ScrollWaterToWater.Heating;
record ScrollWaterToWater_ClimateMaster_TMW170_48kW_4_30COP_R410A =
  Buildings.Fluid.HeatPumps.Data.ScrollWaterToWater.Generic (
    volRat = 2.15451792632,
    V_flow_nominal = 0.00597194461346,
    leaCoe = 1e-05,
    etaEle = 1.0,
    PLos = 3205.00238797,
    dTSup = 5.65205786927,
    UACon = 7179.1495198,
    UAEva = 6875.0427753);