within Buildings.Fluid.HeatPumps.Data.ScrollWaterToWater.Heating;
record ScrollWaterToWater_ClimateMaster_TMW060_21kW_4_60COP_R410A =
  Buildings.Fluid.HeatPumps.Data.ScrollWaterToWater.Generic (
    volRat = 2.32694088905,
    V_flow_nominal = 0.00346873964002,
    leaCoe = 1e-05,
    etaEle = 1.0,
    PLos = 433.852461643,
    dTSup = 9.13918283275e-15,
    UACon = 152428.33361,
    UAEva = 969.973231638);