within Buildings.Fluid.HeatPumps.Data.ScrollWaterToWater.Heating;
record ScrollWaterToWater_Daikin_WRA072_24kW_4_30COP_R410A =
  Buildings.Fluid.HeatPumps.Data.ScrollWaterToWater.Generic (
    volRat = 1.9748336311,
    V_flow_nominal = 0.00251234952858,
    leaCoe = 0.00317366416444,
    etaEle = 0.850140840475,
    PLos = 1297.47625865,
    dTSup = 2.02517998083e-15,
    UACon = 3163.0025921,
    UAEva = 37625.2508974);