within Buildings.Fluid.HeatPumps.Data.ScrollWaterToWater.Heating;
record ScrollWaterToWater_Carrier_50PSW180_52kW_4_50COP_R410A =
  Buildings.Fluid.HeatPumps.Data.ScrollWaterToWater.Generic (
    volRat = 2.18874426517,
    V_flow_nominal = 0.00709729947676,
    leaCoe = 0.00162397965582,
    etaEle = 0.950579134431,
    PLos = 1791.18806998,
    dTSup = 4.85051211361,
    UACon = 8791.20470229,
    UAEva = 7564.17388362);