within Buildings.Fluid.HeatPumps.Data.ScrollWaterToWater.Heating;
record ScrollWaterToWater_Trane_EXW120_40kW_3_90COP_R410A =
  Buildings.Fluid.HeatPumps.Data.ScrollWaterToWater.Generic (
    volRat = 1.77736441217,
    V_flow_nominal = 0.00570006801998,
    leaCoe = 0.00499339910599,
    etaEle = 1.0,
    PLos = 2165.11914097,
    dTSup = 10.0,
    UACon = 4267.78224301,
    UAEva = 26777.2715289);