within Buildings.Fluid.HeatPumps.Data.ScrollWaterToWater.Heating;
record ScrollWaterToWater_Daikin_WRA420_137kW_4_50COP_R410A =
  Buildings.Fluid.HeatPumps.Data.ScrollWaterToWater.Generic (
    volRat = 2.25840719397,
    V_flow_nominal = 0.0146563358427,
    leaCoe = 0.0100398925999,
    etaEle = 0.746840970389,
    PLos = 6540.23425815,
    dTSup = 4.5626339469,
    UACon = 22213.9508958,
    UAEva = 132727.873561);