within Buildings.Fluid.HeatPumps.Data.ScrollWaterToWater.Heating;
record ScrollWaterToWater_Daikin_WRA120_37kW_4_40COP_R410A =
  Buildings.Fluid.HeatPumps.Data.ScrollWaterToWater.Generic (
    volRat = 2.04098537639,
    V_flow_nominal = 0.00401217146355,
    leaCoe = 0.00564787159403,
    etaEle = 0.798203319547,
    PLos = 1668.96349062,
    dTSup = 10.0,
    UACon = 6575.78074257,
    UAEva = 61756.4322478);