within Buildings.Fluid.HeatPumps.Data.ScrollWaterToWater.Heating;
record ScrollWaterToWater_ClimateMaster_TMW340_98kW_4_40COP_R410A =
  Buildings.Fluid.HeatPumps.Data.ScrollWaterToWater.Generic (
    volRat = 2.15050271997,
    V_flow_nominal = 0.0119026886108,
    leaCoe = 1e-05,
    etaEle = 1.0,
    PLos = 6394.56574559,
    dTSup = 5.00375095045,
    UACon = 14215.3340628,
    UAEva = 13972.3697981);