within Buildings.Fluid.HeatPumps.Data.ScrollWaterToWater.Heating;
record ScrollWaterToWater_Daikin_WRA420_137kW_4_50COP_R410A =
  Buildings.Fluid.HeatPumps.Data.ScrollWaterToWater.Generic (
    volRat = 2.31768014295,
    V_flow_nominal = 0.0151967313394,
    leaCoe = 0.0108643581925,
    etaEle = 0.749270140609,
    PLos = 6263.77526408,
    dTSup = 10.0,
    UACon = 24801.5921552,
    UAEva = 297902.470363);