within Buildings.Fluid.HeatPumps.Data.ScrollWaterToWater.Heating;
record ScrollWaterToWater_Trane_EXW060_21kW_4_30COP_R410A =
  Buildings.Fluid.HeatPumps.Data.ScrollWaterToWater.Generic (
    volRat = 1.86801689107,
    V_flow_nominal = 0.00299888565029,
    leaCoe = 0.00425350021096,
    etaEle = 0.952039726044,
    PLos = 728.598139977,
    dTSup = 1.2962154108e-15,
    UACon = 2976.54939779,
    UAEva = 4720.03434719);