within Buildings.Fluid.HeatPumps.Data.ScrollWaterToWater.Heating;
record ScrollWaterToWater_Carrier_50PSW210_70kW_4_40COP_R410A =
  Buildings.Fluid.HeatPumps.Data.ScrollWaterToWater.Generic (
    volRat = 2.28439860422,
    V_flow_nominal = 0.00864092882056,
    leaCoe = 0.00423622888067,
    etaEle = 0.883599976056,
    PLos = 2744.55441047,
    dTSup = 7.01376392106e-16,
    UACon = 14926.2266407,
    UAEva = 14718.9494319);