within Buildings.Fluid.HeatPumps.Data.ScrollWaterToWater.Heating;
record ScrollWaterToWater_Daikin_WRA300_93kW_4_60COP_R410A =
  Buildings.Fluid.HeatPumps.Data.ScrollWaterToWater.Generic (
    volRat = 2.1467819923,
    V_flow_nominal = 0.0094559844444,
    leaCoe = 0.00979129533124,
    etaEle = 0.734020443666,
    PLos = 5106.51157694,
    dTSup = 0.0,
    UACon = 16946.9004554,
    UAEva = 275868.275767);