within Buildings.Fluid.HeatPumps.Data.ScrollWaterToWater.Heating;
record ScrollWaterToWater_Daikin_WRA036_13kW_4_50COP_R410A =
  Buildings.Fluid.HeatPumps.Data.ScrollWaterToWater.Generic (
    volRat = 2.18937967922,
    V_flow_nominal = 0.00136995091062,
    leaCoe = 0.00204441726371,
    etaEle = 0.75022416333,
    PLos = 454.268261392,
    dTSup = 10.0,
    UACon = 2854.56883514,
    UAEva = 14984.5402787);