within Buildings.Fluid.HeatPumps.Data.ScrollWaterToWater.Heating;
record ScrollWaterToWater_Trane_EXW240_76kW_4_10COP_R410A =
  Buildings.Fluid.HeatPumps.Data.ScrollWaterToWater.Generic (
    volRat = 2.18073591324,
    V_flow_nominal = 0.00961914459917,
    leaCoe = 0.00944823311532,
    etaEle = 0.783866603554,
    PLos = 2941.14256325,
    dTSup = 4.26021505712,
    UACon = 15386.1700162,
    UAEva = 37522.6103396);