within Buildings.Fluid.HeatPumps.Data.ScrollWaterToWater.Heating;
record ScrollWaterToWater_Carrier_50PSW360_105kW_4_50COP_R410A =
  Buildings.Fluid.HeatPumps.Data.ScrollWaterToWater.Generic (
    volRat = 2.17370675427,
    V_flow_nominal = 0.0148036410472,
    leaCoe = 0.00549139061213,
    etaEle = 0.998567329622,
    PLos = 3512.41916675,
    dTSup = 4.60457566968,
    UACon = 16457.6708907,
    UAEva = 13321.7919779);