within Buildings.Fluid.HeatPumps.Data.ScrollWaterToWater.Heating;
record ScrollWaterToWater_Carrier_50PSW240_93kW_4_40COP_R410A =
  Buildings.Fluid.HeatPumps.Data.ScrollWaterToWater.Generic (
    volRat = 2.10058111888,
    V_flow_nominal = 0.0133270756792,
    leaCoe = 0.01176270116,
    etaEle = 1.0,
    PLos = 3379.54610829,
    dTSup = 3.62025033214,
    UACon = 16283.1878708,
    UAEva = 11864.1218814);