within Buildings.Fluid.HeatPumps.Data.ScrollWaterToWater.Heating;
record ScrollWaterToWater_Daikin_WRA072_24kW_4_30COP_R410A =
  Buildings.Fluid.HeatPumps.Data.ScrollWaterToWater.Generic (
    volRat = 1.97046126937,
    V_flow_nominal = 0.00251615132207,
    leaCoe = 0.00317911390448,
    etaEle = 0.854244522432,
    PLos = 1299.86121735,
    dTSup = 0.0,
    UACon = 3112.7917639,
    UAEva = 29257.8652993);