within Buildings.Fluid.HeatPumps.Data.ScrollWaterToWater.Heating;
record ScrollWaterToWater_Carrier_50PSW122_38kW_4_29COP_R410A =
  Buildings.Fluid.HeatPumps.Data.ScrollWaterToWater.Generic (
    volRat = 1.81464775671,
    V_flow_nominal = 0.00670183742369,
    leaCoe = 0.007640516683,
    etaEle = 1.0,
    PLos = 1882.61612677,
    dTSup = 0.0,
    UACon = 9019.97493078,
    UAEva = 7132.86336948);