within Buildings.Fluid.HeatPumps.Data.ScrollWaterToWater.Heating;
record ScrollWaterToWater_ClimateMaster_TMW120_42kW_4_50COP_R410A =
  Buildings.Fluid.HeatPumps.Data.ScrollWaterToWater.Generic (
    volRat = 2.04977729117,
    V_flow_nominal = 0.0048396623402,
    leaCoe = 1e-05,
    etaEle = 0.788832450142,
    PLos = 1691.02571142,
    dTSup = 10.0,
    UACon = 8327.76316593,
    UAEva = 94415.7022038);