within Buildings.Fluid.HeatPumps.Data.ScrollWaterToWater.Heating;
record ScrollWaterToWater_Daikin_WRA048_16kW_4_60COP_R410A =
  Buildings.Fluid.HeatPumps.Data.ScrollWaterToWater.Generic (
    volRat = 2.05112249408,
    V_flow_nominal = 0.00175005522335,
    leaCoe = 0.00259039321246,
    etaEle = 0.803088476643,
    PLos = 662.717007064,
    dTSup = 10.0,
    UACon = 3186.39441744,
    UAEva = 46526.2525747);