last-generated=2015-05-08
statistics-simulation={'numerical Jacobians': '0', 'nonlinear': ' ', 'linear': ' '}
V_flow=[-2., -1.97989892914392218159, -1.95959174541680547499, -1.9390718923073257951, -1.91833257488541542024, -1.89736664452093228839, -1.87616634082645505899, -1.85472369258230185274, -1.833030219939808525, -1.81107700659977233215, -1.78885436390826457753, -1.76635217531473909247, -1.74355959276111072143, -1.72046505294755402993, -1.69705629489047704617, -1.67332006923581344537, -1.64924227322717675825, -1.62480771981136307147, -1.60000004169548692978, -1.57480155815100686389, -1.5491933899452008383, -1.52315459910803907562, -1.49666297116585345073, -1.46969391048918218701, -1.44222055374983604281, -1.41421353816986083984, -1.38562008952243242987, -1.35627618638185443167, -1.32593465218643968839, -1.29430100585865481833, -1.26105312582658135589, -1.22585917378706854564, -1.18839320733562159305, -1.14834826619644014833, -1.10544695047274998956, -1.05945178989212362985, -1.01017196268710551799, -0.95746799902790258319, -0.90125748713961628678, -0.84151604864664775185, -0.77827910460035099049, -0.71164063145494804719, -0.64175274500154588786, -0.56882261568693259779, -0.49310804551733333767, -0.41491433437847313748, -0.33458832712495251149, -0.25251184905201889963, -0.16909661814442766836, -0.08477658648507006844, 0., 0.08477658648386821039, 0.16909686822213404467, 0.25251209548418174222, 0.33458808470976719729, 0.41491433437988628485, 0.49310804551705927912, 0.56882261568614256309, 0.64175295781698415976, 0.71164083424084856322, 0.77827891040569496806, 0.84151604864796614169, 0.90125748714003084405, 0.95746799902751822398, 1.01017196268602638121, 1.05945193119472569343, 1.10544681741086092686, 1.14834814261907003363, 1.18839320733603726055, 1.22585917378719644333, 1.26105312582597761661, 1.29430110216929428191, 1.32593455963322326419, 1.35627609749263799976, 1.38562008952284476671, 1.41421353816986083984, 1.44222059505569522031, 1.46969395096883603813, 1.49666305068395066868, 1.52315455990920511908, 1.54919335143254577325, 1.57480155815091671379, 1.6000000416952206983, 1.62480775643915542616, 1.64924234542681835691, 1.67331999793384489372, 1.69705625972312956762, 1.72046505294771945316, 1.74355960984756541698, 1.76635220901871248245, 1.7888544138247735038, 1.81107694071711589068, 1.83303018738512601971, 1.85472367649692282399, 1.87616634876628429751, 1.89736666805501519306, 1.91833262144480087841, 1.93907183461280929748, 1.95959170735679921727, 1.97989891030987008591, 2.]
time=[0., 1.]
