last-generated=2015-05-08
statistics-simulation={'numerical Jacobians': '0', 'nonlinear': ' ', 'linear': ' '}
RCondGro=[0.22573989629745483398, 0.22573989629745483398]
x=[0.49209949374198913574, 0.49209949374198913574]
Rgb=[0.20167595148086547852, 0.20167595148086547852]
Rgg=[0.04301920905709266663, 0.04301920905709266663]
time=[0., 1.]
