last-generated=2015-05-08
statistics-simulation={'numerical Jacobians': '0', 'nonlinear': ' ', 'linear': ' '}
smoothExponential.y=[0.36787945032119750977, 0.3753111066115173422, 0.38289287720649850533, 0.39062783174554638332, 0.39851903986952030845, 0.40657290755723318743, 0.41478291265384586994, 0.42316547010948424301, 0.43171051299611890029, 0.44043165130934552876, 0.44932895765443459091, 0.45840600187698288259, 0.46766641987408985592, 0.47711772960778697783, 0.4867522412719606506, 0.49658530359748942473, 0.50661701327783581483, 0.51685544663600979653, 0.52729242287301858472, 0.53794443864354424267, 0.54881161125529898115, 0.55989838382141532414, 0.57120907443130597425, 0.58275291705741272263, 0.59452057523885082357, 0.60653066635131835938, 0.61878342621341619889, 0.63128869371038021097, 0.64403641070970563121, 0.65704680587895480937, 0.67032001807757912726, 0.68386143120526499128, 0.69767631102294658252, 0.71177602068819789682, 0.72614901740611503822, 0.74082414198895896185, 0.75578371512607245286, 0.77105157833567328218, 0.78662789619632078608, 0.80252522134480319682, 0.81873076182050241734, 0.83527690769625662082, 0.85214378688894931724, 0.86935822914669480532, 0.88692045635551719496, 0.90495824257582491157, 0.92759422359867449437, 0.95418027355136980638, 0.9780646775599061149, 0.99427651182323983914, 1., 0.99427651182341514335, 0.97806461409638256743, 0.95418027355136980638, 0.92759430139768817014, 0.9049582147630594875, 0.88692045636404359676, 0.8693652248805341376, 0.85214373610986371421, 0.83527018227837979136, 0.81873081065915309651, 0.80251880800569486141, 0.78662789619620876458, 0.77105157833578263915, 0.75578371516891806881, 0.74082414198895907287, 0.72614906081992169895, 0.71177599947585656892, 0.6976763110229464715, 0.68386688502371195675, 0.670320018109198279, 0.65704676675114404016, 0.64403644916421876054, 0.63128366499113408583, 0.61878342618964998767, 0.60653066635131835938, 0.59452055753089150247, 0.58275292574099024634, 0.5712090405121250658, 0.55990283746894431438, 0.54881162765059521291, 0.53794873017289035477, 0.52729242288794009319, 0.51685546203943488752, 0.50661698311982084064, 0.49658533323150405581, 0.48675225580372766254, 0.47711390712800849645, 0.46766641290932825514, 0.45840598824080686091, 0.449328937648147686, 0.44043516797709897359, 0.43171052591375674856, 0.42316545119265541741, 0.41478290956913760335, 0.40657292270314371319, 0.39851902208607486999, 0.39062785361683899366, 0.38289289149870692208, 0.37531111361607055743, 0.36787945032119750977]
time=[0., 1.]
