last-generated=2015-07-07
statistics-initialization={'numerical Jacobians': '0', 'nonlinear': '12', 'linear': '19'}
statistics-simulation={'numerical Jacobians': '0', 'nonlinear': '1, 1, 12, 1, 1, 1, 1', 'number of continuous time states': '41', 'linear': '0, 0, 0, 0, 0, 0, 0, 0, 0, 0, 0'}
staRes.minT.Max=[251.5500030517578125, 251.5500030517578125]
staRes.maxT.Max=[341.350006103515625, 341.350006103515625]
staRes.maxT.Min=[336.350006103515625, 336.350006103515625]
TRooHou.y=[0., 301.979248046875, 270.690399169921875, 277.75354614257810226263, 310.83692626953126136868, 272.346893310546875, 278.23837890624997726263, 275.79023437500001136868, 264.42075805664063636868, 288.69265136718752273737, 283.87860107421875, 274.99017944335935226263, 309.61970825195311363132, 269.91259765625, 272.35429077148438636868, 326.68621826171875, 279.30794677734377273737, 274.50321044921872726263, 314.88010253906247726263, 274.70976562499998863132, 275.81512451171875, 303.68727416992186363132, 270.52651367187502273737, 281.63277587890627273737, 315.75428466796876136868, 278.601287841796875, 282.76306762695310226263, 297.65281982421873863132, 275.41078491210936363132, 293.319488525390625, 293.3636474609375, 284.27618408203125, 310.45831909179685226263, 284.73045654296873863132, 285.39940185546873863132, 309.31439208984375, 284.8961181640625, 288.67531127929686363132, 312.00295410156252273737, 282.45667724609376136868, 290.256561279296875, 307.47125244140625, 285.13237304687498863132, 296.49161987304688636868, 286.21394042968751136868, 295.386322021484375, 289.51915283203123863132, 300.15625610351560226263, 290.24293823242186363132, 302.160400390625, 308.24444580078125, 287.41044311523438636868, 315.46666259765623863132, 297.94848022460939773737, 291.87667236328127273737, 320.26373291015625, 296.77603759765622726263, 297.22175292968751136868, 323.11744384765626136868, 293.19568481445310226263, 291.5279541015625, 325.10443115234375, 287.56346435546873863132, 296.89882202148436363132, 316.74890747070310226263, 287.651275634765625, 302.69566650390623863132, 319.69691162109376136868, 288.06049194335935226263, 304.39344482421876136868, 306.247344970703125, 283.18663940429689773737, 315.698333740234375, 292.61472167968747726263, 281.75124511718752273737, 293.134033203125, 285.637664794921875, 277.24412231445313636868, 310.11507568359377273737, 281.56470336914060226263, 283.387664794921875, 326.87152099609375, 281.699951171875, 276.482330322265625, 309.29204101562498863132, 275.0928955078125, 283.33156738281252273737, 281.01815185546877273737, 272.01757202148439773737, 290.75228271484377273737, 307.598480224609375, 283.73305053710936363132, 288.01693115234377273737, 275.15650024414060226263, 271.64581909179685226263, 295.163055419921875, 270.62388305664063636868, 273.84615478515627273737, 321.214447021484375, 265.42579345703126136868, 274.9578857421875]
time=[0., 31536000.]
staRes.minT.Min=[250.149993896484375, 250.149993896484375]
staRes.minT.Mean=[250.4499969482421875, 250.4499969482421875]
staRes.maxT.Mean=[337.850006103515625, 337.850006103515625]
staRes.meanT.Min=[291.149993896484375, 291.149993896484375]
TRooAnn.y=[0., 0., 0., 0., 0., 0., 0., 0., 0., 0., 0., 0., 0., 0., 0., 0., 0., 0., 0., 0., 0., 0., 0., 0., 0., 0., 0., 0., 0., 0., 0., 0., 0., 0., 0., 0., 0., 0., 0., 0., 0., 0., 0., 0., 0., 0., 0., 0., 0., 0., 0., 0., 0., 0., 0., 0., 0., 0., 0., 0., 0., 0., 0., 0., 0., 0., 0., 0., 0., 0., 0., 0., 0., 0., 0., 0., 0., 0., 0., 0., 0., 0., 0., 0., 0., 0., 0., 0., 0., 0., 0., 0., 0., 0., 0., 0., 0., 0., 0., 0., 0.]
staRes.meanT.Mean=[291.850006103515625, 291.850006103515625]
staRes.meanT.Max=[292.75, 292.75]
