last-generated=2015-05-08
statistics-simulation={'numerical Jacobians': '0', 'nonlinear': '1', 'linear': ' '}
zen.y=[2.16456365585327148438, 2.03073477745056152344, 1.89712202548980712891, 1.76410377025604248047, 1.63206088542938232422, 1.50142896175384521484, 1.37275087833404541016, 1.24674534797668457031, 1.12440633773803710938, 1.00715208053588867188, 0.89704811573028564453, 0.79712319374084472656, 0.71172797679901123047, 0.64668452739715576172, 0.60858184099197387695, 0.60256808996200561523, 0.62956613302230834961, 0.68567955493927001953, 0.76450675725936889648, 0.85979813337326049805, 0.96666508913040161133, 1.08164334297180175781, 1.20236217975616455078, 1.32720148563385009766, 1.45503580570220947266, 1.58506131172180175781, 1.71668183803558349609, 1.84943079948425292969, 1.98291456699371337891, 2.1167621612548828125, 2.250568389892578125, 2.38380551338195800781, 2.51564621925354003906, 2.64454174041748046875, 2.76701235771179199219, 2.87367463111877441406, 2.9376220703125, 2.91834139823913574219, 2.83098506927490234375, 2.71565365791320800781, 2.58976387977600097656, 2.45932102203369140625, 2.32672953605651855469, 2.19314646720886230469, 2.05923867225646972656, 1.92546665668487548828, 1.7922115325927734375, 1.65984690189361572266, 1.52879011631011962891, 1.39955377578735351562, 1.27280962467193603516, 1.14947986602783203125, 1.03087365627288818359, 0.9188931584358215332, 0.81633079051971435547, 0.72723448276519775391, 0.65714663267135620117, 0.61265677213668823242, 0.59950923919677734375, 0.61970764398574829102, 0.67023807764053344727, 0.74493825435638427734, 0.83734136819839477539, 0.94222342967987060547, 1.05583536624908447266, 1.17560517787933349609, 1.29977977275848388672, 1.42714774608612060547, 1.55685067176818847656, 1.68825793266296386719, 1.82088303565979003906, 1.95432353019714355469, 2.08821082115173339844, 2.22215628623962402344, 2.35567426681518554688, 2.48803400993347167969, 2.61791586875915527344, 2.74246811866760253906, 2.85424947738647460938, 2.93138790130615234375, 2.93127226829528808594, 2.85399317741394042969, 2.74215435981750488281, 2.61757135391235351562, 2.4876651763916015625, 2.35528135299682617188, 2.221736907958984375, 2.08776116371154785156, 1.95383882522583007812, 1.82035756111145019531, 1.68768477439880371094, 1.55622172355651855469, 1.42645359039306640625, 1.29900920391082763672, 1.17474496364593505859, 1.05487012863159179688, 0.94113588333129882812, 0.83611476421356201172, 0.7435614466667175293, 0.66871696710586547852, 0.61808133125305175781]
time=[100000., 300000.]
