last-generated=2015-06-03
statistics-initialization={'numerical Jacobians': '0', 'nonlinear': '5'}
statistics-simulation={'numerical Jacobians': '0', 'nonlinear': ' ', 'number of continuous time states': '12', 'linear': '0, 0, 0, 0, 0, 0'}
TOut.T=[263.149993896484375, 263.149993896484375]
vol.T_start=[293.149993896484375, 293.149993896484375]
vol.T=[293.149993896484375, 292.88433837890625, 293.129058837890625, 293.13568115234375, 293.1358642578125, 293.136077880859375, 293.1361083984375, 293.136138916015625, 293.136138916015625, 293.136138916015625, 293.136138916015625, 293.136138916015625, 293.136138916015625, 293.136138916015625, 293.136138916015625, 293.136138916015625, 293.136138916015625, 293.425811767578125, 291.963775634765625, 294.076690673828125, 293.014251708984375, 292.275421142578125, 294.282135009765625, 292.561187744140625, 292.636810302734375, 294.300201416015625, 292.075347900390625, 293.010650634765625, 294.164337158203125, 291.7579345703125, 293.35986328125, 293.915008544921875, 291.712005615234375, 293.68505859375, 293.57666015624994315658, 291.865631103515625, 293.976715087890625, 293.183868408203125, 293.286529541015625, 293.14166259765625, 293.13580322265625, 293.135772705078125, 293.13604736328125, 293.136077880859375, 293.1361083984375, 293.136138916015625, 293.136138916015625, 293.136138916015625, 293.136138916015625, 293.136138916015625, 293.136138916015625, 293.136138916015625, 293.136138916015625, 293.136138916015625, 293.136138916015625, 293.136138916015625, 293.136138916015625, 293.136138916015625, 293.136138916015625, 293.136138916015625, 293.136138916015625, 293.136138916015625, 293.136138916015625, 293.136138916015625, 293.136138916015625, 293.136138916015625, 293.136138916015625, 293.425811767578125, 291.96377563476568184342, 294.07669067382806815658, 293.01425170898443184342, 292.275421142578125, 294.282135009765625, 292.561187744140625, 292.636810302734375, 294.300201416015625, 292.075347900390625, 293.010650634765625, 294.164337158203125, 291.7579345703125, 293.35986328125, 293.915008544921875, 291.712005615234375, 293.68505859375, 293.57666015625, 291.865631103515625, 293.976715087890625, 293.183868408203125, 293.286529541015625, 293.14166259765625, 293.13580322265625, 293.135772705078125, 293.13604736328125, 293.136077880859375, 293.1361083984375, 293.136138916015625, 293.136138916015625, 293.136138916015625, 293.136138916015625, 293.136138916015625, 293.136138916015625]
time=[0., 172800.]
