last-generated=2015-05-08
statistics-simulation={'numerical Jacobians': '0', 'nonlinear': '1', 'linear': ' '}
briCoe.F1=[0., 0., 0., 0., 0., 0., 0., 0., 0., 0., 0., 0., 0., 0., 0., 0., 0., 0., 0., 0., 0., 0., 0., 0., 0., 0., 0., 0., 0., 0., 0., 0., 0., 0., 0., 0., 0., 0., 0., 0., 0., 0., 0., 0., 0., 0., 0., 0., 0., 0., 0., 0., 0., 0., 0., 0., 0., 0., 0., 0., 0., 0., 0., 0., 0., 0., 0., 0., 0., 0., 0., 0., 0., 0., 0., 0., 0., 0., 0., 0., 0., 0., 0., 0., 0., 0., 0., 0., 0., 0., 0., 0., 0., 0., 0., 0., 0., 0., 0., 0., 0.]
time=[0., 8640000.]
briCoe.F2=[-0.10248696058988571167, -0.10243923217058181763, -0.10238785296678543091, -0.10233286768198013306, -0.10227433592081069946, -0.10221230983734130859, -0.10214684158563613892, -0.1020779833197593689, -0.10200579464435577393, -0.10193033516407012939, -0.10185164958238601685, -0.10176980495452880859, -0.10168486088514328003, -0.10159685462713241577, -0.10150586068630218506, -0.10141193121671676636, -0.10131511092185974121, -0.10121546685695648193, -0.10111303627490997314, -0.10100789368152618408, -0.10090006887912750244, -0.10078962892293930054, -0.10067661851644515991, -0.10056108981370925903, -0.10044308751821517944, -0.10032265633344650269, -0.10019985586404800415, -0.10007472336292266846, -0.09994730353355407715, -0.09981764853000640869, -0.09968579560518264771, -0.09955178946256637573, -0.09941568225622177124, -0.099277496337890625, -0.0991372913122177124, -0.09899509698152542114, -0.09885096549987792969, -0.09870491921901702881, -0.09855701029300689697, -0.0984072759747505188, -0.09825575351715087891, -0.09810247272253036499, -0.09794747829437255859, -0.09779081493616104126, -0.09763250499963760376, -0.09747259318828582764, -0.09731110930442810059, -0.09714809805154800415, -0.09698359668254852295, -0.09681762754917144775, -0.09665024280548095703, -0.09648146480321884155, -0.09631133824586868286, -0.09613989293575286865, -0.09596716612577438354, -0.09579320251941680908, -0.09561802446842193604, -0.09544168412685394287, -0.09526419639587402344, -0.09508562088012695312, -0.09490597993135452271, -0.0947253108024597168, -0.09454365819692611694, -0.09436105936765670776, -0.09417754411697387695, -0.09399315714836120605, -0.09380793571472167969, -0.09362192451953887939, -0.09343515336513519287, -0.09324766695499420166, -0.0930595099925994873, -0.09287071973085403442, -0.09268133342266082764, -0.09249140322208404541, -0.09230095893144607544, -0.09211005270481109619, -0.09191872179508209229, -0.09172701090574264526, -0.09153497219085693359, -0.09134264290332794189, -0.09115006774663925171, -0.0909572988748550415, -0.0907643735408782959, -0.09057134389877319336, -0.09037826210260391235, -0.0901851654052734375, -0.08999210596084594727, -0.08979913592338562012, -0.0896062999963760376, -0.08941365033388137817, -0.08922123908996582031, -0.08902911096811294556, -0.08883731812238693237, -0.08864591270685195923, -0.08845494687557220459, -0.08826447278261184692, -0.08807453513145446777, -0.08788520097732543945, -0.08769650757312774658, -0.08750851452350616455, -0.08732128143310546875]
