last-generated=2015-05-08
statistics-simulation={'numerical Jacobians': '0', 'nonlinear': ' ', 'linear': ' '}
occSchWee.tNexNonOcc=[154800., 141840., 128880., 115920., 102960., 90000., 77040., 64079.99999999998544808477, 51120., 38160., 25200., 12240., 85680., 72720., 59759.99999999997089616954, 46800., 33840., 20879.99999999997089616954, 7920., 81360., 68400., 55440., 42480., 29520., 16560., 3600., 77040., 64080., 51119.99999999994179233909, 38160., 25200., 12240., 85680., 72720., 59759.99999999994179233909, 46800., 33840., 20880., 7920., 81360., 68400., 55440., 42480., 29520., 16560., 3600., 163440., 150480., 137520., 124560., 111600., 98640., 85680., 72720., 59760., 46800., 33839.99999999988358467817, 20880.00000000011641532183, 7920., 81360., 68400., 55440., 42480., 29520., 16560., 3600., 77040., 64080., 51119.99999999988358467817, 38160.00000000011641532183, 25200., 12240., 85680., 72720., 59760., 46800., 33840., 20880., 7920., 81360., 68400., 55440., 42480., 29520., 16560., 3600., 77040., 64080., 51120., 38160., 25200., 12240., 172080., 159120., 146160., 133200., 120240., 107280., 94320., 81360., 68400.]
occSchDay.tNexNonOcc=[68400., 55440., 42480., 29520., 16560., 3600., 77040., 64079.99999999998544808477, 51120., 38160., 25200., 12240., 85680., 72720., 59759.99999999997089616954, 46800., 33840., 20879.99999999997089616954, 7920., 81360., 68400., 55440., 42480., 29520., 16560., 3600., 77040., 64080., 51119.99999999994179233909, 38160., 25200., 12240., 85680., 72720., 59759.99999999994179233909, 46800., 33840., 20880., 7920., 81360., 68400., 55440., 42480., 29520., 16560., 3600., 77040., 64080., 51120., 38160., 25200., 12240., 85680., 72720., 59760., 46800., 33839.99999999988358467817, 20880.00000000011641532183, 7920., 81360., 68400., 55440., 42480., 29520., 16560., 3600., 77040., 64080., 51119.99999999988358467817, 38160.00000000011641532183, 25200., 12240., 85680., 72720., 59760., 46800., 33840., 20880., 7920., 81360., 68400., 55440., 42480., 29520., 16560., 3600., 77040., 64080., 51120., 38160., 25200., 12240., 85680., 72720., 59760., 46800., 33840., 20880., 7920., 81360., 68400.]
time=[-86400., 1209600.]
occSchWee.occupied=[0., 0., 0., 0., 0., 0., 0., 0., 0., 1., 1., 1., 0., 0., 0., 0., 1., 1., 1., 0., 0., 0., 1., 1., 1., 1., 0., 0., 0., 1., 1., 1., 0., 0., 0., 0., 1., 1., 1., 0., 0., 0., 1., 1., 1., 1., 0., 0., 0., 0., 0., 0., 0., 0., 0., 0., 1., 1., 1., 0., 0., 0., 1., 1., 1., 1., 0., 0., 0., 1., 1., 1., 0., 0., 0., 0., 1., 1., 1., 0., 0., 0., 1., 1., 1., 1., 0., 0., 0., 1., 1., 1., 0., 0., 0., 0., 0., 0., 0., 0., 0.]
occSchDay.occupied=[0., 0., 1., 1., 1., 1., 0., 0., 0., 1., 1., 1., 0., 0., 0., 0., 1., 1., 1., 0., 0., 0., 1., 1., 1., 1., 0., 0., 0., 1., 1., 1., 0., 0., 0., 0., 1., 1., 1., 0., 0., 0., 1., 1., 1., 1., 0., 0., 0., 1., 1., 1., 0., 0., 0., 0., 1., 1., 1., 0., 0., 0., 1., 1., 1., 1., 0., 0., 0., 1., 1., 1., 0., 0., 0., 0., 1., 1., 1., 0., 0., 0., 1., 1., 1., 1., 0., 0., 0., 1., 1., 1., 0., 0., 0., 0., 1., 1., 1., 0., 0.]
