last-generated=2015-05-08
statistics-simulation={'numerical Jacobians': '0', 'nonlinear': '1', 'linear': ' '}
solAzi.solAzi=[-3.08322381973266601562, -1.91459608078002929688, -1.44320619106292724609, -1.05483102798461914062, -0.58389949798583984375, 0.01988220028579235077, 0.61755478382110595703, 1.08070921897888228003, 1.46834909915924072266, 1.95680916309356689453, -3.08892416954040527344, -1.91830670833587646484, -1.44564175605773925781, -1.05707049369812011719, -0.5862237215042105376, 0.01793643832206726074, 0.61659824848175048828, 1.08047306537628173828, 1.46845638751983642578, 1.95664060115814208984, -3.09454512596130371094, -1.92216181755065917969, -1.44817864894866943359, -1.05938434600830078125, -0.58858990669250488281, 0.01600953936576843262, 0.61571705341339111328, 1.08033752441406383227, 1.46868824958801402758, 1.95665514469146528675, -3.1000766754150390625, -1.92615771293640136719, -1.45081484317779541016, -1.06177115440368652344, -0.59099668264389038086, 0.01410274021327495575, 0.61491221189498901367, 1.08030295372009277344, 1.46904480457305908203, 1.95685136318206787109, -3.10550999641418457031, -1.93029034137725830078, -1.45354866981506347656, -1.06422936916351318359, -0.59344273805618286133, 0.01221728138625621796, 0.61418473720550537109, 1.08036983013153076172, 1.46952569484710693359, 1.95722818374633789062, -3.11083579063415527344, -1.93455588817596435547, -1.45637798309326171875, -1.06675744056701660156, -0.59592676162719349087, 0.0103543987497730465, 0.6135356426239049199, 1.08053863048553178139, 1.4701306819915744839, 1.95778429508209228516, -3.11604619026184082031, -1.93894982337951660156, -1.459300994873046875, -1.06935393810272216797, -0.59844744205474853516, 0.00851533003151416779, 0.61296594142913818359, 1.08080947399139404297, 1.47085940837860107422, 1.95851790904998779297, -3.12113332748413085938, -1.94346797466278076172, -1.46231555938720703125, -1.07201719284057617188, -0.60100328922271728516, 0.00670130690559744835, 0.61247664690017700195, 1.08118283748626708984, 1.47171151638031005859, 1.95942747592926025391, -3.12609004974365234375, -1.94810557365417480469, -1.46541965007781982422, -1.07474565505981445312, -0.6035931706428527832, 0.00491356197744607925, 0.61206859350204467773, 1.08165907859802246094, 1.47268640995025634766, 1.96051120758056640625, -3.13090944290161132812, -1.95285785198211669922, -1.46861088275909423828, -1.07753777503967285156, -0.60621559619903564453, 0.00315332342870533466, 0.61174291372299194336, 1.08223831653594970703, 1.47378373146057128906, 1.9617671966552734375, -3.13558554649353027344]
time=[0., 864000.]
