last-generated=2015-05-08
statistics-simulation={'numerical Jacobians': '0', 'nonlinear': ' ', 'linear': ' '}
biquadratic.y=[29., 29.62350083800476951978, 30.25399973845625467561, 30.8915005160516749072, 31.53599935615655525112, 32.18764109499733905295, 32.84600076026025305964, 33.51163862141955718243, 34.18399822903948148678, 34.86349844373630446626, 35.54999913445108461474, 36.24349979744593497344, 36.94400043315768300545, 37.651639747651032053, 38.36600108643760620453, 39.08750109415401396973, 39.81600215437166667698, 40.55163942474113980552, 41.2939981851852166983, 42.0434991726175226745, 42.79999901098052106363, 43.56349995403104458092, 44.33399972614124351367, 45.11164118620863661135, 45.89600033154220426468, 46.6875, 47.4860008272192288814, 48.29164036738842469276, 49.10399999444504715029, 49.92350074838893192464, 50.74999901140400027089, 51.58349970905914716468, 52.42400039105555720198, 53.27164092975968401333, 54.12599914434025549781, 54.98764089643950825348, 55.85599774652362015104, 56.73149829945844402346, 57.61399883590006965051, 58.50363916796408148002, 59.40000099027287916442, 60.30363878262030397082, 61.21400190133438456996, 62.13149958589517041219, 63.0559999772799599782, 63.98763819485994730485, 64.92600171753770155192, 65.8716393648385292181, 66.82399852401223938614, 67.78349975367204649501, 68.75, 69.72350404515476895995, 70.70400425985627634873, 71.69163882839690415949, 72.68599487083226051709, 73.68764294087714006309, 74.69599890456497348623, 75.71164091098547999081, 76.73400287310879264169, 77.76349910988351155083, 78.80000057388143375192, 79.84349673326856589028, 80.89399669015014637807, 81.95150044521740539949, 83.01600037013540145381, 84.08764202892865569083, 85.16599753220845059332, 86.25163793313306825894, 87.34400098709625126503, 88.44363811087961835256, 89.55000437663879608863, 90.66350032310161566329, 91.78399336836793054317, 92.91149686760775239236, 94.04599653505664491604, 95.1875, 96.33599963446208391815, 97.49164075482100599856, 98.65400266854391020388, 99.82364370953867194203, 100.99999859499270371543, 102.18364305805789626902, 103.37400140432609418895, 104.57163843980242745602, 105.77600414641619863687, 106.9875001566123273733, 108.20599953466491172094, 109.43150271019376873483, 110.66400205453194871552, 111.90350519701941323092, 113.15000450942476106775, 114.40363738191035736236, 115.66399935764430040308, 116.93163968908183392159, 118.20600158676853652651, 119.48763426840797308159, 120.77600375031977364415, 122.07149897105148284027, 123.37399805967136501295, 124.68350094578572395676, 126.]
time=[0., 1.]
