last-generated=2015-07-07
statistics-initialization={'numerical Jacobians': '0', 'nonlinear': '12', 'linear': '19'}
statistics-simulation={'numerical Jacobians': '0', 'nonlinear': '1, 1, 12, 1, 1, 1, 1', 'number of continuous time states': '41', 'linear': '0, 0, 0, 0, 0, 0, 0, 0, 0, 0, 0'}
staRes.minT.Max=[257.54998779296875, 257.54998779296875]
staRes.maxT.Max=[342.649993896484375, 342.649993896484375]
staRes.maxT.Min=[338.04998779296875, 338.04998779296875]
TRooHou.y=[0., 303.24324951171877273737, 276.29210205078123863132, 294.67444458007810226263, 312.40863037109375, 280.04052734375, 299.22986450195310226263, 278.11723632812498863132, 275.07769165039064773737, 309.79491577148439773737, 284.9129638671875, 283.25657958984373863132, 313.31779174804688636868, 272.871368408203125, 284.71011962890622726263, 327.15240478515625, 283.12980346679688636868, 288.58688964843747726263, 316.18324584960936363132, 278.86321411132814773737, 290.068206787109375, 304.83275756835939773737, 278.42026367187497726263, 293.38999633789063636868, 317.22694702148436363132, 284.30511474609375, 299.304412841796875, 299.53029785156252273737, 282.48499755859376136868, 306.32498779296872726263, 295.825042724609375, 293.11695556640626136868, 313.29663696289060226263, 288.4732666015625, 294.811065673828125, 310.19586181640625, 287.60539550781248863132, 299.30248413085939773737, 312.788360595703125, 286.2142333984375, 300.37432861328125, 308.4825439453125, 291.42987670898435226263, 305.67630615234372726263, 287.17138061523439773737, 299.27191162109375, 297.64301147460935226263, 301.78592529296872726263, 297.306488037109375, 312.71409912109373863132, 310.243927001953125, 291.84390869140622726263, 317.463836669921875, 300.35136718749998863132, 300.06099243164061363132, 320.959197998046875, 299.51970825195314773737, 306.09034423828126136868, 323.81893310546877273737, 296.46304931640622726263, 302.445281982421875, 325.91450195312501136868, 292.53251953124998863132, 308.306396484375, 318.02285156250002273737, 294.356903076171875, 314.87186889648438636868, 321.39217529296877273737, 296.484283447265625, 315.21481933593747726263, 308.689666748046875, 292.93512573242185226263, 318.83623657226564773737, 296.36693115234373863132, 293.13068237304685226263, 294.52587890625, 290.04331665039063636868, 282.84407348632811363132, 311.34913940429686363132, 286.76909179687498863132, 300.271759033203125, 328.61170654296876136868, 287.91801147460938636868, 293.53095703125001136868, 311.09587402343748863132, 284.313201904296875, 300.24896850585935226263, 282.10238037109377273737, 281.90510253906251136868, 307.00113525390622726263, 308.856842041015625, 288.3670654296875, 290.39127197265622726263, 278.091827392578125, 281.98640136718751136868, 296.122589111328125, 274.12312011718751136868, 288.34754638671876136868, 322.374053955078125, 272.21390380859372726263, 290.92095947265625]
time=[0., 31536000.]
staRes.minT.Min=[254.350006103515625, 254.350006103515625]
staRes.minT.Mean=[255.5500030517578125, 255.5500030517578125]
staRes.maxT.Mean=[339.350006103515625, 339.350006103515625]
staRes.meanT.Min=[297.350006103515625, 297.350006103515625]
TRooAnn.y=[0., 0., 0., 0., 0., 0., 0., 0., 0., 0., 0., 0., 0., 0., 0., 0., 0., 0., 0., 0., 0., 0., 0., 0., 0., 0., 0., 0., 0., 0., 0., 0., 0., 0., 0., 0., 0., 0., 0., 0., 0., 0., 0., 0., 0., 0., 0., 0., 0., 0., 0., 0., 0., 0., 0., 0., 0., 0., 0., 0., 0., 0., 0., 0., 0., 0., 0., 0., 0., 0., 0., 0., 0., 0., 0., 0., 0., 0., 0., 0., 0., 0., 0., 0., 0., 0., 0., 0., 0., 0., 0., 0., 0., 0., 0., 0., 0., 0., 0., 0., 0.]
staRes.meanT.Mean=[298.25, 298.25]
staRes.meanT.Max=[299.04998779296875, 299.04998779296875]
