last-generated=2015-05-08
statistics-initialization={'linear': '2, 2, 2, 2, 2, 2, 2, 2, 2'}
statistics-simulation={'numerical Jacobians': '0', 'nonlinear': ' ', 'number of continuous time states': '6', 'linear': ' '}
load_sc_3.load1.v[2]=[0., 0., 0., 0., 0., 0., 0., 0., 0., 0., 0., 0., 0., 0., 0., 0., 0., 0., 0., 0., 0., 0., 0., 0., 0., 0., 0., 0., 0., 0., 0., 0., 0., 0., 0., 0., 0., 0., 0., 0., 0., 0., 0., 0., 0., 0., 0., 0., 0., 0., 0., 0., 0., 0., 0., 0., 0., 0., 0., 0., 0., 0., 0., 0., 0., 0., 0., 0., 0., 0., 0., 0., 0., 0., 0., 0., 0., 0., 0., 0., 0., 0., 0., 0., 0., 0., 0., 0., 0., 0., 0., 0., 0., 0., 0., 0., 0., 0., 0., 0., -0.]
load_sc_2.load1.v[1]=[0., 0.]
load_sc_1.load1.v[1]=[0., 0.]
load_sc_3.load1.v[1]=[0., 0., 0., 0., 0., 0., 0., 0., 0., 0., 0., 0., 0., 0., 0., 0., 0., 0., 0., 0., 0., 0., 0., 0., 0., 0., 0., 0., 0., 0., 0., 0., 0., 0., 0., 0., 0., 0., 0., 0., 0., 0., 0., 0., 0., 0., 0., 0., 0., 0., 0., 0., 0., 0., 0., 0., 0., 0., 0., 0., 0., 0., 0., 0., 0., 0., 0., 0., 0., 0., 0., 0., 0., 0., 0., 0., 0., 0., 0., 0., 0., 0., 0., 0., 0., 0., 0., 0., 0., 0., 0., 0., 0., 0., 0., 0., 0., 0., 0., 0., 0.]
load_sc_1.load1.v[2]=[0., 0.]
time=[0., 1.]
load_sc_2.load1.v[2]=[-0., -0.]
load_sc_1.load1.i[1]=[5., 5.]
load_sc_2.load1.i[1]=[5., 5.]
load_sc_3.load1.i[1]=[0., 5.02462004870843248483, 5.00240564360009187794, 4.99963521964016166521, 5.00008630751668192715, 4.99995851516954559202, 4.99999904632856129183, 5.00000858306877660198, 5.00000143051019563245, 4.99999523162927062003, 4.99999809265101191613, 5.00000000000014210855, 5.00000143051147460938, 5.00000143051147460938, 5.00000095367431640625, 5., 4.99999952316284179688, 4.99999904632568359375, 4.99999952316284179688, 5., 5., 5., 5., 5., 5., 5., 5., 5., 5., 5., 5., 5., 5., 5., 5., 5., 5., 5., 5., 5., 5., 5., 5., 5., 5., 5., 5., 5., 5., 5., 5., 5., 5., 5., 5., 5., 5., 5., 5., 5., 5., 5., 5., 5., 5., 5., 5., 5., 5., 5., 5., 5., 5., 5., 5., 5., 5., 5., 5., 5., 5., 5., 5., 5., 5., 5., 5., 5., 5., 5., 5., 5., 5., 5., 5., 5., 5., 5., 5., 5., 5.]
load_sc_3.load1.i[2]=[-0., -5.16109656206649169974, -4.99640131059075542908, -5.00010585778341365426, -4.99989700321113161863, -5.00005388261557470742, -4.99998521804521800505, -4.99998235702479121301, -5.00000429153783443326, -5.00001001358373287076, -5.00000143051182988074, -4.99999952316269968833, -4.99999856948852539062, -4.99999856948852539062, -4.99999952316269968833, -5., -5.00000095367431640625, -5.00000095367431640625, -5., -5., -5., -5., -5., -5., -5., -5., -5., -5., -5., -5., -5., -5., -5., -5., -5., -5., -5., -5., -5., -5., -5., -5., -5., -5., -5., -5., -5., -5., -5., -5., -5., -5., -5., -5., -5., -5., -5., -5., -5., -5., -5., -5., -5., -5., -5., -5., -5., -5., -5., -5., -5., -5., -5., -5., -5., -5., -5., -5., -5., -5., -5., -5., -5., -5., -5., -5., -5., -5., -5., -5., -5., -5., -5., -5., -5., -5., -5., -5., -5., -5., -5.]
load_sc_2.load1.i[2]=[-5., -5.]
load_sc_1.load1.i[2]=[-5., -5.]
