last-generated=2015-05-08
statistics-initialization={'numerical Jacobians': '0', 'nonlinear': '8'}
statistics-simulation={'numerical Jacobians': '0', 'nonlinear': ' ', 'linear': ' '}
probe_D_1.V[3]=[4160., 4160.]
probe_D_1.V[2]=[4160., 4160.]
probe_Y_1.V[2]=[2401.777099609375, 2401.777099609375]
probe_D_1.V[1]=[4160., 4160.]
probe_Y_1.V[3]=[2401.777099609375, 2401.777099609375]
probe_Y_1.V[1]=[2401.777099609375, 2401.777099609375]
time=[0., 1.]
probe_2.V[2]=[12469.533203125, 12469.533203125]
probe_2.V[3]=[12470., 12470.]
probe_2.V[1]=[12470.533203125, 12470.533203125]
probe_Y_1.theta[3]=[2.09439516067504882812, 2.09439516067504882812]
probe_Y_1.theta[1]=[0., 0.]
probe_Y_1.theta[2]=[-2.09439516067504882812, -2.09439516067504882812]
probe_D_1.theta[2]=[-1.57079637050628662109, -1.57079637050628662109]
probe_D_1.theta[1]=[0.52359879016876220703, 0.52359879016876220703]
probe_D_1.theta[3]=[2.61799383163452148438, 2.61799383163452148438]
probe_2.theta[1]=[1.04712963104248046875, 1.04712963104248046875]
probe_2.theta[2]=[-1.04726850986480712891, -1.04726850986480712891]
probe_2.theta[3]=[3.14159274101257324219, 3.14159274101257324219]
