last-generated=2015-05-08
statistics-simulation={'numerical Jacobians': '0', 'nonlinear': ' ', 'number of continuous time states': '3', 'linear': ' '}
vol.T=[293.149993896484375, 296.3265380859375, 299.000457763671875, 301.2484130859375, 303.13702392578125, 304.725494384765625, 306.062164306640625, 307.18707275390625, 308.13372802734375, 308.93060302734375, 309.601287841796875, 310.16522216796875, 310.6395263671875, 311.038543701171875, 311.374053955078125, 311.65618896484375, 311.89361572265625, 312.093170166015625, 312.260986328125, 312.402069091796875, 312.5206298828125, 312.620147705078125, 312.7034912109375, 312.773406982421875, 312.83233642578125, 312.882568359375, 309.74774169921875, 307.109161376953125, 304.892364501953125, 303.02960205078125, 301.462432861328125, 300.1435546875, 299.0335693359375, 298.099578857421875, 297.313323974609375, 296.651397705078125, 296.094879150390625, 295.626708984375, 295.233123779296875, 294.902191162109375, 294.623809814453125, 294.389617919921875, 294.19268798828125, 294.0269775390625, 293.8876953125, 293.770660400390625, 293.67242431640625, 293.590057373046875, 293.520782470703125, 293.462310791015625, 293.41326904296875, 296.5479736328125, 299.186767578125, 301.405181884765625, 303.268951416015625, 304.836456298828125, 306.155487060546875, 307.265594482421875, 308.19976806640625, 308.98614501953125, 309.647979736328125, 310.204498291015625, 310.672637939453125, 311.06640625, 311.3974609375, 311.6759033203125, 311.91021728515625, 312.107147216796875, 312.27276611328125, 312.4119873046875, 312.529022216796875, 312.627227783203125, 312.70953369140625, 312.778472900390625, 312.8365478515625, 312.885986328125, 309.750579833984375, 307.111572265625, 304.8944091796875, 303.03131103515625, 301.4638671875, 300.144744873046875, 299.03460693359375, 298.100433349609375, 297.31402587890625, 296.652008056640625, 296.09539794921875, 295.62713623046875, 295.233489990234375, 294.902496337890625, 294.624053955078125, 294.38983154296875, 294.192840576171875, 294.027130126953125, 293.8878173828125, 293.770782470703125, 293.672515869140625, 293.590118408203125, 293.520843505859375, 293.4622802734375, 293.41265869140625]
time=[0., 7200.]
expVes.port_a.p=[300000., 300000.]
