last-generated=2015-05-08
statistics-simulation={'numerical Jacobians': '0', 'nonlinear': ' ', 'linear': ' '}
sen.I=[27.5, 27.5, 27.5, 27.5, 27.5, 27.5, 27.5, 27.5, 27.5, 27.5, 27.5, 27.5, 27.5, 27.5, 27.5, 27.5, 27.5, 27.5, 27.5, 27.5, 27.5, 27.5, 27.5, 27.5, 27.5, 27.5, 27.5, 27.5, 27.5, 27.5, 27.5, 25.66666646798378437211, 23.83333265781622856139, 22.00000240404996532106, 20.16666668653377669784, 18.33333287636622799255, 16.50000262259996830494, 14.66666785875809431161, 12.83333214124190568839, 10.99999737740003347142, 9.16666807730808663734, 7.33333283662906598721, 5.49999759595003556711, 3.66666805743865742429, 1.83333293596991064867, -0.00000180619776370069, -1.51515023636373080684, -3.0303031820235442062, -4.54545612768464479814, -6.06060455785083629365, -7.57575750350952148438, -9.09091044914667456567, -10.60606387162098762644, -12.12121634042098250461, -13.636360732039761956, -15.15151320084999042592, -16.66666566963921880529, -18.18181909212427882494, -19.69697251459859188571, -21.21212593707290494649, -22.72726842135328340078, -24.24242184382759646155, -25.75757526630190596961, -27.27272868877621903039, -28.78788020391553814648, -30.30303362637620878672, -31.81817801800522005351, -33.33332953314681645907, -34.84848295561203457282, -36.36363637809254356625, -37.8787898005651868516, -39.39394322300766759781, -40.90908761462986120705, -42.42424103711326210941, -43.93939064491759438624, -45.4545440673828125, -46.96969748986622050779, -48.48485091234962851559, -50.00000433483302941795, -51.51514872641429576561, -53.0303021488977037734, -53.030303955078125, -53.030303955078125, -53.030303955078125, -53.030303955078125, -53.030303955078125, -53.030303955078125, -53.030303955078125, -53.030303955078125, -53.030303955078125, -53.030303955078125, -53.030303955078125, -53.030303955078125, -53.030303955078125, -53.030303955078125, -53.030303955078125, -53.030303955078125, -53.030303955078125, -53.030303955078125, -53.030303955078125, -53.030303955078125]
time=[0., 1.]
sen.P=[3300., 3300., 3300., 3300., 3300., 3300., 3300., 3300., 3300., 3300., 3300., 3300., 3300., 3300., 3300., 3300., 3300., 3300., 3300., 3300., 3300., 3300., 3300., 3300., 3300., 3300., 3300., 3300., 3300., 3300., 3300., 3080.00005245198099146364, 2859.99984264405657086172, 2640.00028848589590779739, 2420.00007867797103244811, 2199.99986887004752134089, 1980.00031471188685827656, 1760.00010490396221030096, 1539.99989509603778969904, 1319.99968528811314172344, 1100.00013112995225128543, 879.99992132202885386505, 659.99971151410420588945, 440.0001573559434859817, 219.9999475480188380061, -0.00021674372311758749, -181.81802454894247489392, -363.63637421344100175702, -545.45472387800418800907, -727.2725316833840452091, -909.09088134765625, -1090.90923100963573233457, -1272.72764170677146466915, -1454.54593033359469700372, -1636.36325732793011411559, -1818.18154595548094221158, -1999.99995665059714156087, -2181.8182452791465948394, -2363.63677804513963565114, -2545.45506667138079137658, -2727.2722715984596106864, -2909.09056022470076641184, -3090.90909299098484552815, -3272.72738161780807786272, -3454.54567024579546341556, -3636.36395887320077235927, -3818.18140793479278727318, -3999.99969656423536434886, -4181.81822933022795041325, -4363.63627381829883233877, -4545.45480658503674931126, -4727.27333934782836877275, -4909.09030013340907316888, -5090.90883290143938211259, -5272.72687739054799749283, -5454.54541015625, -5636.36394292195200250717, -5818.18198741106061788741, -6000.00052017909092683112, -6181.81796924068294174504, -6363.63601373037363373442, -6363.63623046875, -6363.63623046875, -6363.63623046875, -6363.63623046875, -6363.63623046875, -6363.63623046875, -6363.63623046875, -6363.63623046875, -6363.63623046875, -6363.63623046875, -6363.63623046875, -6363.63623046875, -6363.63623046875, -6363.63623046875, -6363.63623046875, -6363.63623046875, -6363.63623046875, -6363.63623046875, -6363.63623046875, -6363.63623046875]
