last-generated=2015-05-08
statistics-simulation={'numerical Jacobians': '0', 'nonlinear': ' ', 'number of continuous time states': '3', 'linear': ' '}
del.T=[283.149993896484375, 283.535552978515625, 284.00445556640625, 284.4505615234375, 284.8748779296875, 285.2784423828125, 285.66229248046875, 286.0274658203125, 286.37481689453125, 286.705230712890625, 287.01953125, 287.318511962890625, 287.6029052734375, 287.873443603515625, 288.130767822265625, 288.37554931640625, 288.6083984375, 288.82989501953125, 289.04058837890625, 289.240997314453125, 289.431640625, 289.61297607421875, 289.78546142578125, 289.949554443359375, 290.105621337890625, 290.25408935546875, 290.39532470703125, 290.5296630859375, 290.657440185546875, 290.77899169921875, 290.894622802734375, 291.004608154296875, 291.109222412109375, 291.208770751953125, 291.303436279296875, 291.39349365234375, 291.479156494140625, 291.560638427734375, 291.63812255859375, 291.71185302734375, 291.782012939453125, 291.848724365234375, 291.91217041015625, 291.9725341796875, 292.02996826171875, 292.0845947265625, 292.13653564453125, 292.18597412109375, 292.23297119140625, 292.2777099609375, 292.32025146484375, 292.3607177734375, 292.399200439453125, 292.435821533203125, 292.47064208984375, 292.5037841796875, 292.5352783203125, 292.565277099609375, 292.593780517578125, 292.62091064453125, 292.646697998046875, 292.6712646484375, 292.694610595703125, 292.716796875, 292.737945556640625, 292.758026123046875, 292.77716064453125, 292.795318603515625, 292.8126220703125, 292.829071044921875, 292.8447265625, 292.859619140625, 292.873779296875, 292.887237548828125, 292.900054931640625, 292.912261962890625, 292.923858642578125, 292.93487548828125, 292.94537353515625, 292.955352783203125, 292.96484375, 292.973876953125, 292.982452392578125, 292.990631103515625, 292.9984130859375, 293.00579833984375, 293.0128173828125, 293.019500732421875, 293.02587890625, 293.03192138671875, 293.03765869140625, 293.04315185546875, 293.04833984375, 293.053314208984375, 293.058013916015625, 293.0625, 293.0667724609375, 293.070831298828125, 293.074676513671875, 293.078338623046875, 293.08184814453125]
time=[0., 300.]
