last-generated=2015-05-08
statistics-initialization={'linear': '2, 2, 4, 2, 2, 2, 4, 2, 2, 2, 4, 2'}
statistics-simulation={'numerical Jacobians': '0', 'nonlinear': ' ', 'linear': ' '}
E.vPhase[1].terminal.v[1]=[277.128143310546875, 277.128143310546875]
R2.terminal.phase[1].v[1]=[138.5640716552734375, 138.5640716552734375]
R1.terminal.phase[1].v[1]=[138.5640716552734375, 138.5640716552734375]
R3.terminal.phase[1].v[1]=[138.5640716552734375, 138.5640716552734375]
time=[0., 1.]
R2.load1.i[1]=[13.85640621185302734375, 13.85640621185302734375]
R1.load1.i[1]=[13.85640621185302734375, 13.85640621185302734375]
sc_load.load1.i[1]=[13.85640621185302734375, 13.85640621185302734375]
R3.load1.i[1]=[13.85640621185302734375, 13.85640621185302734375]
