last-generated=2015-05-08
statistics-simulation={'numerical Jacobians': '0', 'nonlinear': ' ', 'number of continuous time states': '1', 'linear': ' '}
y=[611.2008056640625, 705.94061279296875, 813.464111328125, 935.2275390625, 1072.8199462890625, 1227.9718017578125, 1402.5645751953125, 1598.63916015625, 1818.4056396484375, 2064.25341796875, 2338.7607421875, 2644.704833984375, 2985.07275390625, 3363.07177734375, 3782.13916015625, 4245.95458984375, 4758.4501953125, 5323.82080078125, 5946.5380859375, 6631.357421875, 7383.33251953125, 8207.826171875, 9110.51953125, 10097.42578125, 11174.900390625, 12349.650390625, 13628.7490234375, 15019.6435546875, 16530.16796875, 18168.5546875, 19943.4375, 21863.873046875, 23939.34375, 26179.767578125, 28595.513671875, 31197.404296875, 33996.7265625, 37005.2421875, 40235.203125, 43699.3359375, 47410.88671875, 51383.58984375, 55631.7109375, 60170.01953125, 65013.82421875, 70178.96875, 75681.828125, 81539.3359375, 87768.953125, 94388.7265625, 101417.25, 108873.671875, 116777.7265625, 125149.71875, 134010.515625, 143381.5625, 153284.90625, 163743.171875, 174779.5625, 186417.84375, 198682.421875, 211598.265625, 225190.9375, 239486.5625, 254511.921875, 270294.3125, 286861.6875, 304242.5625, 322466.03125, 341561.8125, 361560.15625, 382491.96875, 404388.71875, 427282.40625, 451205.6875, 476191.8125, 502274.5, 529488.125, 557867.6875, 587448.6875, 618267.1875, 650359.875, 683763.9375, 718517.1875, 754658., 792225.25, 831258.375, 871797.5, 913883.1875, 957556.5, 1002859.125, 1049833.375, 1098521.875, 1148968.125, 1201215.75, 1255309.25, 1311293.625, 1369214.25, 1429117., 1491048.625, 1555056.]
x=[611.2008056640625, 705.94061279296875, 813.464111328125, 935.2275390625, 1072.81982421875, 1227.9718017578125, 1402.5645751953125, 1598.63916015625, 1818.4056396484375, 2064.25341796875, 2338.760498046875, 2644.704833984375, 2985.07275390625, 3363.07177734375, 3782.13916015625, 4245.95458984375, 4758.4501953125, 5323.82080078125, 5946.5380859375, 6631.357421875, 7383.33251953125, 8207.826171875, 9110.51953125, 10097.42578125, 11174.900390625, 12349.650390625, 13628.7490234375, 15019.6435546875, 16530.16796875, 18168.5546875, 19943.4375, 21863.873046875, 23939.34375, 26179.76953125, 28595.513671875, 31197.404296875, 33996.7265625, 37005.2421875, 40235.203125, 43699.3359375, 47410.88671875, 51383.59375, 55631.7109375, 60170.01953125, 65013.828125, 70178.96875, 75681.828125, 81539.3359375, 87768.953125, 94388.7265625, 101417.25, 108873.671875, 116777.7265625, 125149.71875, 134010.515625, 143381.5625, 153284.90625, 163743.171875, 174779.5625, 186417.84375, 198682.421875, 211598.265625, 225190.9375, 239486.5625, 254511.921875, 270294.3125, 286861.6875, 304242.5625, 322466.03125, 341561.8125, 361560.15625, 382491.96875, 404388.71875, 427282.40625, 451205.6875, 476191.8125, 502274.5, 529488.125, 557867.6875, 587448.6875, 618267.1875, 650359.875, 683763.9375, 718517.1875, 754658., 792225.25, 831258.375, 871797.5, 913883.1875, 957556.5, 1002859.125, 1049833.375, 1098521.875, 1148968.125, 1201215.75, 1255309.25, 1311293.625, 1369214.25, 1429117., 1491048.625, 1555056.]
time=[273.149993896484375, 473.149993896484375]
