last-generated=2015-05-08
statistics-simulation={'numerical Jacobians': '0', 'nonlinear': ' ', 'number of continuous time states': '2', 'linear': ' '}
volume.medium.T=[293.149993896484375, 302.10565199982602280215, 307.62884541381839653695, 311.65188622140379948178, 314.92242458217418743516, 317.75558451478678989588, 320.30654939573418005239, 322.63787835085247479583, 324.78207433976166385037, 326.76129081807584952912, 328.5922848917694523152, 330.28790292853756227487, 331.85855142778666504455, 333.31399602402098025777, 334.66275016616981474726, 335.91290210925728842994, 337.07177773965224787389, 338.14605694260575319277, 339.14196708247760625454, 340.06524679234240693404, 340.92120336589920270853, 341.71472217670714144333, 342.45034798415491650303, 343.13211031984485543944, 343.76394685710079102137, 344.349853515625, 344.89285327767618127837, 345.39614815777275680375, 345.86282343237701297767, 346.29531894806791569863, 346.69619704610619237428, 347.06790152536285631868, 347.41232323324175013113, 347.73156697683305083046, 348.02755727040153033158, 348.30181900372519976372, 348.55596888554356382883, 348.79153431490726688935, 349.00985727719648821221, 349.2121889970434267525, 349.39968861229158392234, 349.5735474226529504449, 349.73464985989227216123, 349.88397206439572073577, 350.02233889872871941407, 350.15060439411143988764, 350.26950063616112629461, 350.37969971958227688447, 350.48187266336731227057, 350.57662955106951585549, 350.664459228515625, 350.74588020116664210946, 350.82138075260212417561, 350.89135761308392602587, 350.95623765807476956979, 351.01635735239079849634, 351.07211302423075949264, 351.12380984981365372732, 351.17172248850562255029, 351.21612559952876608804, 351.25729360585842186993, 351.29544062100558221573, 351.33081053057713916132, 351.36358644076949531154, 351.39398197506602627982, 351.42214972259426986056, 351.44827263864976885088, 351.47247310531452058058, 351.49493406642460513467, 351.51574707504192929264, 351.53503420169687387897, 351.55291751713895109788, 351.56948847955288783851, 351.58486935624432589975, 351.59912108050798451586, 351.612335205078125, 351.62457276511105419559, 351.63592531363212856377, 351.64645388579765494796, 351.65618894454416931694, 351.66519164002255593005, 351.67355346486874623224, 351.68127441930107579537, 351.68841553854855419559, 351.69500734062575020289, 351.70111082601965790673, 351.70675658415723319195, 351.71197509525524083074, 351.71676635967736501698, 351.72122192993981570908, 351.72534180633357436818, 351.72918700171447881075, 351.73275756250234280742, 351.73611449955211583074, 351.73919677803496597335, 351.74203491538349908296, 351.74468994664482579537, 351.74716185824956937722, 351.74948119680635727491, 351.75167846475966371145, 351.753753662109375]
time=[0., 1.]
