last-generated=2015-05-08
statistics-simulation={'numerical Jacobians': '0', 'nonlinear': ' ', 'linear': ' '}
time=[0., 1.]
yI2[2]=[4., 4.]
yR1[1]=[1.23000001907348632812, 1.23000001907348632812]
yI2[1]=[2., 2.]
yR2[1]=[0.60000002384185791016, 0.60000002384185791016]
yI1[1]=[6., 6.]
yR2[2]=[4., 4.]
