last-generated=2015-05-08
statistics-simulation={'numerical Jacobians': '0', 'nonlinear': ' ', 'number of continuous time states': '2', 'linear': ' '}
con.u_m=[293.149993896484375, 289.848175048828125, 286.85565185546875, 284.0858154296875, 281.561004638671875, 279.26861572265625, 277.1944580078125, 275.333251953125, 273.670196533203125, 272.193511962890625, 270.899169921875, 269.7738037109375, 271.701507568359375, 277.2738037109375, 282.4632568359375, 287.30328369140625, 291.826416015625, 296.061187744140625, 300.035400390625, 303.7745361328125, 307.300994873046875, 310.634552001953125, 313.294403076171875, 313.146697998046875, 313.1512451171875, 313.151092529296875, 313.151092529296875, 313.151092529296875, 313.151092529296875, 313.15106201171875, 313.15106201171875, 313.151031494140625, 313.1510009765625, 313.150970458984375, 313.15093994140625, 313.150909423828125, 313.150848388671875, 313.150787353515625, 313.1507568359375, 313.15069580078125, 313.15252685546875, 313.197113037109375, 313.293609619140625, 313.43243408203125, 313.6041259765625, 313.800018310546875, 314.01190185546875, 313.47650146484375, 311.772186279296875, 310.2216796875, 308.80291748046875, 307.49951171875, 306.287872314453125, 305.165679931640625, 304.114593505859375, 303.129669189453125, 302.193267822265625, 301.296844482421875, 300.43359375, 304.91534423828125, 310.276397705078125, 313.4234619140625, 313.314300537109375, 313.1461181640625, 313.1492919921875, 313.149139404296875, 313.149078369140625, 313.1490478515625, 313.149017333984375, 313.14898681640625, 313.148956298828125, 313.14892578125, 313.14892578125, 313.14892578125, 313.148895263671875, 313.148895263671875, 313.148895263671875, 313.14892578125, 313.14892578125, 313.14892578125, 313.148956298828125, 313.14898681640625, 313.149017333984375, 313.1490478515625, 313.149078369140625, 313.14910888671875, 313.149169921875, 313.149200439453125, 313.149261474609375, 313.1492919921875, 313.14935302734375, 313.1494140625, 313.14947509765625, 313.1495361328125, 313.14959716796875, 313.149658203125, 313.14971923828125, 313.1497802734375, 313.149871826171875, 313.149932861328125, 313.149993896484375]
con.u_s=[313.149993896484375, 313.149993896484375]
time=[0., 86400.]
con.y=[0., 0., 0., 0., 0., 0., 0., 0., 0., 0., 0., 0., 1., 1., 1., 1., 1., 1., 1., 1., 1., 1., 0.40046405792236328125, 0.53511393070220947266, 0.5154908299446105957, 0.49996006488800048828, 0.48432064056396484375, 0.46871274709701538086, 0.4531885385513305109, 0.43787729740142822266, 0.42279350757598876953, 0.40799835324287414551, 0.39357474446296691895, 0.37958890199661254883, 0.36605709791183466129, 0.35307604074478154965, 0.34064504504203796387, 0.32886531949043273926, 0.31776133179664611816, 0.30737587809562683105, 0.30000001192092895508, 0.30000001192092895508, 0.30000001192092895508, 0.30000001192092895508, 0.30000001192092895508, 0.30000001192092895508, 0.30000001192092895508, 0., 0., 0., 0., 0., 0., 0., 0., 0., 0., 0., 0., 1., 1., 0.30000001192092895508, 0.30000001192092895508, 0.30577462911605834961, 0.34116294980049133301, 0.35304111242294311523, 0.36603069305419921875, 0.37954434752464294434, 0.39353597164154063837, 0.40794855356216419562, 0.42271637916564930304, 0.43779966235160827637, 0.45313313603401184082, 0.4686362147331237793, 0.48428243398666381836, 0.49997311830520629883, 0.51567095518112182617, 0.53132146596908569336, 0.54682821035385131836, 0.56214785575866699219, 0.57722008228302001953, 0.59202092885971069336, 0.60643684864044189453, 0.62042975425720214844, 0.63394856452941894531, 0.6469440460205078125, 0.65935444831848144531, 0.67113441228866577148, 0.68224126100540161133, 0.69262772798538208008, 0.70225638151168823242, 0.71108347177505493164, 0.71908140182495117188, 0.72620999813079833984, 0.73245090246200561523, 0.73776954412460327148, 0.74215209484100341797, 0.74557954072952270508, 0.74803757667541503906, 0.74951601028442382812, 0.75000971555709838867]
