last-generated=2015-05-08
statistics-simulation={'numerical Jacobians': '0', 'nonlinear': ' ', 'linear': ' '}
y=[1., 0.99395751371930640694, 0.98782808249998843575, 0.98160862997246867145, 0.9752957767734963257, 0.96888614469672384999, 0.96237605966356598586, 0.95576148747516753712, 0.94903839521914412636, 0.94220227249236143674, 0.9352484303555016476, 0.92817182368313733143, 0.92096704590675682045, 0.91362821701924457063, 0.90614925732722240159, 0.89852345447915871191, 0.8907435508218369824, 0.88280170101322852361, 0.87468964446724106754, 0.86639815368565520348, 0.85791717934710420845, 0.84923601881833776783, 0.84034263980076184808, 0.83122407396569875093, 0.82186598487639217492, 0.81225240230560302734, 0.80238205728796763161, 0.79231643253289407713, 0.78213036182127138041, 0.77189541534271266521, 0.76167994434392738423, 0.75154918672604731356, 0.7415652204492461097, 0.73178690499722864882, 0.72226989605413671747, 0.71306663215569821013, 0.70422649332274034339, 0.69579559958301384626, 0.68781686038051081944, 0.68033009810930433758, 0.67337185045685843399, 0.66697555564210819767, 0.66117143730411043201, 0.65598654732696259906, 0.6514446741121487916, 0.64756661627650480284, 0.64436978127842792219, 0.6418684722481849958, 0.64007389552189941639, 0.63899397851807870907, 0.63863343000411987305, 0.63899397851807870907, 0.64007389552189941639, 0.6418684722481849958, 0.64436978127842792219, 0.64756661627650491386, 0.6514446741121487916, 0.65598654732696259906, 0.66117143730411043201, 0.66697555564210808665, 0.67337185045685843399, 0.68033009810930433758, 0.68781686038051081944, 0.69579559958301384626, 0.70422649332274034339, 0.71306663215569821013, 0.72226989605413682849, 0.73178690499722875984, 0.7415652204492461097, 0.75154918672604731356, 0.76167994434392738423, 0.77189541534271255419, 0.78213036182127138041, 0.79231643253289407713, 0.80238205728796763161, 0.81225240230560302734, 0.82186598487639217492, 0.83122407396569875093, 0.84034263980076184808, 0.84923601881833776783, 0.85791717934710420845, 0.86639815368565520348, 0.87468964446724106754, 0.88280170101322852361, 0.8907435508218369824, 0.89852345447915871191, 0.90614925732722240159, 0.91362821701924457063, 0.92096704590675682045, 0.92817182368313733143, 0.9352484303555016476, 0.94220227249236143674, 0.94903839521914412636, 0.95576148747516753712, 0.96237605966356587484, 0.96888614469672373897, 0.9752957767734963257, 0.98160862997246867145, 0.98782808249998843575, 0.99395751371930640694, 1.]
time=[-1., 1.]
