last-generated=2015-05-08
statistics-simulation={'numerical Jacobians': '0', 'nonlinear': ' ', 'linear': ' '}
smoLim.y=[0.00100000004749745131, 0.48175367905717336736, 0.49900001287460327148, 0.49900001287460327148, 0.49900001287460327148, 0.49900001287460327148, 0.12533316747634798416, 0.00100000004749745131, 0.00100000004749745131, 0.00100000004749745131, 0.00100000004749745131, 0.00100000004749745131, 0.00100000004749745131, 0.24869011867726542597, 0.49900001287460327148, 0.49900001287460327148, 0.49900001287460327148, 0.49900001287460327148, 0.3681248716895293982, 0.00100000004749745131, 0.00100000004749745131, 0.00100000004749745131, 0.00100000004749745131, 0.00100000004749745131, 0.00100000004749745131, 0.00100000004749745131, 0.48175375936651615438, 0.49900001287460327148, 0.49900001287460327148, 0.49900001287460327148, 0.49900001287460327148, 0.12533335261026135043, 0.00100000004749745131, 0.00100000004749745131, 0.00100000004749745131, 0.00100000004749745131, 0.00100000004749745131, 0.00100000004749745131, 0.24869011867726542597, 0.49900001287460327148, 0.49900001287460327148, 0.49900001287460327148, 0.49900001287460327148, 0.3681248716895293982, 0.00100000004749745131, 0.00100000004749745131, 0.00100000004749745131, 0.00100000004749745131, 0.00100000004749745131, 0.00100000004749745131, 0.00100000004749745131, 0.48175375936529074572, 0.49900001287460327148, 0.49900001287460327148, 0.49900001287460327148, 0.49900001287460327148, 0.12533335261201611344, 0.00100000004749745131, 0.00100000004749745131, 0.00100000004749745131, 0.00100000004749745131, 0.00100000004749745131, 0.00100000004749745131, 0.24869011867385656944, 0.49900001287460327148, 0.49900001287460327148, 0.49900001287460327148, 0.49900001287460327148, 0.36812487168465324316, 0.00100000004749745131, 0.00100000004749745131, 0.00100000004749745131, 0.00100000004749745131, 0.00100000004749745131, 0.00100000004749745131, 0.00100000004749745131, 0.48175375936529074572, 0.49900001287460327148, 0.49900001287460327148, 0.49900001287460327148, 0.49900001287460327148, 0.12533335261201611344, 0.00100000004749745131, 0.00100000004749745131, 0.00100000004749745131, 0.00100000004749745131, 0.00100000004749745131, 0.00100000004749745131, 0.24869011867385656944, 0.49900001287460327148, 0.49900001287460327148, 0.49900001287460327148, 0.49900001287460327148, 0.36812487168465324316, 0.00100000004749745131, 0.00100000004749745131, 0.00100000004749745131, 0.00100000004749745131, 0.00100000004749745131, 0.00100000004749745131, 0.00100000004749745131]
time=[0., 1.]
