last-generated=2014-08-24
probe_source.V=[1.00000000000000000000, 1.00000000000000000000]
probe_loadRL.V=[0.92318457365036010742, 0.92318457365036010742]
probe_loadRC.V=[0.92318457365036010742, 0.92318457365036010742]
time=[0.00000000000000000000, 1.00000000000000000000]
