last-generated=2015-01-14
Rline_1.terminal_n.phase[1].i[2]=[-5.00000000000000000000, -5.00000000000000000000]
Rline_1.terminal_n.phase[1].i[1]=[5.00000000000000000000, 5.00000000000000000000]
Rline_2a.terminal_n.phase[1].i[2]=[-5.00000000000000000000, -5.00000000000000000000]
Rline_2a.terminal_n.phase[1].i[1]=[5.00000000000000000000, 5.00000000000000000000]
time=[0.00000000000000000000, 1.00000000000000000000]
Rline_3a.terminal_n.phase[1].i[2]=[-2.50000000000000000000, -2.50000000000000000000]
Rline_3a.terminal_n.phase[1].i[1]=[2.50000000000000000000, 2.50000000000000000000]
Rline_3b.terminal_n.phase[1].i[1]=[2.50000000000000000000, 2.50000000000000000000]
Rline_3b.terminal_n.phase[1].i[2]=[-2.50000000000000000000, -2.50000000000000000000]
