last-generated=2014-10-08
E.vPhase[1].terminal.v[1]=[277.12814331054687500000, 277.12814331054687500000]
R2.terminal.phase[1].v[1]=[138.56407165527343750000, 138.56407165527343750000]
R1.terminal.phase[1].v[1]=[138.56407165527343750000, 138.56407165527343750000]
R3.terminal.phase[1].v[1]=[138.56407165527343750000, 138.56407165527343750000]
time=[0.00000000000000000000, 1.00000000000000000000]
R2.load1.i[1]=[13.85640621185302734375, 13.85640621185302734375]
R1.load1.i[1]=[13.85640621185302734375, 13.85640621185302734375]
sc_load.load1.i[1]=[13.85640621185302734375, 13.85640621185302734375]
R3.load1.i[1]=[13.85640621185302734375, 13.85640621185302734375]
