last-generated=2015-02-06
TOut.T=[263.14999389648437500000, 263.14999389648437500000]
vol.T_start=[293.14999389648437500000, 293.14999389648437500000]
vol.T=[293.14999389648437500000, 268.29751586914062500000, 264.03408813476562500000, 263.30197143554687500000, 263.17562866210937500000, 263.15444946289062500000, 263.15127563476562500000, 263.15014648437500000000, 263.14990234375000000000, 263.14981079101562500000, 263.14987182617187500000, 263.14990234375000000000, 263.14993286132812500000, 263.14996337890625000000, 263.14999389648437500000, 263.14999389648437500000, 263.14999389648437500000, 265.81597900390625000000, 268.57812500000000000000, 269.05096435546875000000, 269.13278198242187500000, 269.14691162109375000000, 269.14916992187500000000, 269.14987182617187500000, 269.14999389648437500000, 269.14999389648437500000, 269.14999389648437500000, 269.14999389648437500000, 269.14999389648437500000, 269.14999389648437500000, 269.14999389648437500000, 269.14999389648437500000, 269.14999389648437500000, 269.14999389648437500000, 269.14999389648437500000, 269.14999389648437500000, 269.14999389648437500000, 269.14999389648437500000, 265.63400268554687500000, 263.57568359375000000000, 263.22302246093750000000, 263.16287231445312500000, 263.15206909179687500000, 263.15036010742187500000, 263.15011596679687500000, 263.15005493164062500000, 263.15002441406250000000, 263.15002441406250000000, 263.14999389648437500000, 263.14999389648437500000, 263.14999389648437500000, 263.14999389648437500000, 263.14999389648437500000, 263.14999389648437500000, 263.14999389648437500000, 263.14999389648437500000, 263.14999389648437500000, 263.14999389648437500000, 263.14999389648437500000, 263.14999389648437500000, 263.14999389648437500000, 263.14999389648437500000, 263.14999389648437500000, 263.14999389648437500000, 263.14999389648437500000, 263.14999389648437500000, 263.14999389648437500000, 265.81597900390625000000, 268.57812500000000000000, 269.05096435546875000000, 269.13278198242187500000, 269.14691162109375000000, 269.14916992187500000000, 269.14987182617187500000, 269.14999389648437500000, 269.14999389648437500000, 269.14999389648437500000, 269.14999389648437500000, 269.14999389648437500000, 269.14999389648437500000, 269.14999389648437500000, 269.14999389648437500000, 269.14999389648437500000, 269.14999389648437500000, 269.14999389648437500000, 269.14999389648437500000, 269.14999389648437500000, 269.14999389648437500000, 265.63400268554687500000, 263.57568359375000000000, 263.22302246093750000000, 263.16287231445312500000, 263.15206909179687500000, 263.15036010742187500000, 263.15011596679687500000, 263.15005493164062500000, 263.15002441406250000000, 263.15002441406250000000, 263.14999389648437500000, 263.14999389648437500000, 263.14999389648437500000]
time=[0.00000000000000000000, 172800.00000000000000000000]
