last-generated=2014-10-08
R2.load1.i[1]=[26.13572883605957031250, 26.13572883605957031250]
R2.load1.i[2]=[-0.07493173331022262573, -0.07493173331022262573]
R1.load1.i[2]=[-0.07493173331022262573, -0.07493173331022262573]
R3.load1.i[1]=[26.13572883605957031250, 26.13572883605957031250]
R3.load1.i[2]=[-0.07493173331022262573, -0.07493173331022262573]
R1.load1.i[1]=[26.13572883605957031250, 26.13572883605957031250]
time=[0.00000000000000000000, 1.00000000000000000000]
