last-generated=2014-10-03
probe_D_1.V[3]=[12470.00000000000000000000, 12470.00000000000000000000]
probe_D_1.V[2]=[12470.00000000000000000000, 12470.00000000000000000000]
probe_Y_1.V[2]=[7199.55761718750000000000, 7199.55761718750000000000]
probe_D_1.V[1]=[12470.00000000000000000000, 12470.00000000000000000000]
probe_Y_1.V[3]=[7199.55761718750000000000, 7199.55761718750000000000]
probe_Y_1.V[1]=[7199.55761718750000000000, 7199.55761718750000000000]
time=[0.00000000000000000000, 1.00000000000000000000]
probe_2.V[2]=[2376.35009765625000000000, 2376.35009765625000000000]
probe_2.V[3]=[2376.35009765625000000000, 2376.35009765625000000000]
probe_2.V[1]=[2376.35009765625000000000, 2376.35009765625000000000]
probe_Y_1.theta[3]=[2.09439516067504882812, 2.09439516067504882812]
probe_Y_1.theta[1]=[0.00000000000000000000, 0.00000000000000000000]
probe_Y_1.theta[2]=[-2.09439516067504882812, -2.09439516067504882812]
probe_D_1.theta[2]=[-1.57079637050628662109, -1.57079637050628662109]
probe_D_1.theta[1]=[0.52359879016876220703, 0.52359879016876220703]
probe_D_1.theta[3]=[2.61799383163452148438, 2.61799383163452148438]
probe_2.theta[1]=[-0.57820373773574829102, -0.57820373773574829102]
probe_2.theta[2]=[-2.67259883880615234375, -2.67259883880615234375]
probe_2.theta[3]=[1.51619136333465576172, 1.51619136333465576172]
