last-generated=2014-01-24
y=[286.00000000000000000000, 286.00000000000000000000]
time=[0.00000000000000000000, 1.00000000000000000000]
