last-generated=2014-02-12
smoothExponential.y=[0.36787945032119750977, 0.37531110661151734220, 0.38289287720649850533, 0.39062783174554638332, 0.39851903986809478209, 0.40656965910530307173, 0.41478291265384586994, 0.42316207264523830744, 0.43171051299302520832, 0.44043165130934552876, 0.44932895765177255365, 0.45840600187698288259, 0.46766641987408985592, 0.47711390712807644210, 0.48675224127080812808, 0.49658530359748942473, 0.50661701327053498822, 0.51685130411690161090, 0.52729242287301858472, 0.53794443864354424267, 0.54881161124881527869, 0.55989838382141532414, 0.57120907443130597425, 0.58274822941895287887, 0.59452057523885082357, 0.60653066635131835938, 0.61878342618982618006, 0.63128362734275256241, 0.64403641070665029744, 0.65704680587895480937, 0.67032001807757912726, 0.68386143120526499128, 0.69767631100280280698, 0.71177027746747478787, 0.72614901739582993212, 0.74081821134447856103, 0.75578371512607245286, 0.77105157833567328218, 0.78662789619632078608, 0.80251880800603769828, 0.81873076180096249210, 0.83527023198797878401, 0.85214378688894931724, 0.86935822914669480532, 0.88692045635551719496, 0.90483745249384706089, 0.92759422315575856821, 0.95423972914909505061, 0.97806467755990611490, 0.99427651182323983914, 1.00000000000000000000, 0.99427651182341514335, 0.97806461542485056970, 0.95423965038654245951, 0.92759430091595285184, 0.90483745249350466811, 0.88692045635558025563, 0.86935822914687987950, 0.85214373610986371421, 0.83527018227837979136, 0.81873081065915309651, 0.80251880800569486141, 0.78662789619620876458, 0.77105157833578263915, 0.75578371512639397345, 0.74081816724188331857, 0.72614906074314744533, 0.71177031990199624012, 0.69767631100265370403, 0.68386143120521658556, 0.67032001807781682601, 0.65704676675114404016, 0.64403644916421876054, 0.63128366499113408583, 0.61878342618964998767, 0.60653066635131835938, 0.59452055753089150247, 0.58274821208696070407, 0.57120904044738340932, 0.55989840054053729990, 0.54881162762410984346, 0.53794443864358254537, 0.52729242287313082826, 0.51685128874459718151, 0.50661698311982084064, 0.49658533323150405581, 0.48675225580372766254, 0.47711390712800849645, 0.46766641290932825514, 0.45840598824080686091, 0.44932893760583381138, 0.44043167760066276317, 0.43171052588469360778, 0.42316207896240276565, 0.41478290956516467025, 0.40656965003605488596, 0.39851902208607486999, 0.39062785361683899366, 0.38289289149870692208, 0.37531111361607055743, 0.36787945032119750977]
time=[0.00000000000000000000, 1.00000000000000000000]
