last-generated=2015-02-06
del.T=[283.14999389648437500000, 283.53555297851562500000, 284.00445556640625000000, 284.45056152343750000000, 284.87487792968750000000, 285.27844238281250000000, 285.66229248046875000000, 286.02746582031250000000, 286.37481689453125000000, 286.70523071289062500000, 287.01953125000000000000, 287.31851196289062500000, 287.60290527343750000000, 287.87344360351562500000, 288.13076782226562500000, 288.37554931640625000000, 288.60839843750000000000, 288.82989501953125000000, 289.04058837890625000000, 289.24099731445312500000, 289.43164062500000000000, 289.61297607421875000000, 289.78546142578125000000, 289.94955444335937500000, 290.10562133789062500000, 290.25408935546875000000, 290.39532470703125000000, 290.52966308593750000000, 290.65744018554687500000, 290.77899169921875000000, 290.89462280273437500000, 291.00460815429687500000, 291.10922241210937500000, 291.20877075195312500000, 291.30343627929687500000, 291.39349365234375000000, 291.47915649414062500000, 291.56063842773437500000, 291.63812255859375000000, 291.71185302734375000000, 291.78201293945312500000, 291.84872436523437500000, 291.91217041015625000000, 291.97253417968750000000, 292.02996826171875000000, 292.08459472656250000000, 292.13653564453125000000, 292.18597412109375000000, 292.23297119140625000000, 292.27770996093750000000, 292.32025146484375000000, 292.36071777343750000000, 292.39920043945312500000, 292.43582153320312500000, 292.47064208984375000000, 292.50378417968750000000, 292.53527832031250000000, 292.56527709960937500000, 292.59378051757812500000, 292.62091064453125000000, 292.64669799804687500000, 292.67126464843750000000, 292.69461059570312500000, 292.71679687500000000000, 292.73794555664062500000, 292.75802612304687500000, 292.77716064453125000000, 292.79531860351562500000, 292.81262207031250000000, 292.82907104492187500000, 292.84472656250000000000, 292.85961914062500000000, 292.87377929687500000000, 292.88723754882812500000, 292.90005493164062500000, 292.91226196289062500000, 292.92385864257812500000, 292.93487548828125000000, 292.94537353515625000000, 292.95535278320312500000, 292.96484375000000000000, 292.97387695312500000000, 292.98245239257812500000, 292.99063110351562500000, 292.99841308593750000000, 293.00579833984375000000, 293.01281738281250000000, 293.01950073242187500000, 293.02587890625000000000, 293.03192138671875000000, 293.03765869140625000000, 293.04315185546875000000, 293.04833984375000000000, 293.05331420898437500000, 293.05801391601562500000, 293.06250000000000000000, 293.06677246093750000000, 293.07083129882812500000, 293.07467651367187500000, 293.07833862304687500000, 293.08184814453125000000]
time=[0.00000000000000000000, 300.00000000000000000000]
