last-generated=2015-03-27
vol.T=[293.14999389648437500000, 293.96627806420747219818, 294.74960324851053883322, 295.50137320290383513566, 296.22274776044287136756, 296.91433715820312500000, 297.57818587959661726927, 298.21456916584776308810, 298.82504265308688218283, 299.41024793883087795621, 299.97143554687500000000, 300.50936877039191585936, 301.02511572501799719248, 301.51974510311151789210, 301.99420177049626090593, 302.44924926757812500000, 302.88562001488742225774, 303.30435161019073575517, 303.70596332146578788524, 304.09109506030659986209, 304.46069335937500000000, 304.81515535889809598302, 305.15512069019297314298, 305.48129287638602136212, 305.79415864217997977903, 306.09420776367187500000, 306.38208034602598672791, 306.65823351306596578070, 306.92309582630707609496, 307.17721533781127618568, 307.42095947265625000000, 307.65475485622323503776, 307.87902821517479878821, 308.09417734613828088186, 308.30059795084508778018, 308.49859619140625000000, 308.68853777431667140263, 308.87075797122082576607, 309.04556282541312839385, 309.21325667863112585110, 309.37411499023437500000, 309.52838149113824783853, 309.67630032415064533780, 309.81814548594388725178, 309.95425402262469560810, 310.08480834960937500000, 310.21002208907168551377, 310.33010886580473197682, 310.44525124889310063736, 310.55569447646837488719, 310.66165161132812500000, 310.76327524107193767122, 310.86074847233265927571, 310.95422345760727012021, 311.04385367565549813662, 311.12985229492187500000, 311.21237190286052509691, 311.29150405322445749334, 311.36737046315090537973, 311.44015496104833573554, 311.50997924804687500000, 311.57693487673537902083, 311.64120495331019355945, 311.70281970867642939993, 311.76190180002589613650, 311.81857299804687500000, 311.87295537276082768585, 311.92510996019711910776, 311.97512808011367724248, 312.02310176167515010093, 312.06912231445312500000, 312.11325077345833278741, 312.15557869215268738117, 312.19616691622644566451, 312.23510738534963593338, 312.27243041992187500000, 312.30822757238644271638, 312.34255987819057054367, 312.37548821925878428374, 312.40704342734534293413, 312.43728637695312500000, 312.46630848490417520225, 312.49414067651258619662, 312.52081293822379848280, 312.54638681362632723904, 312.57089233398437500000, 312.59442129882717154032, 312.61700443673083782414, 312.63867183454658515984, 312.65948494069567686893, 312.67947387695312500000, 312.69857780926560053558, 312.71691897936318582651, 312.73449703713487224377, 312.75134283630035270107, 312.76754760742187500000, 312.78305047890302148517, 312.79797366046051365629, 312.81228635017822625741, 312.82604985590904789206, 312.83926391601562500000]
time=[0.00000000000000000000, 10.00000000000000000000]
