last-generated=2014-01-23
polynominal.y=[1.00000000000000000000, 1.01999998137355607497, 1.03999996274711192790, 1.05999994412066667060, 1.08000004470346033791, 1.10000002235171678855, 1.12000000745054562046, 1.13999998509884559184, 1.15999997019773082307, 1.17999994039546174385, 1.20000004470343912821, 1.22000002980230459748, 1.24000001490108124891, 1.26000000000014211743, 1.27999997019769540252, 1.29999994039553290470, 1.32000005960453825615, 1.34000002980226917693, 1.35999999999978671283, 1.37999999999992906119, 1.39999997019776634133, 1.41999997019787294050, 1.44000005960460919496, 1.46000002980219800719, 1.48000002980216249782, 1.50000000000000000000, 1.52000000000028423486, 1.53999994039567500437, 1.55999994039539080504, 1.58000005960439615649, 1.59999999999964481745, 1.62000000000007116085, 1.64000000000021306512, 1.65999994039574594318, 1.67999994039546196589, 1.70000005960446709530, 1.71999999999957364771, 1.73999999999985788257, 1.76000000000014211743, 1.78000000000042635229, 1.79999994039553290470, 1.82000005960453825615, 1.84000005960425405682, 1.85999999999978671283, 1.87999999999992906119, 1.90000000000035518255, 1.91999994039560384351, 1.94000005960460919496, 1.96000005960432499563, 1.97999999999971576514, 2.00000000000000000000, 2.01999999999943158357, 2.03999999999886316715, 2.05999999999829475072, 2.07999988079198949720, 2.09999988079142108077, 2.11999988079071055580, 2.14000011920886334948, 2.16000011920829493306, 2.18000011920772651663, 2.20000000000142081902, 2.22000000000085240259, 2.24000000000028398617, 2.25999999999971601383, 2.27999999999914759741, 2.29999999999857918098, 2.31999988079227348337, 2.33999988079170506694, 2.35999988079113665052, 2.38000011920928944420, 2.40000011920857891923, 2.42000011920801050280, 2.44000000000170524928, 2.46000000000113683285, 2.48000000000056841643, 2.50000000000000000000, 2.51999999999943158357, 2.53999999999886316715, 2.55999999999829475072, 2.57999988079198949720, 2.59999988079142108077, 2.61999988079071055580, 2.64000011920886334948, 2.66000011920829493306, 2.68000011920772651663, 2.70000000000142081902, 2.72000000000085240259, 2.74000000000028398617, 2.75999999999971601383, 2.77999999999914759741, 2.79999999999857918098, 2.81999988079227348337, 2.83999988079170506694, 2.85999988079113665052, 2.88000011920928944420, 2.90000011920857891923, 2.92000011920801050280, 2.94000000000170524928, 2.96000000000113683285, 2.98000000000056841643, 3.00000000000000000000]
time=[0.00000000000000000000, 1.00000000000000000000]
