last-generated=2015-05-01
TOut.T=[263.14999389648437500000, 263.14999389648437500000]
vol.T_start=[293.14999389648437500000, 293.14999389648437500000]
vol.T=[293.14999389648437500000, 292.88296508789062500000, 293.12991333007812500000, 293.13589477539062500000, 293.13607788085937500000, 293.13613891601562500000, 293.13613891601562500000, 293.13613891601562500000, 293.13613891601562500000, 293.13613891601562500000, 293.13613891601562500000, 293.13613891601562500000, 293.13613891601562500000, 293.13613891601562500000, 293.13613891601562500000, 293.13613891601562500000, 293.13613891601562500000, 293.42562866210937500000, 291.96383666992187500000, 294.07662963867187500000, 293.01449584960937500000, 292.27511596679687500000, 294.28201293945312500000, 292.56188964843750000000, 292.63626098632812500000, 294.30032348632812500000, 292.08349609375000000000, 293.00140380859375000000, 294.16955566406250000000, 291.76232910156250000000, 293.35186767578125000000, 293.92224121093750000000, 291.71051025390625000000, 293.67767333984375000000, 293.58532714843744315658, 291.86032104492187500000, 293.97030639648437500000, 293.19375610351562500000, 293.28549194335937500000, 293.13772583007812500000, 293.13656616210937500000, 293.13626098632812500000, 293.13616943359375000000, 293.13616943359375000000, 293.13613891601562500000, 293.13613891601562500000, 293.13613891601562500000, 293.13613891601562500000, 293.13613891601562500000, 293.13613891601562500000, 293.13613891601562500000, 293.13613891601562500000, 293.13613891601562500000, 293.13613891601562500000, 293.13613891601562500000, 293.13613891601562500000, 293.13613891601562500000, 293.13613891601562500000, 293.13613891601562500000, 293.13613891601562500000, 293.13613891601562500000, 293.13613891601562500000, 293.13613891601562500000, 293.13613891601562500000, 293.13613891601562500000, 293.13613891601562500000, 293.13613891601562500000, 293.42562866210937500000, 291.96383666992193184342, 294.07662963867181815658, 293.01449584960943184342, 292.27511596679687500000, 294.28201293945312500000, 292.56188964843750000000, 292.63626098632812500000, 294.30032348632812500000, 292.08349609375000000000, 293.00140380859375000000, 294.16955566406250000000, 291.76232910156250000000, 293.35186767578125000000, 293.92224121093750000000, 291.71051025390625000000, 293.67767333984375000000, 293.58532714843750000000, 291.86032104492187500000, 293.97030639648437500000, 293.19375610351562500000, 293.28549194335937500000, 293.13772583007812500000, 293.13656616210937500000, 293.13626098632812500000, 293.13616943359375000000, 293.13616943359375000000, 293.13613891601562500000, 293.13613891601562500000, 293.13613891601562500000, 293.13613891601562500000, 293.13613891601562500000, 293.13613891601562500000, 293.13613891601562500000]
time=[0.00000000000000000000, 172800.00000000000000000000]
