last-generated=2015-03-09
RL.i[1]=[2.99051928520202636719, 2.99051928520202636719]
RL.i[2]=[-0.90687328577041625977, -0.90687328577041625977]
time=[0.00000000000000000000, 1.00000000000000000000]
sen.V=[1.00000000000000000000, 1.00000000000000000000]
sen.theta=[0.34906584024429321289, 0.34906584024429321289]
