last-generated=2014-10-08
Rline_1.terminal_n.phase[1].i[2]=[-5.00000000000000000000, -5.00000000000000000000]
Rline_1.terminal_n.phase[1].i[1]=[5.00000000000000000000, 5.00000000000000000000]
time=[0.00000000000000000000, 1.00000000000000000000]
Rline_2.terminal_n.phase[1].i[1]=[0.00000000000000000000, 0.00000000000000000000]
Rline_2.terminal_n.phase[1].i[2]=[10.00000000000000000000, 10.00000000000000000000]
