last-generated=2013-10-03
uacp.UAcp=[2.39501523971557617188, 2.39501523971557617188]
time=[0.00000000000000000000, 60.00000000000000000000]
uacp.bypass_nominal=[0.20256857573986053467, 0.20256857573986053467]
