last-generated=2014-06-04
sen.I=[5.00000000000000000000, 5.00000000000000000000]
time=[0.00000000000000000000, 1.00000000000000000000]
