last-generated=2015-03-09
sen_D.S[2]=[345600.00000000000000000000, 345600.00000000000000000000]
sen_Y.S[1]=[115200.00000000000000000000, 115200.00000000000000000000]
sen_Y.S[2]=[115200.00000000000000000000, 115200.00000000000000000000]
sen_D.S[1]=[345600.00000000000000000000, 345600.00000000000000000000]
time=[0.00000000000000000000, 1.00000000000000000000]
errorY=[0.00000000000727595761, 0.00000000000727595761]
errorD=[0.00000000010493535207, 0.00000000010493535207]
