last-generated=2014-02-12
regNonZeroPower.y=[0.06562499701976776123, 0.10000000255679768191, 0.14142136430053506291, 0.17320507955265232458, 0.20000000518814572970, 0.22360679338955208317, 0.24494897100636037202, 0.26457512321963244650, 0.28284272865684628728, 0.30000000592696246526, 0.31622776152325243748, 0.33166247695730172174, 0.34641015915175382700, 0.36055514875151661869, 0.37416574279003345094, 0.38729833784505418581, 0.40000001041689065007, 0.41231056830359680276, 0.42426406491893264850, 0.43588990245834380310, 0.44721358680476763769, 0.45825756309845439018, 0.46904158719013111511, 0.47958313982852546209, 0.48989794204626369023, 0.50000000000000000000, 0.50990195015627182151, 0.51961522260142312124, 0.52915024644540642473, 0.53851646958370336105, 0.54772256714829203883, 0.55677646184088736003, 0.56568545734289588101, 0.57445626307859687376, 0.58309518983810360027, 0.59160799291098387087, 0.60000001190433782661, 0.60827624405332247903, 0.61644143252384897558, 0.62449980925976500412, 0.63245552306444596802, 0.64031243603202769865, 0.64807410058566083944, 0.65574383189641283209, 0.66332495392066082029, 0.67082042389536034044, 0.67823302129964535556, 0.68556547251766453144, 0.69282031832756840739, 0.69999998126014828514, 0.70710676908493041992, 0.71414286565254847527, 0.72111029754035294026, 0.72801103170758973970, 0.73484693496334907437, 0.74161981731888582114, 0.74833148558432405206, 0.75498342987315480990, 0.76157731912559201159, 0.76811458386026287837, 0.77459667572870705143, 0.78102498330055303288, 0.78740077907803551760, 0.79372537436220258478, 0.80000002085443155941, 0.80622579144713879540, 0.81240384155498535090, 0.81853525810464811130, 0.82462113661674396603, 0.83066237116219521219, 0.83666003462277438452, 0.84261496147322878514, 0.84852812987350167973, 0.85440038517750316327, 0.86023252647769665735, 0.86602538824081420898, 0.87177980492733542217, 0.87749643219801587435, 0.88317610451958783457, 0.88881944402201029654, 0.89442717362224677391, 0.89999997483282079269, 0.90553850330217211528, 0.91104335508231448770, 0.91651512622229303062, 0.92195444005414239896, 0.92736183825293772021, 0.93273788434818594162, 0.93808317438448762804, 0.94339812559648772439, 0.94868333403461291287, 0.95393918569410207642, 0.95916627967135592581, 0.96436506138755961892, 0.96953594807497878172, 0.97467941656959622421, 0.97979588410979034929, 0.98488573766959053302, 0.98994945515976662254, 0.99498742339366275100, 1.00000000000000000000]
time=[0.00000000000000000000, 1.00000000000000000000]
