last-generated=2014-10-03
probe_D_1.V[3]=[12470.00000000000000000000, 12470.00000000000000000000]
probe_D_1.V[2]=[12470.00000000000000000000, 12470.00000000000000000000]
probe_Y_1.V[2]=[7199.55761718750000000000, 7199.55761718750000000000]
probe_D_1.V[1]=[12470.00000000000000000000, 12470.00000000000000000000]
probe_Y_1.V[3]=[7199.55761718750000000000, 7199.55761718750000000000]
probe_Y_1.V[1]=[7199.55761718750000000000, 7199.55761718750000000000]
time=[0.00000000000000000000, 1.00000000000000000000]
probe_2.V[2]=[2385.70336914062500000000, 2385.70336914062500000000]
probe_2.V[3]=[2385.70336914062500000000, 2385.70336914062500000000]
probe_2.V[1]=[2385.70336914062500000000, 2385.70336914062500000000]
probe_Y_1.theta[3]=[2.09439516067504882812, 2.09439516067504882812]
probe_Y_1.theta[1]=[0.00000000000000000000, 0.00000000000000000000]
probe_Y_1.theta[2]=[-2.09439516067504882812, -2.09439516067504882812]
probe_D_1.theta[2]=[-1.57079637050628662109, -1.57079637050628662109]
probe_D_1.theta[1]=[0.52359879016876220703, 0.52359879016876220703]
probe_D_1.theta[3]=[2.61799383163452148438, 2.61799383163452148438]
probe_2.theta[1]=[-0.02064149826765060425, -0.02064149826765060425]
probe_2.theta[2]=[-2.11503648757934570312, -2.11503648757934570312]
probe_2.theta[3]=[2.07375359535217285156, 2.07375359535217285156]
