simulateModel("Buildings.Fluid.AirFilters.Examples.SpaceCooling", startTime=15552000, stopTime=15638400, tolerance=1e-06,method="Cvode", resultFile="SpaceCooling");
createPlot(id=1, position={15, 15, 1272, 1163}, y={"C_inflow.y", "C_out.C"}, range={15560000.0, 15640000.0, -5.000000000000002E-09, 1.5000000000000005E-08}, autoscale=false, grid=true, subPlot=101, colors={{28,108,200}, {238,46,47}}, timeUnit="s");
createPlot(id=1, position={15, 15, 1272, 1163}, y={"fan.P"}, range={15560000.0, 15640000.0, 717.437, 717.44}, autoscale=false, grid=true, subPlot=102, colors={{28,108,200}}, timeUnit="s", displayUnits={"W"});
createPlot(id=1, position={15, 15, 1272, 1163}, y={"airFil.eps[1]"}, range={15550000.0, 15640000.0, 0.74994, 0.75002}, autoscale=false, grid=true, subPlot=103, colors={{28,108,200}}, timeUnit="s", displayUnits={"1"});
createPlot(id=1, position={15, 15, 1272, 1163}, y={"airFil.masAcc.mCon"}, range={15550000.0, 15640000.0, -0.0002, 0.0006000000000000001}, autoscale=false, grid=true, subPlot=104, colors={{28,108,200}}, timeUnit="s", displayUnits={"kg"});

